0.0194894644874591 0.586059033870697 0.00349727272987366 4.66294586658478e-05
0.0195076157341004 0.586059033870697 0.00349727272987366 4.66294586658478e-05
0.0214706726399789 0.586059033870697 0.00349727272987366 4.66294586658478e-05
0.0236312725192399 0.586059033870697 0.00349727272987366 4.66294586658478e-05
0.0260092941773403 0.586059033870697 0.00349727272987366 4.66294586658478e-05
0.02862661682957 0.586059033870697 0.00349727272987366 4.66294586658478e-05
0.0315073214028609 0.586059033870697 0.00349727272987366 4.66294586658478e-05
0.0346779120946542 0.586059033870697 0.00349727272987366 4.66294586658478e-05
0.0381675602272991 0.586059033870697 0.00349727272987366 4.66294586658478e-05
0.0420083726415892 0.586059033870697 0.00349727272987366 4.66294586658478e-05
0.0462787480746938 0.586059033870697 0.00349727272987366 4.66294586658478e-05
0.0509357916233132 0.586059033870697 0.00349727272987366 4.66294586658478e-05
0.056061474785492 0.586059033870697 0.00349727272987366 4.66294586658478e-05
0.0617029568985016 0.586059033870697 0.00349727272987366 4.66294586658478e-05
0.0679121429571029 0.586059033870697 0.0158364772796631 0.000164061784744263
0.0747461611704054 0.768446087837219 0.0322937369346619 0.000373803079128265
0.0822678885754094 0.967256665229797 0.0539620518684387 0.000451669096946716
0.0905465295431877 1.00701880455017 0.0539620518684387 0.000451669096946716
0.0996582525003081 1.9137766957283 0.0539620518684387 0.000451669096946716
0.109686890723714 1.9137766957283 0.0945106744766235 0.000573255121707916
0.120724713656792 1.9137766957283 0.0945106744766235 0.000746510922908783
0.132873275843195 2.74790793657303 0.0945106744766235 0.000746510922908783
0.146244351289115 2.74790793657303 0.126878976821899 0.000746510922908783
0.160960961850701 2.74790793657303 0.127434372901917 0.000870600342750549
0.177158509108387 2.74790793657303 0.153678059577942 0.00102252885699272
0.194986020142061 2.80583125352859 0.213497519493103 0.00123906880617142
0.214807390451206 2.80583125352859 0.271896660327911 0.00135328620672226
0.23642351909587 3.39448344707489 0.286689400672913 0.00154399871826172
0.260214884898814 3.51117664575577 0.369790196418762 0.00163941457867622
0.286400382592417 3.51117664575577 0.369790196418762 0.00208445265889168
0.315220934348083 3.56563341617584 0.38969886302948 0.00209968164563179
0.346941706403675 3.56563341617584 0.489935725927353 0.00274677947163582
0.381854548750803 3.56563341617584 0.567691564559937 0.00274677947163582
0.420280680328535 3.62527656555176 0.646373987197876 0.00274677947163582
0.462573644428912 3.84656143188477 0.72800800204277 0.00317336991429329
0.509122561505755 3.84656143188477 0.759518086910248 0.00332061201334
0.560355709314554 3.93300080299377 0.851959526538849 0.00381568446755409
0.616744463322841 3.98659324645996 0.920990645885468 0.00390730053186417
0.678807633645181 3.98659324645996 1.03321045637131 0.00433816760778427
0.74711623840516 4.04104995727539 1.22235344350338 0.00505982339382172
0.822298757442146 4.06265139579773 1.33951354026794 0.00554782152175903
0.90504691470005 4.17070913314819 1.49002832174301 0.00598624348640442
0.997049767162749 4.17070913314819 1.57045581936836 0.0068383626639843
1.0973831681079 4.17070913314819 1.73786920309067 0.00748676620423794
1.207813147656 4.17070913314819 1.99281039834023 0.00798969157040119
1.32935572737641 4.17070913314819 2.21534463763237 0.00848745368421078
1.46312917137724 4.17070913314819 2.344706594944 0.00942325033247471
1.61036427500108 4.19232761859894 2.51336884498596 0.00942325033247471
1.77241568887504 4.19232761859894 2.75983428955078 0.0108008254319429
1.95077438250316 4.19232761859894 3.04473459720612 0.0127149093896151
2.14708136207369 4.19232761859894 3.11010110378265 0.0127626992762089
2.36314276869316 4.19232761859894 3.50333639979362 0.0135461501777172
2.60094649596008 4.19232761859894 3.86097684502602 0.0152504108846188
2.86268047976978 4.19232761859894 4.08239078521729 0.0174966286867857
3.15075282862747 4.19232761859894 4.29001367092133 0.0174966286867857
3.46781397968047 4.19232761859894 4.70408797264099 0.0186711065471172
3.81678108431816 4.19232761859894 5.07770085334778 0.0207886323332787
4.2008648477019 4.19232761859894 5.19133388996124 0.0228439886122942
4.62790519502682 4.19232761859894 5.46537590026855 0.0235049519687891
5.09361260779729 4.19232761859894 5.47071468830109 0.025837229564786
5.6061842896419 4.19232761859894 5.63000595569611 0.0276368129998446
6.17033620525356 4.19232761859894 5.85790407657623 0.0306253023445606
6.79125888819023 4.19232761859894 5.98411750793457 0.0306253023445606
7.47466519687438 4.19232761859894 6.05223655700684 0.0313342660665512
8.22684287629239 4.19232761859894 6.37664568424225 0.0337794758379459
9.05471240899251 4.19232761859894 6.37664568424225 0.0366229824721813
9.96589068764523 4.19232761859894 6.43340635299683 0.0373319461941719
10.9687610949915 4.19232761859894 6.80400562286377 0.0379683300852776
12.072550635956 4.19232761859894 7.13123536109924 0.0379683300852776
13.2874148315868 4.19232761859894 7.41630887985229 0.0379683300852776
14.6245311558961 4.19232761859894 7.92799627780914 0.0379683300852776
16.0962018752773 4.19232761859894 8.1827552318573 0.0379683300852776
17.7159672366814 4.19232761859894 8.51961433887482 0.0379683300852776
19.4987300459514 4.19232761859894 8.97582638263702 0.0379683300852776
21.4808800919766 4.19232761859894 8.97582638263702 0.0379683300852776
23.6425071500281 4.19232761859894 10.4088490009308 0.0488047152757645
26.0216593522121 4.19232761859894 10.7414000034332 0.0488047152757645
28.6402263154973 4.19232761859894 11.5090947151184 0.0488995462656021
31.5223004152183 4.19232761859894 12.3367754220963 0.0488995462656021
34.6943984492749 4.19232761859894 12.3367754220963 0.0552741456776857
38.1857056084627 4.19232761859894 12.3367754220963 0.0768782868981361
42.0283439976073 4.19232761859894 14.4746608734131 0.0831393040716648
46.2576681780564 4.19232761859894 14.7243156433105 0.086808655411005
50.9125904506965 4.19232761859894 15.5210018157959 0.086808655411005
56.0359388722924 4.19232761859894 19.0742435455322 0.086808655411005
61.674851299112 4.19232761859894 20.6557743549347 0.087763324379921
67.8812090832727 4.19232761859894 22.8679267168045 0.117139518260956
74.7121144120754 4.19232761859894 25.185805439949 0.117234349250793
82.2304156821292 4.19232761859894 25.4137035608292 0.155143458396196
90.5052857420251 4.19232761859894 25.4137035608292 0.155143458396196
99.7056313992196 4.19232761859894 25.4137035608292 0.174571979790926
109.739037374665 4.19232761859894 25.4137035608292 0.174571979790926
120.782107840023 4.19232761859894 25.4137035608292 0.174571979790926
132.936445619368 4.19232761859894 25.4137035608292 0.174571979790926
146.313877857786 4.19232761859894 25.4137035608292 0.174571979790926
161.037484897703 4.19232761859894 25.4137035608292 0.174571979790926
177.242732691319 4.19232761859894 25.4137035608292 0.174571979790926
195.078719168039 4.19232761859894 25.4137035608292 0.174571979790926
214.709546024206 4.19232761859894 25.4137035608292 0.174571979790926
214.909512828253 4.19232761859894 25.4137035608292 0.174571979790926
