0.0194894644874591 0.586059033870697 0.0123823285102844 0.000169157981872559
0.0195076157341004 0.586059033870697 0.0123823285102844 0.000169157981872559
0.0214706726399789 0.586059033870697 0.0123823285102844 0.000169157981872559
0.0236312725192399 0.586059033870697 0.0123823285102844 0.000169157981872559
0.0260092941773403 0.586059033870697 0.0123823285102844 0.000169157981872559
0.02862661682957 0.586059033870697 0.0123823285102844 0.000169157981872559
0.0315073214028609 0.586059033870697 0.0123823285102844 0.000597510486841202
0.0346779120946542 0.586059033870697 0.0123823285102844 0.000597510486841202
0.0381675602272991 0.586059033870697 0.0123823285102844 0.000597510486841202
0.0420083726415892 0.586059033870697 0.0123823285102844 0.000597510486841202
0.0462787480746938 0.586059033870697 0.0123823285102844 0.000597510486841202
0.0509357916233132 0.586059033870697 0.0123823285102844 0.000597510486841202
0.056061474785492 0.586059033870697 0.0123823285102844 0.000597510486841202
0.0617029568985016 0.586059033870697 0.0123823285102844 0.000597510486841202
0.0679121429571029 0.651752918958664 0.19732878729701 0.000891640782356262
0.0747461611704054 0.768446087837219 0.280026197433472 0.00199492648243904
0.0822678885754094 0.967256665229797 0.280026197433472 0.00199492648243904
0.0905465295431877 1.00701880455017 0.33855926990509 0.00199492648243904
0.0996582525003081 1.9137766957283 0.420647382736206 0.00224745273590088
0.109686890723714 2.30101633071899 0.420647382736206 0.00225623697042465
0.120724713656792 2.30101633071899 0.440165042877197 0.00278217345476151
0.132873275843195 2.74790793657303 0.583825118839741 0.003644660115242
0.146244351289115 2.74790793657303 0.736589550971985 0.00370051711797714
0.160960961850701 2.74790793657303 0.743111461400986 0.00416518002748489
0.177158509108387 2.74790793657303 0.828355342149734 0.00559594109654427
0.194986020142061 2.80583125352859 0.829997365362942 0.00680886581540108
0.214807390451206 3.0089550614357 1.18616037815809 0.00816028751432896
0.23642351909587 3.39448344707489 1.18616037815809 0.00821004807949066
0.260214884898814 3.51117664575577 1.34182921051979 0.00997808761894703
0.286400382592417 3.51117664575577 1.52168598771095 0.0100141651928425
0.315220934348083 3.7056565284729 1.66490886732936 0.0110376514494419
0.346941706403675 3.7056565284729 1.77191105484962 0.0123766157776117
0.381854548750803 3.7056565284729 1.80228164792061 0.0149046778678894
0.420280680328535 3.70566511154175 1.97581943869591 0.0167277920991182
0.462573644428912 3.84656143188477 2.24908211827278 0.0184737369418144
0.509122561505755 3.93300080299377 2.33650997281075 0.019324267283082
0.560355709314554 3.93300080299377 2.45239225029945 0.0210923589766026
0.616744463322841 4.19232761859894 2.5975054204464 0.0243618339300156
0.678807633645181 4.19232761859894 2.63525521755219 0.0286220535635948
0.74711623840516 4.19232761859894 2.83186328411102 0.0320235304534435
0.822298757442146 4.19232761859894 2.87403041124344 0.0326054133474827
0.90504691470005 4.19232761859894 2.93447762727737 0.0351152792572975
0.997049767162749 4.19232761859894 3.13796383142471 0.0376469399780035
1.0973831681079 4.19232761859894 3.13796383142471 0.0406430959701538
1.207813147656 4.19232761859894 3.27513498067856 0.0430176258087158
1.32935572737641 4.19232761859894 3.27513498067856 0.0493082590401173
1.46312917137724 4.19232761859894 3.38520979881287 0.0519808791577816
1.61036427500108 4.19232761859894 3.56799030303955 0.0559819787740707
1.77241568887504 4.19232761859894 3.62767732143402 0.0598461031913757
1.95077438250316 4.19232761859894 3.84846317768097 0.0663847289979458
2.14708136207369 4.19232761859894 4.06112849712372 0.0704455301165581
2.36314276869316 4.19232761859894 4.17712354660034 0.0764097608625889
2.60094649596008 4.19232761859894 4.34199893474579 0.0823782868683338
2.86268047976978 4.19232761859894 4.34199893474579 0.09302693977952
3.15075282862747 4.19232761859894 4.40268051624298 0.097362007945776
3.46781397968047 4.19232761859894 4.44299423694611 0.0981808193027973
3.81678108431816 4.19232761859894 4.44299423694611 0.103904712945223
4.2008648477019 4.19232761859894 4.44299423694611 0.110543172806501
4.62790519502682 4.19232761859894 4.63235688209534 0.113178115338087
5.09361260779729 4.19232761859894 4.63235688209534 0.11816156283021
5.6061842896419 4.19232761859894 4.78380978107452 0.123736128211021
6.17033620525356 4.19232761859894 4.86372935771942 0.131113119423389
6.79125888819023 4.19232761859894 4.96644222736359 0.13592828437686
7.47466519687438 4.19232761859894 5.15408730506897 0.147276040166616
8.22684287629239 4.19232761859894 5.30554020404816 0.161532890051603
9.05471240899251 4.19232761859894 5.30554020404816 0.163740020245314
9.96589068764523 4.19232761859894 5.30554020404816 0.184092830866575
10.9687610949915 4.19232761859894 5.30554020404816 0.184100147336721
12.072550635956 4.19232761859894 5.30554020404816 0.192686378955841
13.2874148315868 4.19232761859894 5.30554020404816 0.198193565011024
14.6245311558961 4.19232761859894 5.30554020404816 0.21446967124939
16.0962018752773 4.19232761859894 5.30554020404816 0.228930354118347
17.7159672366814 4.19232761859894 5.30554020404816 0.228930354118347
19.4987300459514 4.19232761859894 5.30554020404816 0.246419161558151
21.4808800919766 4.19232761859894 5.30554020404816 0.273209284991026
23.6425071500281 4.19232761859894 5.30554020404816 0.314346466213465
26.0216593522121 4.19232761859894 5.30554020404816 0.319301228970289
28.6402263154973 4.19232761859894 5.30554020404816 0.339087385684252
31.5223004152183 4.19232761859894 5.30554020404816 0.382340308278799
34.6943984492749 4.19232761859894 5.30554020404816 0.429077945649624
38.1857056084627 4.19232761859894 5.30554020404816 0.46847827732563
42.0283439976073 4.19232761859894 5.30554020404816 0.46847827732563
46.2576681780564 4.19232761859894 5.30554020404816 0.509730219841003
50.9125904506965 4.19232761859894 5.30554020404816 0.509730219841003
56.0359388722924 4.19232761859894 5.30554020404816 0.509730219841003
61.674851299112 4.19232761859894 5.30554020404816 0.623185515403748
67.8812090832727 4.19232761859894 5.30554020404816 0.775934010744095
74.7121144120754 4.19232761859894 5.30554020404816 0.892070528119802
82.2304156821292 4.19232761859894 5.30554020404816 0.978208497166634
90.5052857420251 4.19232761859894 5.30554020404816 1.03200468420982
99.7056313992196 4.19232761859894 5.30554020404816 1.09166379272938
109.739037374665 4.19232761859894 5.30554020404816 1.09890097379684
120.782107840023 4.19232761859894 5.30554020404816 1.21235626935959
132.936445619368 4.19232761859894 5.30554020404816 1.21235626935959
146.313877857786 4.19232761859894 5.30554020404816 1.21235626935959
161.037484897703 4.19232761859894 5.30554020404816 1.72208648920059
177.242732691319 4.19232761859894 5.30554020404816 1.72208648920059
195.078719168039 4.19232761859894 5.30554020404816 2.19056476652622
214.709546024206 4.19232761859894 5.30554020404816 2.19056476652622
214.909512828253 4.19232761859894 5.30554020404816 2.19056476652622
