0.0194894644874591 0.586059033870697 0.00438815355300903 6.15790486335754e-05
0.0195076157341004 0.586059033870697 0.00438815355300903 6.15790486335754e-05
0.0214706726399789 0.586059033870697 0.00438815355300903 6.15790486335754e-05
0.0236312725192399 0.586059033870697 0.00438815355300903 6.15790486335754e-05
0.0260092941773403 0.586059033870697 0.00438815355300903 6.15790486335754e-05
0.02862661682957 0.586059033870697 0.00438815355300903 6.15790486335754e-05
0.0315073214028609 0.586059033870697 0.0186955630779266 6.15790486335754e-05
0.0346779120946542 0.586059033870697 0.0186955630779266 6.15790486335754e-05
0.0381675602272991 0.586059033870697 0.0186955630779266 6.15790486335754e-05
0.0420083726415892 0.586059033870697 0.0186955630779266 6.15790486335754e-05
0.0462787480746938 0.586059033870697 0.0186955630779266 0.000360958278179169
0.0509357916233132 0.586059033870697 0.0186955630779266 0.000360958278179169
0.056061474785492 0.586059033870697 0.0186955630779266 0.000360958278179169
0.0617029568985016 0.586059033870697 0.0186955630779266 0.000360958278179169
0.0679121429571029 0.651752918958664 0.257643550634384 0.000806666910648346
0.0747461611704054 0.768446087837219 0.270392119884491 0.00114835798740387
0.0822678885754094 0.967256665229797 0.270392119884491 0.00114835798740387
0.0905465295431877 1.00701880455017 0.326058030128479 0.00197508186101913
0.0996582525003081 1.9137766957283 0.376260995864868 0.00197508186101913
0.109686890723714 2.30101633071899 0.376260995864868 0.00305388122797012
0.120724713656792 2.30101633071899 0.42312103509903 0.00401289016008377
0.132873275843195 2.74790793657303 0.520221754908562 0.00401289016008377
0.146244351289115 2.74790793657303 0.646624326705933 0.00499254465103149
0.160960961850701 2.74790793657303 0.719205290079117 0.00568540394306183
0.177158509108387 2.74790793657303 0.742643117904663 0.00592620670795441
0.194986020142061 2.80583125352859 0.766701027750969 0.00707603245973587
0.214807390451206 3.0089550614357 1.09507223963737 0.00814123824238777
0.23642351909587 3.39448344707489 1.09507223963737 0.00980999320745468
0.260214884898814 3.51117664575577 1.2149909734726 0.0119470208883286
0.286400382592417 3.51117664575577 1.35182222723961 0.0119470208883286
0.315220934348083 3.7056565284729 1.49679988622665 0.0134523808956146
0.346941706403675 3.7056565284729 1.63433639705181 0.0147773064672947
0.381854548750803 3.7056565284729 1.68808001279831 0.0175717324018478
0.420280680328535 3.70566511154175 1.89739352464676 0.0180512741208076
0.462573644428912 3.84656143188477 2.06950831413269 0.0203641355037689
0.509122561505755 3.93300080299377 2.15711152553558 0.0215035825967789
0.560355709314554 3.93300080299377 2.30424922704697 0.0277401655912399
0.616744463322841 4.19232761859894 2.4634855389595 0.0277401655912399
0.678807633645181 4.19232761859894 2.52978080511093 0.031894363462925
0.74711623840516 4.19232761859894 2.71307164430618 0.0359110832214355
0.822298757442146 4.19232761859894 2.74659419059753 0.0365118384361267
0.90504691470005 4.19232761859894 2.86754435300827 0.0389240235090256
0.997049767162749 4.19232761859894 2.9510126709938 0.041895754635334
1.0973831681079 4.19232761859894 3.06856042146683 0.0460842698812485
1.207813147656 4.19232761859894 3.21729928255081 0.0506146028637886
1.32935572737641 4.19232761859894 3.38958317041397 0.0533939190208912
1.46312917137724 4.19232761859894 3.51295292377472 0.0556373819708824
1.61036427500108 4.19232761859894 3.66429215669632 0.0651223137974739
1.77241568887504 4.19232761859894 3.85002112388611 0.0692014060914516
1.95077438250316 4.19232761859894 4.05609059333801 0.0692014060914516
2.14708136207369 4.19232761859894 4.16614198684692 0.0728065744042397
2.36314276869316 4.19232761859894 4.38351678848267 0.0756800957024097
2.60094649596008 4.19232761859894 4.40537452697754 0.0760903544723988
2.86268047976978 4.19232761859894 4.50190711021423 0.0827076248824596
3.15075282862747 4.19232761859894 4.58477199077606 0.0956722646951675
3.46781397968047 4.19232761859894 4.58477199077606 0.0956722646951675
3.81678108431816 4.19232761859894 4.58477199077606 0.0975933000445366
4.2008648477019 4.19232761859894 4.63629043102264 0.107179179787636
4.62790519502682 4.19232761859894 4.63629043102264 0.128201611340046
5.09361260779729 4.19232761859894 4.64949548244476 0.134104207158089
5.6061842896419 4.19232761859894 4.67548525333405 0.134104207158089
6.17033620525356 4.19232761859894 4.9067941904068 0.134104207158089
6.79125888819023 4.19232761859894 4.9067941904068 0.134104207158089
7.47466519687438 4.19232761859894 4.91999924182892 0.134104207158089
8.22684287629239 4.19232761859894 5.04761898517609 0.161821946501732
9.05471240899251 4.19232761859894 5.05034780502319 0.193462379276752
9.96589068764523 4.19232761859894 5.05917143821716 0.193462379276752
10.9687610949915 4.19232761859894 5.05917143821716 0.193462379276752
12.072550635956 4.19232761859894 5.06391429901123 0.193462379276752
13.2874148315868 4.19232761859894 5.06391429901123 0.204207740724087
14.6245311558961 4.19232761859894 5.06391429901123 0.204207740724087
16.0962018752773 4.19232761859894 5.06391429901123 0.23244222253561
17.7159672366814 4.19232761859894 5.06391429901123 0.23540586233139
19.4987300459514 4.19232761859894 5.06391429901123 0.23540586233139
21.4808800919766 4.19232761859894 5.06391429901123 0.243187583982944
23.6425071500281 4.19232761859894 5.06391429901123 0.243187583982944
26.0216593522121 4.19232761859894 5.06391429901123 0.243187583982944
28.6402263154973 4.19232761859894 5.06391429901123 0.243187583982944
31.5223004152183 4.19232761859894 5.06391429901123 0.259714506566525
34.6943984492749 4.19232761859894 5.06391429901123 0.270459868013859
38.1857056084627 4.19232761859894 5.06391429901123 0.270459868013859
42.0283439976073 4.19232761859894 5.06391429901123 0.391052693128586
46.2576681780564 4.19232761859894 5.06391429901123 0.391052693128586
50.9125904506965 4.19232761859894 5.06391429901123 0.417229317128658
56.0359388722924 4.19232761859894 5.06391429901123 0.512768000364304
61.674851299112 4.19232761859894 5.06391429901123 0.512768000364304
67.8812090832727 4.19232761859894 5.06391429901123 0.551747843623161
74.7121144120754 4.19232761859894 5.06391429901123 0.551747843623161
82.2304156821292 4.19232761859894 5.06391429901123 0.579020127654076
90.5052857420251 4.19232761859894 5.06391429901123 0.579020127654076
99.7056313992196 4.19232761859894 5.06391429901123 0.579020127654076
109.739037374665 4.19232761859894 5.06391429901123 0.579020127654076
120.782107840023 4.19232761859894 5.06391429901123 0.579020127654076
132.936445619368 4.19232761859894 5.06391429901123 0.579020127654076
146.313877857786 4.19232761859894 5.06391429901123 0.579020127654076
161.037484897703 4.19232761859894 5.06391429901123 0.579020127654076
177.242732691319 4.19232761859894 5.06391429901123 0.579020127654076
195.078719168039 4.19232761859894 5.06391429901123 0.579020127654076
214.709546024206 4.19232761859894 5.06391429901123 0.579020127654076
214.909512828253 4.19232761859894 5.06391429901123 0.579020127654076
