0.0387145280838013 0.586059033870697 0.00349727272987366 4.66294586658478e-05
0.0387500300966981 0.586059033870697 0.00349727272987366 4.66294586658478e-05
0.0425866726076336 0.586059033870697 0.00349727272987366 4.66294586658478e-05
0.0468031812946723 0.586059033870697 0.00349727272987366 4.66294586658478e-05
0.0514371667278207 0.586059033870697 0.00349727272987366 4.66294586658478e-05
0.0565299633015929 0.586059033870697 0.00349727272987366 4.66294586658478e-05
0.0621269979310704 0.586059033870697 0.00349727272987366 4.66294586658478e-05
0.068278195252578 0.586059033870697 0.00349727272987366 4.66294586658478e-05
0.0750384229432996 0.586059033870697 0.00349727272987366 4.66294586658478e-05
0.0824679811320132 0.586059033870697 0.00349727272987366 4.66294586658478e-05
0.0907162527069789 0.586059033870697 0.00686931610107422 4.66294586658478e-05
0.0996980736423392 0.586059033870697 0.00686931610107422 4.66294586658478e-05
0.109569185139287 0.586059033870697 0.00686931610107422 4.66294586658478e-05
0.120417635902936 0.586059033870697 0.00686931610107422 4.66294586658478e-05
0.132340192345309 0.586059033870697 0.00686931610107422 4.66294586658478e-05
0.145443201725957 0.99837489426136 0.0183132290840149 0.00034603476524353
0.159843540752169 0.99837489426136 0.0398975014686584 0.000373803079128265
0.175669658100152 0.99837489426136 0.0398975014686584 0.000373803079128265
0.193062720156276 0.99837489426136 0.0539620518684387 0.000451669096946716
0.212177870198225 2.30101633071899 0.0539620518684387 0.000615846365690231
0.233185612247737 2.30101633071899 0.0730874538421631 0.000949554145336151
0.25627333193868 2.30101633071899 0.0945106744766235 0.000949554145336151
0.281646967966354 2.74790793657303 0.127434372901917 0.000949554145336151
0.309532849027073 2.74790793657303 0.127434372901917 0.000949554145336151
0.340179712633237 2.74790793657303 0.219339430332184 0.00111284852027893
0.373860923811385 2.74790793657303 0.219339430332184 0.00111284852027893
0.411253695994416 3.10663169622421 0.259304970502853 0.00135413184762001
0.451971945990459 3.13343650102615 0.286689400672913 0.00154399871826172
0.496721712052834 3.13343650102615 0.286689400672913 0.00182872265577316
0.54590215479858 3.56563341617584 0.337727606296539 0.0021747425198555
0.599951955758347 3.7056565284729 0.43440192937851 0.0021747425198555
0.659353230344131 3.7056565284729 0.496262788772583 0.00251379236578941
0.724635828240139 3.7056565284729 0.521865129470825 0.00251379236578941
0.796382059575582 3.7056565284729 0.579615831375122 0.00296998396515846
0.875231889036086 3.84656143188477 0.687517166137695 0.00319685041904449
0.961888644244345 3.84656143188477 0.828466802835464 0.00376472249627113
1.05712528932784 3.93300080299377 0.855959236621857 0.0039198026061058
1.16179131963283 3.93300080299377 0.868020415306091 0.00446189939975739
1.27682033908432 4.04104995727539 1.04632715880871 0.00491909682750702
1.4032383877809 4.04104995727539 1.25188958644867 0.00513801351189613
1.54217309410505 4.19232761859894 1.25188958644867 0.00534309446811676
1.69486373298454 4.19232761859894 1.47445774078369 0.00578299909830093
1.86438038854372 4.19232761859894 1.52757769823074 0.00694039091467857
2.0489727885339 4.19232761859894 1.75924688577652 0.00747698172926903
2.25184169172242 4.19232761859894 1.95152467489243 0.00878413021564484
2.4747966556489 4.19232761859894 2.08823621273041 0.0100794285535812
2.7198264022398 4.19232761859894 2.25064888596535 0.0111435651779175
2.98911655688376 4.19232761859894 2.35476917028427 0.0121848192065954
3.28506914385371 4.19232761859894 2.62030756473541 0.0144463256001472
3.61032401197175 4.19232761859894 2.838025867939 0.0148591380566359
3.96778238163021 4.19232761859894 2.98479998111725 0.0163980014622211
4.36063272320454 4.19232761859894 3.35283899307251 0.0182109158486128
4.79237919768918 4.19232761859894 3.59381288290024 0.0197698585689068
5.2668729132423 4.19232761859894 3.78010541200638 0.0203228257596493
5.78834627644265 4.19232761859894 3.97949093580246 0.0225172080099583
6.36145074466621 4.19232761859894 4.64113229513168 0.0233325995504856
6.99129831632754 4.19232761859894 4.79382717609406 0.0244564153254032
7.68350712907217 4.19232761859894 5.07770085334778 0.0269471220672131
8.45199512379247 4.19232761859894 5.22343012690544 0.0286581069231033
9.28882760400582 4.19232761859894 5.46537590026855 0.0308467522263527
10.2085149119472 4.19232761859894 5.5489649772644 0.032488789409399
11.2192605084528 4.19232761859894 5.71007549762726 0.0337116532027721
12.330080079446 4.19232761859894 5.98411750793457 0.0353986099362373
13.5508819543863 4.19232761859894 6.08377957344055 0.0363760255277157
14.8925554869521 4.19232761859894 6.17613661289215 0.0382005274295807
16.3670681863003 4.19232761859894 6.37664568424225 0.0398920141160488
17.9875724652967 4.19232761859894 6.63962483406067 0.0408009476959705
19.7685229578944 4.19232761859894 6.80400562286377 0.0408009476959705
21.7258054521118 4.19232761859894 6.97624182701111 0.0408009476959705
23.8768785886714 4.19232761859894 7.50220020115376 0.0408009476959705
26.2409295892292 4.19232761859894 7.79404950141907 0.0435929633677006
28.8390454032626 4.19232761859894 8.33063817024231 0.0436790511012077
31.6944008002223 4.19232761859894 8.88140296936035 0.0442293472588062
34.8324650846968 4.19232761859894 9.6116898059845 0.0456452630460262
38.3163339475004 4.19232761859894 10.1169997006655 0.0488995462656021
42.1100361799719 4.19232761859894 10.9321718961 0.0643595959991217
46.2793530693252 4.19232761859894 11.5090947151184 0.0708806067705154
50.8614742424258 4.19232761859894 12.1164834499359 0.0797109045088291
55.8972714730444 4.19232761859894 12.3367754220963 0.0797109045088291
61.4316632514152 4.19232761859894 14.4746608734131 0.0797109045088291
67.5140154498445 4.19232761859894 14.4746608734131 0.087763324379921
74.1985816582434 4.19232761859894 15.5210018157959 0.117139518260956
81.5449871173038 4.19232761859894 19.0742435455322 0.117234349250793
89.6187605659235 4.19232761859894 20.6557743549347 0.140545528382063
98.4919187468734 4.19232761859894 22.8679267168045 0.14804570749402
108.243608784401 4.19232761859894 24.9388725757599 0.164641611278057
118.960814163673 4.19232761859894 25.4137035608292 0.179260969161987
130.739130609284 4.19232761859894 25.4137035608292 0.198689490556717
143.683618783529 4.19232761859894 25.4137035608292 0.198689490556717
157.909741410383 4.19232761859894 25.4137035608292 0.198689490556717
173.703536936922 4.19232761859894 25.4137035608292 0.267024293541908
190.901933233621 4.19232761859894 25.4137035608292 0.267024293541908
209.803143649102 4.19232761859894 25.4137035608292 0.346735198050737
230.575763898515 4.19232761859894 25.4137035608292 0.353832948952913
253.405082367608 4.19232761859894 25.4137035608292 0.353832948952913
278.494732854913 4.19232761859894 25.4137035608292 0.353832948952913
306.068510952025 4.19232761859894 25.4137035608292 0.353832948952913
336.372370263797 4.19232761859894 25.4137035608292 0.353832948952913
369.676616274388 4.19232761859894 25.4137035608292 0.353832948952913
370.015617281199 4.19232761859894 25.4137035608292 0.353832948952913
