0.0387145280838013 0.586059033870697 0.00438815355300903 6.15790486335754e-05
0.0387500300966981 0.586059033870697 0.00438815355300903 6.15790486335754e-05
0.0425866726076336 0.586059033870697 0.00438815355300903 6.15790486335754e-05
0.0468031812946723 0.586059033870697 0.00438815355300903 6.15790486335754e-05
0.0514371667278207 0.586059033870697 0.00438815355300903 6.15790486335754e-05
0.0565299633015929 0.586059033870697 0.00438815355300903 6.15790486335754e-05
0.0621269979310704 0.586059033870697 0.00438815355300903 6.15790486335754e-05
0.068278195252578 0.586059033870697 0.00438815355300903 6.15790486335754e-05
0.0750384229432996 0.586059033870697 0.0186955630779266 6.15790486335754e-05
0.0824679811320132 0.586059033870697 0.0186955630779266 6.15790486335754e-05
0.0907162527069789 0.586059033870697 0.0186955630779266 0.000360958278179169
0.0996980736423392 0.586059033870697 0.0186955630779266 0.000360958278179169
0.109569185139287 0.586059033870697 0.0186955630779266 0.000360958278179169
0.120417635902936 0.586059033870697 0.0186955630779266 0.000360958278179169
0.132340192345309 0.586059033870697 0.0186955630779266 0.000360958278179169
0.145443201725957 0.99837489426136 0.257643550634384 0.000806666910648346
0.159843540752169 0.99837489426136 0.270392119884491 0.0024956613779068
0.175669658100152 0.99837489426136 0.326058030128479 0.0024956613779068
0.193062720156276 0.99837489426136 0.326058030128479 0.0024956613779068
0.212177870198225 2.30101633071899 0.376260995864868 0.00373518839478493
0.233185612247737 2.30101633071899 0.565796732902527 0.00373518839478493
0.25627333193868 2.30101633071899 0.565796732902527 0.00373518839478493
0.281646967966354 2.74790793657303 0.588370501995087 0.00481866300106049
0.309532849027073 2.74790793657303 0.67656621336937 0.0056835263967514
0.340179712633237 2.74790793657303 0.77237606048584 0.0056835263967514
0.373860923811385 2.74790793657303 0.84760844707489 0.00732403993606567
0.411253695994416 3.10663169622421 1.09507223963737 0.00774560868740082
0.451971945990459 3.13343650102615 1.09507223963737 0.00836188346147537
0.496721712052834 3.13343650102615 1.09507223963737 0.0105015113949776
0.54590215479858 3.56563341617584 1.4909970164299 0.0112909078598022
0.599951955758347 3.7056565284729 1.4909970164299 0.0119761861860752
0.659353230344131 3.7056565284729 1.66400474309921 0.0139345526695251
0.724635828240139 3.7056565284729 1.66981314122677 0.0149013102054596
0.796382059575582 3.7056565284729 1.92348951101303 0.0175717324018478
0.875231889036086 3.84656143188477 2.06950831413269 0.0184783861041069
0.961888644244345 3.84656143188477 2.06950831413269 0.0199908465147018
1.05712528932784 3.93300080299377 2.06950831413269 0.0219255872070789
1.16179131963283 3.93300080299377 2.27681386470795 0.023957185447216
1.27682033908432 4.04104995727539 2.522709608078 0.0276442132890224
1.4032383877809 4.04104995727539 2.522709608078 0.031894363462925
1.54217309410505 4.19232761859894 2.54230779409409 0.0366582721471786
1.69486373298454 4.19232761859894 2.71307164430618 0.0382145121693611
1.86438038854372 4.19232761859894 2.82813090085983 0.0385761633515358
2.0489727885339 4.19232761859894 3.04327529668808 0.0438467636704445
2.25184169172242 4.19232761859894 3.11756533384323 0.0458213910460472
2.4747966556489 4.19232761859894 3.44283545017242 0.0483058579266071
2.7198264022398 4.19232761859894 3.46126610040665 0.0535644516348839
2.98911655688376 4.19232761859894 3.69530773162842 0.0577038899064064
3.28506914385371 4.19232761859894 3.77738696336746 0.0678800567984581
3.61032401197175 4.19232761859894 3.93171030282974 0.0692014060914516
3.96778238163021 4.19232761859894 4.0375360250473 0.0692014060914516
4.36063272320454 4.19232761859894 4.35365688800812 0.0717419758439064
4.79237919768918 4.19232761859894 4.4253261089325 0.083351656794548
5.2668729132423 4.19232761859894 4.4253261089325 0.0845853462815285
5.78834627644265 4.19232761859894 4.50190711021423 0.0886287726461887
6.36145074466621 4.19232761859894 4.58477199077606 0.0950925350189209
6.99129831632754 4.19232761859894 4.58477199077606 0.102119855582714
7.68350712907217 4.19232761859894 4.58477199077606 0.108669057488441
8.45199512379247 4.19232761859894 4.58477199077606 0.128201611340046
9.28882760400582 4.19232761859894 4.67548525333405 0.134104207158089
10.2085149119472 4.19232761859894 4.9067941904068 0.150514163076878
11.2192605084528 4.19232761859894 4.9067941904068 0.150514163076878
12.330080079446 4.19232761859894 4.9067941904068 0.175422318279743
13.5508819543863 4.19232761859894 4.9225389957428 0.193462379276752
14.8925554869521 4.19232761859894 4.98289549350739 0.193462379276752
16.3670681863003 4.19232761859894 5.04761898517609 0.193462379276752
17.9875724652967 4.19232761859894 5.05034780502319 0.204207740724087
19.7685229578944 4.19232761859894 5.05034780502319 0.204207740724087
21.7258054521118 4.19232761859894 5.05917143821716 0.23244222253561
23.8768785886714 4.19232761859894 5.05917143821716 0.23540586233139
26.2409295892292 4.19232761859894 5.06391429901123 0.23540586233139
28.8390454032626 4.19232761859894 5.06391429901123 0.243187583982944
31.6944008002223 4.19232761859894 5.06391429901123 0.243187583982944
34.8324650846968 4.19232761859894 5.06391429901123 0.243187583982944
38.3163339475004 4.19232761859894 5.06391429901123 0.243187583982944
42.1100361799719 4.19232761859894 5.06391429901123 0.243187583982944
46.2793530693252 4.19232761859894 5.06391429901123 0.243187583982944
50.8614742424258 4.19232761859894 5.06391429901123 0.243187583982944
55.8972714730444 4.19232761859894 5.06391429901123 0.243187583982944
61.4316632514152 4.19232761859894 5.06391429901123 0.391052693128586
67.5140154498445 4.19232761859894 5.06391429901123 0.391052693128586
74.1985816582434 4.19232761859894 5.06391429901123 0.417229317128658
81.5449871173038 4.19232761859894 5.06391429901123 0.512768000364304
89.6187605659235 4.19232761859894 5.06391429901123 0.512768000364304
98.4919187468734 4.19232761859894 5.06391429901123 0.551747843623161
108.243608784401 4.19232761859894 5.06391429901123 0.551747843623161
118.960814163673 4.19232761859894 5.06391429901123 0.552995383739471
130.739130609284 4.19232761859894 5.06391429901123 0.552995383739471
143.683618783529 4.19232761859894 5.06391429901123 0.579020127654076
157.909741410383 4.19232761859894 5.06391429901123 0.579020127654076
173.703536936922 4.19232761859894 5.06391429901123 0.579020127654076
190.901933233621 4.19232761859894 5.06391429901123 0.579020127654076
209.803143649102 4.19232761859894 5.06391429901123 0.579020127654076
230.575763898515 4.19232761859894 5.06391429901123 0.579020127654076
253.405082367608 4.19232761859894 5.06391429901123 0.579020127654076
278.494732854913 4.19232761859894 5.06391429901123 0.579020127654076
306.068510952025 4.19232761859894 5.06391429901123 0.579020127654076
336.372370263797 4.19232761859894 5.06391429901123 0.579020127654076
369.676616274388 4.19232761859894 5.06391429901123 0.579020127654076
370.015617281199 4.19232761859894 5.06391429901123 0.579020127654076
