0.0194894644874591 0.586059033870697 0.0161841511726379 0.000285234302282333
0.0195076157341004 0.586059033870697 0.0161841511726379 0.000285234302282333
0.0214706726399789 0.586059033870697 0.0161841511726379 0.000285234302282333
0.0236312725192399 0.586059033870697 0.0161841511726379 0.000285234302282333
0.0260092941773403 0.586059033870697 0.0161841511726379 0.000285234302282333
0.02862661682957 0.586059033870697 0.0161841511726379 0.000285234302282333
0.0315073214028609 0.586059033870697 0.0161841511726379 0.000285234302282333
0.0346779120946542 0.586059033870697 0.0161841511726379 0.000285234302282333
0.0381675602272991 0.586059033870697 0.0161841511726379 0.000285234302282333
0.0420083726415892 0.586059033870697 0.0161841511726379 0.000285234302282333
0.0462787480746938 0.586059033870697 0.0279335975646973 0.000285234302282333
0.0509357916233132 0.586059033870697 0.0279335975646973 0.000285234302282333
0.056061474785492 0.586059033870697 0.0279335975646973 0.000285234302282333
0.0617029568985016 0.586059033870697 0.0279335975646973 0.000285234302282333
0.0679121429571029 0.651752918958664 0.224445328116417 0.000917024910449982
0.0747461611704054 0.768446087837219 0.316882193088531 0.00131823867559433
0.0822678885754094 0.967256665229797 0.316882193088531 0.0016840323805809
0.0905465295431877 1.00701880455017 0.328056573867798 0.0016840323805809
0.0996582525003081 1.9137766957283 0.415318787097931 0.00288031250238419
0.109686890723714 2.30101633071899 0.415318787097931 0.00351916998624802
0.120724713656792 2.30101633071899 0.425923228263855 0.00486631691455841
0.132873275843195 2.74790793657303 0.497899860143661 0.00486631691455841
0.146244351289115 2.74790793657303 0.635111570358276 0.00640658289194107
0.160960961850701 2.74790793657303 0.683073714375496 0.00640658289194107
0.177158509108387 2.74790793657303 0.828219324350357 0.00640658289194107
0.194986020142061 2.80583125352859 0.828219324350357 0.00704491510987282
0.214807390451206 3.0089550614357 1.08346509933472 0.00988249480724335
0.23642351909587 3.39448344707489 1.08346509933472 0.0107455104589462
0.260214884898814 3.51117664575577 1.15274628996849 0.0115108340978622
0.286400382592417 3.51117664575577 1.33967491984367 0.0124505907297134
0.315220934348083 3.7056565284729 1.49597814679146 0.013740099966526
0.346941706403675 3.7056565284729 1.60701993107796 0.0156087353825569
0.381854548750803 3.7056565284729 1.7204053401947 0.0164239406585693
0.420280680328535 3.70566511154175 1.84826612472534 0.0184195041656494
0.462573644428912 3.84656143188477 1.90893507003784 0.0257988274097443
0.509122561505755 3.93300080299377 2.10733079910278 0.0257988274097443
0.560355709314554 3.93300080299377 2.28939235210419 0.0259821005165577
0.616744463322841 4.19232761859894 2.28939235210419 0.0280456356704235
0.678807633645181 4.19232761859894 2.48970723152161 0.0335359200835228
0.74711623840516 4.19232761859894 2.62660014629364 0.0367158800363541
0.822298757442146 4.19232761859894 2.69879698753357 0.0433200150728226
0.90504691470005 4.19232761859894 2.91749310493469 0.046329066157341
0.997049767162749 4.19232761859894 3.00644910335541 0.0498394519090652
1.0973831681079 4.19232761859894 3.08030551671982 0.0512815341353416
1.207813147656 4.19232761859894 3.12991893291473 0.0577600970864296
1.32935572737641 4.19232761859894 3.33710515499115 0.0632676407694817
1.46312917137724 4.19232761859894 3.43121993541718 0.0721361488103867
1.61036427500108 4.19232761859894 3.47202098369598 0.0749024450778961
1.77241568887504 4.19232761859894 3.60232245922089 0.0749024450778961
1.95077438250316 4.19232761859894 3.67469334602356 0.0806281566619873
2.14708136207369 4.19232761859894 3.79585373401642 0.0854963511228561
2.36314276869316 4.19232761859894 4.03389394283295 0.0914295464754105
2.60094649596008 4.19232761859894 4.06919991970062 0.0921749994158745
2.86268047976978 4.19232761859894 4.25831162929535 0.101946927607059
3.15075282862747 4.19232761859894 4.37961685657501 0.110525451600552
3.46781397968047 4.19232761859894 4.37961685657501 0.118698067963123
3.81678108431816 4.19232761859894 4.37961685657501 0.134116433560848
4.2008648477019 4.19232761859894 4.37961685657501 0.150970220565796
4.62790519502682 4.19232761859894 4.38855981826782 0.152698390185833
5.09361260779729 4.19232761859894 4.38855981826782 0.165951035916805
5.6061842896419 4.19232761859894 4.39288127422333 0.186113312840462
6.17033620525356 4.19232761859894 4.54316914081573 0.194798231124878
6.79125888819023 4.19232761859894 4.65606439113617 0.206585049629211
7.47466519687438 4.19232761859894 4.69373512268066 0.230352722108364
8.22684287629239 4.19232761859894 4.69373512268066 0.243719451129436
9.05471240899251 4.19232761859894 4.69373512268066 0.271411657333374
9.96589068764523 4.19232761859894 4.69373512268066 0.306445948779583
10.9687610949915 4.19232761859894 4.69373512268066 0.330429315567017
12.072550635956 4.19232761859894 4.85218298435211 0.350871630012989
13.2874148315868 4.19232761859894 4.85218298435211 0.383393965661526
14.6245311558961 4.19232761859894 4.85218298435211 0.418238662183285
16.0962018752773 4.19232761859894 4.85218298435211 0.446652375161648
17.7159672366814 4.19232761859894 4.85218298435211 0.472832679748535
19.4987300459514 4.19232761859894 4.85218298435211 0.514820002019405
21.4808800919766 4.19232761859894 4.85218298435211 0.563088566064835
23.6425071500281 4.19232761859894 4.85218298435211 0.615641236305237
26.0216593522121 4.19232761859894 4.85218298435211 0.679306767880917
28.6402263154973 4.19232761859894 4.85218298435211 0.732359491288662
31.5223004152183 4.19232761859894 4.85218298435211 0.795617900788784
34.6943984492749 4.19232761859894 4.85218298435211 0.844059579074383
38.1857056084627 4.19232761859894 4.85218298435211 0.881266809999943
42.0283439976073 4.19232761859894 4.85218298435211 0.881266809999943
46.2576681780564 4.19232761859894 4.85218298435211 0.929942011833191
50.9125904506965 4.19232761859894 4.85218298435211 1.2326443195343
56.0359388722924 4.19232761859894 4.85218298435211 1.40277469158173
61.674851299112 4.19232761859894 4.85218298435211 1.5143435895443
67.8812090832727 4.19232761859894 4.85218298435211 1.66904476284981
74.7121144120754 4.19232761859894 4.85218298435211 1.83120018988848
82.2304156821292 4.19232761859894 4.85218298435211 1.97316055744886
90.5052857420251 4.19232761859894 4.85218298435211 2.01262984424829
99.7056313992196 4.19232761859894 4.85218298435211 2.01262984424829
109.739037374665 4.19232761859894 4.85218298435211 2.07960796356201
120.782107840023 4.19232761859894 4.85218298435211 2.28556144237518
132.936445619368 4.19232761859894 4.85218298435211 2.28556144237518
146.313877857786 4.19232761859894 4.85218298435211 2.28556144237518
161.037484897703 4.19232761859894 4.85218298435211 3.1079398393631
177.242732691319 4.19232761859894 4.85218298435211 3.1079398393631
195.078719168039 4.19232761859894 4.85218298435211 3.93966112285852
214.709546024206 4.19232761859894 4.85218298435211 3.93966112285852
214.909512828253 4.19232761859894 4.85218298435211 3.93966112285852
