0.0387145280838013 0.586059033870697 0.000809729099273682 1.37202441692352e-05
0.0387500300966981 0.586059033870697 0.000809729099273682 1.37202441692352e-05
0.0425866726076336 0.586059033870697 0.000809729099273682 1.37202441692352e-05
0.0468031812946723 0.586059033870697 0.000809729099273682 1.37202441692352e-05
0.0514371667278207 0.586059033870697 0.000809729099273682 1.37202441692352e-05
0.0565299633015929 0.586059033870697 0.000809729099273682 1.37202441692352e-05
0.0621269979310704 0.586059033870697 0.000809729099273682 1.37202441692352e-05
0.068278195252578 0.586059033870697 0.000809729099273682 1.37202441692352e-05
0.0750384229432996 0.586059033870697 0.000809729099273682 6.71893358230591e-05
0.0824679811320132 0.586059033870697 0.000809729099273682 6.71893358230591e-05
0.0907162527069789 0.586059033870697 0.0031808614730835 0.000144517049193382
0.0996980736423392 0.586059033870697 0.0031808614730835 0.000144517049193382
0.109569185139287 0.586059033870697 0.0031808614730835 0.000144517049193382
0.120417635902936 0.586059033870697 0.0031808614730835 0.000144517049193382
0.132340192345309 0.586059033870697 0.0031808614730835 0.000144517049193382
0.145443201725957 0.99837489426136 0.0217054486274719 0.000689789652824402
0.159843540752169 0.99837489426136 0.0227258205413818 0.000689789652824402
0.175669658100152 0.99837489426136 0.0227258205413818 0.000689789652824402
0.193062720156276 0.99837489426136 0.0227258205413818 0.000689789652824402
0.212177870198225 2.30101633071899 0.0528730154037476 0.001124557107687
0.233185612247737 2.30101633071899 0.0807284712791443 0.001124557107687
0.25627333193868 2.30101633071899 0.132030010223389 0.001124557107687
0.281646967966354 2.74790793657303 0.132030010223389 0.00137088261544704
0.309532849027073 2.74790793657303 0.136201024055481 0.00157228484749794
0.340179712633237 2.74790793657303 0.212349951267242 0.00201131403446198
0.373860923811385 2.74790793657303 0.283451020717621 0.00227221846580505
0.411253695994416 3.10663169622421 0.322786282747984 0.00227221846580505
0.451971945990459 3.13343650102615 0.384584188461304 0.0026759896427393
0.496721712052834 3.13343650102615 0.384584188461304 0.00305436551570892
0.54590215479858 3.56563341617584 0.384584188461304 0.00319731421768665
0.599951955758347 3.7056565284729 0.48479637503624 0.00330298580229282
0.659353230344131 3.7056565284729 0.585255712270737 0.00441650114953518
0.724635828240139 3.7056565284729 0.767547160387039 0.00485400483012199
0.796382059575582 3.7056565284729 0.767547160387039 0.00504174083471298
0.875231889036086 3.84656143188477 0.849656641483307 0.00631877966225147
0.961888644244345 3.84656143188477 0.988938361406326 0.00643974170088768
1.05712528932784 3.93300080299377 1.09555913507938 0.00643974170088768
1.16179131963283 3.93300080299377 1.11609824746847 0.00741187296807766
1.27682033908432 4.04104995727539 1.25594282150269 0.00788579136133194
1.4032383877809 4.04104995727539 1.53662565350533 0.00903302244842052
1.54217309410505 4.19232761859894 1.54570224881172 0.00933501869440079
1.69486373298454 4.19232761859894 1.70916241407394 0.0102456137537956
1.86438038854372 4.19232761859894 1.90253476798534 0.0113830007612705
2.0489727885339 4.19232761859894 2.08220810443163 0.0119649320840836
2.25184169172242 4.19232761859894 2.27131617069244 0.0124451629817486
2.4747966556489 4.19232761859894 2.37982272356749 0.0133717283606529
2.7198264022398 4.19232761859894 2.56140846014023 0.014231126755476
2.98911655688376 4.19232761859894 2.63672947138548 0.0145906321704388
3.28506914385371 4.19232761859894 2.67821025103331 0.0149219445884228
3.61032401197175 4.19232761859894 2.81598228961229 0.0158814061433077
3.96778238163021 4.19232761859894 2.96730683371425 0.0160048399120569
4.36063272320454 4.19232761859894 3.21460616588593 0.0167368426918983
4.79237919768918 4.19232761859894 3.37525860965252 0.0177906099706888
5.2668729132423 4.19232761859894 3.56959407776594 0.0185254868119955
5.78834627644265 4.19232761859894 3.69613036513329 0.0192731600254774
6.36145074466621 4.19232761859894 3.9816435277462 0.020095500163734
6.99129831632754 4.19232761859894 4.47235750406981 0.0205998094752431
7.68350712907217 4.19232761859894 4.58892971277237 0.0207568155601621
8.45199512379247 4.19232761859894 4.71374163031578 0.0209190296009183
9.28882760400582 4.19232761859894 4.9421718120575 0.0217297775670886
10.2085149119472 4.19232761859894 5.47935230284929 0.0224251402541995
11.2192605084528 4.19232761859894 5.68687328696251 0.0224251402541995
12.330080079446 4.19232761859894 5.80198857188225 0.0224251402541995
13.5508819543863 4.19232761859894 6.1166718006134 0.0241914018988609
14.8925554869521 4.19232761859894 6.38915663957596 0.0256663896143436
16.3670681863003 4.19232761859894 7.10579830408096 0.025921892374754
17.9875724652967 4.19232761859894 7.48083862662315 0.025921892374754
19.7685229578944 4.19232761859894 7.67592439055443 0.025921892374754
21.7258054521118 4.19232761859894 8.06509590148926 0.0264179892838001
23.8768785886714 4.19232761859894 8.8779057264328 0.0270144194364548
26.2409295892292 4.19232761859894 9.70599120855331 0.0312787778675556
28.8390454032626 4.19232761859894 10.6125092506409 0.0312787778675556
31.6944008002223 4.19232761859894 11.1261801719666 0.0312787778675556
34.8324650846968 4.19232761859894 12.3661167621613 0.0312787778675556
38.3163339475004 4.19232761859894 13.4365884959698 0.0333853103220463
42.1100361799719 4.19232761859894 14.6672612428665 0.0361013300716877
46.2793530693252 4.19232761859894 16.0284766554832 0.0369848869740963
50.8614742424258 4.19232761859894 17.377865344286 0.0377867221832275
55.8972714730444 4.19232761859894 17.4583472311497 0.0379239656031132
61.4316632514152 4.19232761859894 19.9762420654297 0.0449253246188164
67.5140154498445 4.19232761859894 20.7307567596436 0.0565677508711815
74.1985816582434 4.19232761859894 23.4778137207031 0.0667609050869942
81.5449871173038 4.19232761859894 27.4799680709839 0.0813374854624271
89.6187605659235 4.19232761859894 30.6028027534485 0.0857902504503727
98.4919187468734 4.19232761859894 32.9983520507812 0.0922836698591709
108.243608784401 4.19232761859894 36.8986980617046 0.10014621540904
118.960814163673 4.19232761859894 37.0433119833469 0.103811230510473
130.739130609284 4.19232761859894 37.9267958700657 0.110170144587755
143.683618783529 4.19232761859894 37.9267958700657 0.110170144587755
157.909741410383 4.19232761859894 37.9267958700657 0.110170144587755
173.703536936922 4.19232761859894 37.9267958700657 0.126281350851059
190.901933233621 4.19232761859894 37.9267958700657 0.126281350851059
209.803143649102 4.19232761859894 43.0986131131649 0.150275785475969
230.575763898515 4.19232761859894 43.1430243551731 0.150275785475969
253.405082367608 4.19232761859894 43.1430243551731 0.150275785475969
278.494732854913 4.19232761859894 43.1430243551731 0.150275785475969
306.068510952025 4.19232761859894 43.1430243551731 0.150275785475969
336.372370263797 4.19232761859894 43.1430243551731 0.150275785475969
369.676616274388 4.19232761859894 43.1430243551731 0.150275785475969
370.015617281199 4.19232761859894 43.1430243551731 0.150275785475969
