0.0387145280838013 0.586059033870697 0.00349727272987366 4.66294586658478e-05
0.0387500300966981 0.586059033870697 0.00349727272987366 4.66294586658478e-05
0.0425866726076336 0.586059033870697 0.00349727272987366 4.66294586658478e-05
0.0468031812946723 0.586059033870697 0.00349727272987366 4.66294586658478e-05
0.0514371667278207 0.586059033870697 0.00349727272987366 4.66294586658478e-05
0.0565299633015929 0.586059033870697 0.00349727272987366 4.66294586658478e-05
0.0621269979310704 0.586059033870697 0.00349727272987366 4.66294586658478e-05
0.068278195252578 0.586059033870697 0.00349727272987366 4.66294586658478e-05
0.0750384229432996 0.586059033870697 0.00349727272987366 4.66294586658478e-05
0.0824679811320132 0.586059033870697 0.00349727272987366 4.66294586658478e-05
0.0907162527069789 0.586059033870697 0.00349727272987366 4.66294586658478e-05
0.0996980736423392 0.586059033870697 0.00349727272987366 4.66294586658478e-05
0.109569185139287 0.586059033870697 0.00349727272987366 4.66294586658478e-05
0.120417635902936 0.586059033870697 0.00349727272987366 4.66294586658478e-05
0.132340192345309 0.586059033870697 0.00349727272987366 4.66294586658478e-05
0.145443201725957 0.586059033870697 0.00349727272987366 4.66294586658478e-05
0.159843540752169 0.967256665229797 0.0296295881271362 0.000373803079128265
0.175669658100152 0.967256665229797 0.0356528460979462 0.000373803079128265
0.193062720156276 0.967256665229797 0.0539620518684387 0.000451669096946716
0.212177870198225 1.85931992530823 0.0539620518684387 0.000615846365690231
0.233185612247737 1.9137766957283 0.0564217567443848 0.000615846365690231
0.25627333193868 1.9137766957283 0.0945106744766235 0.000746510922908783
0.281646967966354 2.74790793657303 0.127434372901917 0.000746510922908783
0.309532849027073 2.74790793657303 0.127434372901917 0.000783342868089676
0.340179712633237 2.74790793657303 0.219339430332184 0.000920694321393967
0.373860923811385 2.74790793657303 0.219339430332184 0.00106039270758629
0.411253695994416 3.10663169622421 0.259304970502853 0.00135413184762001
0.451971945990459 3.10663169622421 0.286689400672913 0.00154399871826172
0.496721712052834 3.12219077348709 0.286689400672913 0.00182872265577316
0.54590215479858 3.56563341617584 0.337727606296539 0.00191069394350052
0.599951955758347 3.56563341617584 0.43440192937851 0.0020621232688427
0.659353230344131 3.56563341617584 0.479272544384003 0.00251379236578941
0.724635828240139 3.56563341617584 0.521865129470825 0.00251379236578941
0.796382059575582 3.56563341617584 0.579615831375122 0.00296998396515846
0.875231889036086 3.84656143188477 0.67448878288269 0.00301030278205872
0.961888644244345 3.84656143188477 0.828466802835464 0.00334519147872925
1.05712528932784 3.84656143188477 0.855959236621857 0.00350864976644516
1.16179131963283 3.84656143188477 0.868020415306091 0.00446189939975739
1.27682033908432 3.98659324645996 0.99776029586792 0.00467360764741898
1.4032383877809 4.04104137420654 1.25188958644867 0.00485076382756233
1.54217309410505 4.04104995727539 1.25188958644867 0.00520084053277969
1.69486373298454 4.17070913314819 1.47445774078369 0.00566219538450241
1.86438038854372 4.17070913314819 1.52311742305756 0.00628599151968956
2.0489727885339 4.17070913314819 1.6729748249054 0.00747698172926903
2.25184169172242 4.17070913314819 1.80725860595703 0.00878413021564484
2.4747966556489 4.17070913314819 2.04746878147125 0.0100794285535812
2.7198264022398 4.17070913314819 2.25064888596535 0.0111435651779175
2.98911655688376 4.19232761859894 2.35476917028427 0.0121848192065954
3.28506914385371 4.19232761859894 2.62030756473541 0.0144463256001472
3.61032401197175 4.19232761859894 2.838025867939 0.0148591380566359
3.96778238163021 4.19232761859894 2.98479998111725 0.0159223489463329
4.36063272320454 4.19232761859894 3.32852104306221 0.0182109158486128
4.79237919768918 4.19232761859894 3.59381288290024 0.0197698585689068
5.2668729132423 4.19232761859894 3.7282195687294 0.0203228257596493
5.78834627644265 4.19232761859894 3.97949093580246 0.0225172080099583
6.36145074466621 4.19232761859894 4.64113229513168 0.0233325995504856
6.99129831632754 4.19232761859894 4.79382717609406 0.0242526903748512
7.68350712907217 4.19232761859894 5.07770085334778 0.0260500684380531
8.45199512379247 4.19232761859894 5.19397908449173 0.0285870283842087
9.28882760400582 4.19232761859894 5.46537590026855 0.0308467522263527
10.2085149119472 4.19232761859894 5.5489649772644 0.032488789409399
11.2192605084528 4.19232761859894 5.71007549762726 0.0337116532027721
12.330080079446 4.19232761859894 5.98411750793457 0.0343506634235382
13.5508819543863 4.19232761859894 6.08377957344055 0.0357713401317596
14.8925554869521 4.19232761859894 6.17613661289215 0.0369706004858017
16.3670681863003 4.19232761859894 6.37664568424225 0.0379683300852776
17.9875724652967 4.19232761859894 6.63962483406067 0.0379683300852776
19.7685229578944 4.19232761859894 6.80400562286377 0.0379683300852776
21.7258054521118 4.19232761859894 6.97624182701111 0.0379683300852776
23.8768785886714 4.19232761859894 7.50220020115376 0.0383309386670589
26.2409295892292 4.19232761859894 7.79404950141907 0.0435929633677006
28.8390454032626 4.19232761859894 8.13129472732544 0.0436236895620823
31.6944008002223 4.19232761859894 8.5904107093811 0.0442293472588062
34.8324650846968 4.19232761859894 8.97582638263702 0.0456452630460262
38.3163339475004 4.19232761859894 10.1169997006655 0.0488995462656021
42.1100361799719 4.19232761859894 10.9321718961 0.0643595959991217
46.2793530693252 4.19232761859894 11.5090947151184 0.0708806067705154
50.8614742424258 4.19232761859894 12.1164834499359 0.0768782868981361
55.8972714730444 4.19232761859894 12.3367754220963 0.0768782868981361
61.4316632514152 4.19232761859894 14.4746608734131 0.0768782868981361
67.5140154498445 4.19232761859894 14.4746608734131 0.087763324379921
74.1985816582434 4.19232761859894 15.5210018157959 0.117139518260956
81.5449871173038 4.19232761859894 19.0742435455322 0.117234349250793
89.6187605659235 4.19232761859894 20.6557743549347 0.140545528382063
98.4919187468734 4.19232761859894 22.8679267168045 0.146008968353271
108.243608784401 4.19232761859894 24.9388725757599 0.164641611278057
118.960814163673 4.19232761859894 25.4137035608292 0.164641611278057
130.739130609284 4.19232761859894 25.4137035608292 0.174571979790926
143.683618783529 4.19232761859894 25.4137035608292 0.174571979790926
157.909741410383 4.19232761859894 25.4137035608292 0.174571979790926
173.703536936922 4.19232761859894 25.4137035608292 0.174571979790926
190.901933233621 4.19232761859894 25.4137035608292 0.174571979790926
209.803143649102 4.19232761859894 25.4137035608292 0.174571979790926
230.575763898515 4.19232761859894 25.4137035608292 0.174571979790926
253.405082367608 4.19232761859894 25.4137035608292 0.174571979790926
278.494732854913 4.19232761859894 25.4137035608292 0.174571979790926
306.068510952025 4.19232761859894 25.4137035608292 0.174571979790926
336.372370263797 4.19232761859894 25.4137035608292 0.174571979790926
369.676616274388 4.19232761859894 25.4137035608292 0.174571979790926
370.015617281199 4.19232761859894 25.4137035608292 0.174571979790926
