0.0194894644874591 0.586059033870697 0.00119730830192566 2.41696834564209e-05
0.0195076157341004 0.586059033870697 0.00119730830192566 2.41696834564209e-05
0.0214706726399789 0.586059033870697 0.00119730830192566 2.41696834564209e-05
0.0236312725192399 0.586059033870697 0.00119730830192566 2.41696834564209e-05
0.0260092941773403 0.586059033870697 0.00119730830192566 2.41696834564209e-05
0.02862661682957 0.586059033870697 0.00119730830192566 2.41696834564209e-05
0.0315073214028609 0.586059033870697 0.00245815515518188 5.43147325515747e-05
0.0346779120946542 0.586059033870697 0.00245815515518188 5.43147325515747e-05
0.0381675602272991 0.586059033870697 0.00245815515518188 5.43147325515747e-05
0.0420083726415892 0.586059033870697 0.00245815515518188 5.43147325515747e-05
0.0462787480746938 0.586059033870697 0.00819462537765503 5.43147325515747e-05
0.0509357916233132 0.586059033870697 0.00819462537765503 5.43147325515747e-05
0.056061474785492 0.586059033870697 0.00819462537765503 5.43147325515747e-05
0.0617029568985016 0.586059033870697 0.00819462537765503 5.43147325515747e-05
0.0679121429571029 0.651752918958664 0.0101450681686401 0.000189229846000671
0.0747461611704054 0.768446087837219 0.0691458061337471 0.000189229846000671
0.0822678885754094 0.967256665229797 0.0691458061337471 0.000224694609642029
0.0905465295431877 1.00701880455017 0.0691458061337471 0.000224694609642029
0.0996582525003081 1.9137766957283 0.0691458061337471 0.000341653823852539
0.109686890723714 2.30101633071899 0.126684248447418 0.000459969043731689
0.120724713656792 2.30101633071899 0.126684248447418 0.000595316290855408
0.132873275843195 2.74790793657303 0.126684248447418 0.000595316290855408
0.146244351289115 2.74790793657303 0.150154948234558 0.000694632530212402
0.160960961850701 2.74790793657303 0.171439059078693 0.000888869166374207
0.177158509108387 2.74790793657303 0.268183402717113 0.000888869166374207
0.194986020142061 2.80583125352859 0.268183402717113 0.00111980736255646
0.214807390451206 3.0089550614357 0.294304847717285 0.0016728937625885
0.23642351909587 3.39448344707489 0.331446468830109 0.0016728937625885
0.260214884898814 3.51117664575577 0.38992115855217 0.0016728937625885
0.286400382592417 3.51117664575577 0.42239311337471 0.00186184048652649
0.315220934348083 3.7056565284729 0.522242307662964 0.00197906792163849
0.346941706403675 3.7056565284729 0.574826389551163 0.00230148434638977
0.381854548750803 3.7056565284729 0.666314601898193 0.00244466960430145
0.420280680328535 3.70566511154175 0.724860720336437 0.00299477577209473
0.462573644428912 3.84656143188477 0.724860720336437 0.00306612253189087
0.509122561505755 3.93300080299377 0.830287903547287 0.00401210784912109
0.560355709314554 3.93300080299377 0.958571888506413 0.00401210784912109
0.616744463322841 4.19232761859894 1.04313462972641 0.00407528877258301
0.678807633645181 4.19232761859894 1.1223703995347 0.00453284382820129
0.74711623840516 4.19232761859894 1.27026607096195 0.0053543746471405
0.822298757442146 4.19232761859894 1.35943453758955 0.00558696687221527
0.90504691470005 4.19232761859894 1.4804959744215 0.00700688362121582
0.997049767162749 4.19232761859894 1.62484161555767 0.00700688362121582
1.0973831681079 4.19232761859894 1.80976498126984 0.00700688362121582
1.207813147656 4.19232761859894 1.98944190889597 0.00837689638137817
1.32935572737641 4.19232761859894 2.21522000432014 0.0102680772542953
1.46312917137724 4.19232761859894 2.37020295113325 0.0102680772542953
1.61036427500108 4.19232761859894 2.53824328631163 0.0133046209812164
1.77241568887504 4.19232761859894 2.73693548887968 0.0133046209812164
1.95077438250316 4.19232761859894 2.93514624238014 0.0145119875669479
2.14708136207369 4.19232761859894 3.19237788021564 0.0145119875669479
2.36314276869316 4.19232761859894 3.43537184596062 0.0154672041535378
2.60094649596008 4.19232761859894 3.77567245066166 0.0185486525297165
2.86268047976978 4.19232761859894 3.9674928188324 0.0185486525297165
3.15075282862747 4.19232761859894 4.25068730860949 0.0196658074855804
3.46781397968047 4.19232761859894 4.52635818719864 0.0196658074855804
3.81678108431816 4.19232761859894 4.57297596335411 0.0205098986625671
4.2008648477019 4.19232761859894 4.71639620512724 0.0214908272027969
4.62790519502682 4.19232761859894 4.97594106197357 0.0214908272027969
5.09361260779729 4.19232761859894 5.3434230312705 0.0214908272027969
5.6061842896419 4.19232761859894 5.48100677132607 0.0214908272027969
6.17033620525356 4.19232761859894 5.73336129635572 0.0214908272027969
6.79125888819023 4.19232761859894 6.01452970504761 0.0225257873535156
7.47466519687438 4.19232761859894 6.86761999130249 0.0231927633285522
8.22684287629239 4.19232761859894 7.82753920555115 0.0255143493413925
9.05471240899251 4.19232761859894 8.8976761624217 0.0264115333557129
9.96589068764523 4.19232761859894 8.99286603927612 0.0277857705950737
10.9687610949915 4.19232761859894 9.0053183734417 0.0306902080774307
12.072550635956 4.19232761859894 9.00957375764847 0.0321328490972519
13.2874148315868 4.19232761859894 9.00957375764847 0.0322886928915977
14.6245311558961 4.19232761859894 9.30894093960524 0.0360903143882751
16.0962018752773 4.19232761859894 9.64581084251404 0.0404797121882439
17.7159672366814 4.19232761859894 9.91918611526489 0.0438115373253822
19.4987300459514 4.19232761859894 11.2489991188049 0.0483487024903297
21.4808800919766 4.19232761859894 11.6900070011616 0.0519786551594734
23.6425071500281 4.19232761859894 13.3221454024315 0.06363545358181
26.0216593522121 4.19232761859894 14.2774849534035 0.06363545358181
28.6402263154973 4.19232761859894 15.2225762978196 0.06363545358181
31.5223004152183 4.19232761859894 15.3234766125679 0.06363545358181
34.6943984492749 4.19232761859894 15.3234766125679 0.0642822235822678
38.1857056084627 4.19232761859894 15.3234766125679 0.076242595911026
42.0283439976073 4.19232761859894 19.4606790542603 0.100978247821331
46.2576681780564 4.19232761859894 21.3311166763306 0.103300340473652
50.9125904506965 4.19232761859894 22.3754529953003 0.106990054249763
56.0359388722924 4.19232761859894 25.9103841781616 0.106990054249763
61.674851299112 4.19232761859894 29.2084755897522 0.119708716869354
67.8812090832727 4.19232761859894 31.7791919708252 0.155256047844887
74.7121144120754 4.19232761859894 34.6116082966328 0.155256047844887
82.2304156821292 4.19232761859894 34.622336357832 0.194920934736729
90.5052857420251 4.19232761859894 34.622336357832 0.19861064851284
99.7056313992196 4.19232761859894 34.622336357832 0.226698771119118
109.739037374665 4.19232761859894 34.622336357832 0.226698771119118
120.782107840023 4.19232761859894 34.622336357832 0.254627406597137
132.936445619368 4.19232761859894 34.622336357832 0.254627406597137
146.313877857786 4.19232761859894 34.622336357832 0.254627406597137
161.037484897703 4.19232761859894 34.622336357832 0.346248000860214
177.242732691319 4.19232761859894 34.622336357832 0.346248000860214
195.078719168039 4.19232761859894 34.9465017020702 0.449548341333866
214.709546024206 4.19232761859894 34.9465017020702 0.470323823392391
214.909512828253 4.19232761859894 34.9465017020702 0.470323823392391
