0.0387145280838013 0.586059033870697 0.0123823285102844 0.000169157981872559
0.0387500300966981 0.586059033870697 0.0123823285102844 0.000169157981872559
0.0425866726076336 0.586059033870697 0.0123823285102844 0.000169157981872559
0.0468031812946723 0.586059033870697 0.0123823285102844 0.000169157981872559
0.0514371667278207 0.586059033870697 0.0123823285102844 0.000169157981872559
0.0565299633015929 0.586059033870697 0.0123823285102844 0.000169157981872559
0.0621269979310704 0.586059033870697 0.0123823285102844 0.000169157981872559
0.068278195252578 0.586059033870697 0.0123823285102844 0.000169157981872559
0.0750384229432996 0.586059033870697 0.0123823285102844 0.000597510486841202
0.0824679811320132 0.586059033870697 0.0123823285102844 0.000597510486841202
0.0907162527069789 0.586059033870697 0.0123823285102844 0.000597510486841202
0.0996980736423392 0.586059033870697 0.0123823285102844 0.000597510486841202
0.109569185139287 0.586059033870697 0.0123823285102844 0.000597510486841202
0.120417635902936 0.586059033870697 0.0123823285102844 0.000597510486841202
0.132340192345309 0.586059033870697 0.0123823285102844 0.000597510486841202
0.145443201725957 0.586059033870697 0.0123823285102844 0.000597510486841202
0.159843540752169 0.967256665229797 0.280026197433472 0.000891640782356262
0.175669658100152 0.967256665229797 0.33855926990509 0.00157605111598969
0.193062720156276 0.967256665229797 0.33855926990509 0.00207636877894402
0.212177870198225 1.85931992530823 0.420647382736206 0.00225306674838066
0.233185612247737 1.9137766957283 0.420647382736206 0.00269521772861481
0.25627333193868 1.9137766957283 0.420647382736206 0.00448449328541756
0.281646967966354 2.74790793657303 0.585235059261322 0.00448449328541756
0.309532849027073 2.74790793657303 0.736589550971985 0.00448449328541756
0.340179712633237 2.74790793657303 0.743111461400986 0.00522994250059128
0.373860923811385 2.74790793657303 0.901559054851532 0.00600822828710079
0.411253695994416 3.10663169622421 1.18616037815809 0.00600822828710079
0.451971945990459 3.10663169622421 1.18616037815809 0.00816028751432896
0.496721712052834 3.12219077348709 1.23585398495197 0.00840735249221325
0.54590215479858 3.56563341617584 1.43408632278442 0.00921117886900902
0.599951955758347 3.56563341617584 1.43408632278442 0.0108351074159145
0.659353230344131 3.56563341617584 1.60702642798424 0.0134727731347084
0.724635828240139 3.56563341617584 1.79562726616859 0.0136961415410042
0.796382059575582 3.56563341617584 1.93428817391396 0.0143608916550875
0.875231889036086 3.84656143188477 2.18461942672729 0.016631668433547
0.961888644244345 3.84656143188477 2.18461942672729 0.0190410856157541
1.05712528932784 3.84656143188477 2.28688114881516 0.0217591859400272
1.16179131963283 3.84656143188477 2.33818528056145 0.0227471608668566
1.27682033908432 3.98659324645996 2.62223502993584 0.0235603526234627
1.4032383877809 4.04104137420654 2.62601834535599 0.0286220535635948
1.54217309410505 4.04104995727539 2.63503861427307 0.0297633558511734
1.69486373298454 4.17070913314819 2.83186328411102 0.0313785560429096
1.86438038854372 4.17070913314819 2.85220259428024 0.034281749278307
2.0489727885339 4.17070913314819 3.04607200622559 0.0393773652613163
2.25184169172242 4.17070913314819 3.12614393234253 0.0467285364866257
2.4747966556489 4.17070913314819 3.27513498067856 0.0467326194047928
2.7198264022398 4.17070913314819 3.27513498067856 0.0485829971730709
2.98911655688376 4.19232761859894 3.39132368564606 0.0531217344105244
3.28506914385371 4.19232761859894 3.55002754926682 0.0575661137700081
3.61032401197175 4.19232761859894 3.65668439865112 0.0622096583247185
3.96778238163021 4.19232761859894 3.70040047168732 0.0681090001016855
4.36063272320454 4.19232761859894 3.94194746017456 0.0724890194833279
4.79237919768918 4.19232761859894 4.16730332374573 0.078084122389555
5.2668729132423 4.19232761859894 4.16730332374573 0.0804452188313007
5.78834627644265 4.19232761859894 4.34199893474579 0.0864135250449181
6.36145074466621 4.19232761859894 4.34540450572968 0.0940559320151806
6.99129831632754 4.19232761859894 4.39841830730438 0.0950420759618282
7.68350712907217 4.19232761859894 4.45138490200043 0.0987675748765469
8.45199512379247 4.19232761859894 4.53007674217224 0.107283789664507
9.28882760400582 4.19232761859894 4.61285197734833 0.107936482876539
10.2085149119472 4.19232761859894 4.69913792610168 0.111792590469122
11.2192605084528 4.19232761859894 4.82693254947662 0.123736128211021
12.330080079446 4.19232761859894 4.91026854515076 0.123736128211021
13.5508819543863 4.19232761859894 4.92014873027802 0.138279881328344
14.8925554869521 4.19232761859894 5.13562369346619 0.138279881328344
16.3670681863003 4.19232761859894 5.13562369346619 0.14770220965147
17.9875724652967 4.19232761859894 5.13562369346619 0.164999946951866
19.7685229578944 4.19232761859894 5.13562369346619 0.181354358792305
21.7258054521118 4.19232761859894 5.13562369346619 0.189643546938896
23.8768785886714 4.19232761859894 5.13562369346619 0.189643546938896
26.2409295892292 4.19232761859894 5.13562369346619 0.193779677152634
28.8390454032626 4.19232761859894 5.13562369346619 0.228930354118347
31.6944008002223 4.19232761859894 5.13562369346619 0.228930354118347
34.8324650846968 4.19232761859894 5.13562369346619 0.239704370498657
38.3163339475004 4.19232761859894 5.13562369346619 0.339087385684252
42.1100361799719 4.19232761859894 5.13562369346619 0.441324636340141
46.2793530693252 4.19232761859894 5.13562369346619 0.46847827732563
50.8614742424258 4.19232761859894 5.13562369346619 0.509730219841003
55.8972714730444 4.19232761859894 5.13562369346619 0.509730219841003
61.4316632514152 4.19232761859894 5.13562369346619 0.509730219841003
67.5140154498445 4.19232761859894 5.13562369346619 0.623185515403748
74.1985816582434 4.19232761859894 5.13562369346619 0.775934010744095
81.5449871173038 4.19232761859894 5.13562369346619 0.882609561085701
89.6187605659235 4.19232761859894 5.13562369346619 0.978208497166634
98.4919187468734 4.19232761859894 5.13562369346619 1.07361300289631
108.243608784401 4.19232761859894 5.13562369346619 1.09166379272938
118.960814163673 4.19232761859894 5.13562369346619 1.09166379272938
130.739130609284 4.19232761859894 5.13562369346619 1.09166379272938
143.683618783529 4.19232761859894 5.13562369346619 1.09166379272938
157.909741410383 4.19232761859894 5.13562369346619 1.09166379272938
173.703536936922 4.19232761859894 5.13562369346619 1.09166379272938
190.901933233621 4.19232761859894 5.13562369346619 1.09166379272938
209.803143649102 4.19232761859894 5.13562369346619 1.09166379272938
230.575763898515 4.19232761859894 5.13562369346619 1.09166379272938
253.405082367608 4.19232761859894 5.13562369346619 1.09166379272938
278.494732854913 4.19232761859894 5.13562369346619 1.09166379272938
306.068510952025 4.19232761859894 5.13562369346619 1.09166379272938
336.372370263797 4.19232761859894 5.13562369346619 1.09166379272938
369.676616274388 4.19232761859894 5.13562369346619 1.09166379272938
370.015617281199 4.19232761859894 5.13562369346619 1.09166379272938
