0.0387145280838013 0.586059033870697 0 0
0.0387500300966981 0.586059033870697 0 0
0.0425866726076336 0.586059033870697 0 0
0.0468031812946723 0.586059033870697 0 0
0.0514371667278207 0.586059033870697 0 0
0.0565299633015929 0.586059033870697 0 0
0.0621269979310704 0.586059033870697 0 0
0.068278195252578 0.586059033870697 0 0
0.0750384229432996 0.586059033870697 0 7.45058059692383e-09
0.0824679811320132 0.586059033870697 0 7.45058059692383e-09
0.0907162527069789 0.586059033870697 3.72529029846191e-09 7.45058059692383e-09
0.0996980736423392 0.586059033870697 3.72529029846191e-09 7.45058059692383e-09
0.109569185139287 0.586059033870697 3.72529029846191e-09 7.45058059692383e-09
0.120417635902936 0.586059033870697 3.72529029846191e-09 7.45058059692383e-09
0.132340192345309 0.586059033870697 3.72529029846191e-09 7.45058059692383e-09
0.145443201725957 0.99837489426136 3.72529029846191e-09 7.45058059692383e-09
0.159843540752169 0.99837489426136 7.45058059692383e-09 7.45058059692383e-09
0.175669658100152 0.99837489426136 7.45058059692383e-09 7.45058059692383e-09
0.193062720156276 0.99837489426136 1.11758708953857e-08 7.45058059692383e-09
0.212177870198225 2.30101633071899 1.11758708953857e-08 7.45058059692383e-09
0.233185612247737 2.30101633071899 1.11758708953857e-08 1.11758708953857e-08
0.25627333193868 2.30101633071899 1.49011611938477e-08 1.11758708953857e-08
0.281646967966354 2.74790793657303 1.49011611938477e-08 1.11758708953857e-08
0.309532849027073 2.74790793657303 1.49011611938477e-08 1.49011611938477e-08
0.340179712633237 2.74790793657303 1.49011611938477e-08 1.49011611938477e-08
0.373860923811385 2.74790793657303 1.49011611938477e-08 1.49011611938477e-08
0.411253695994416 3.10663169622421 1.49011611938477e-08 1.49011611938477e-08
0.451971945990459 3.13343650102615 1.86264514923096e-08 1.49011611938477e-08
0.496721712052834 3.13343650102615 1.86264514923096e-08 1.86264514923096e-08
0.54590215479858 3.56563341617584 1.86264514923096e-08 1.86264514923096e-08
0.599951955758347 3.7056565284729 1.86264514923096e-08 1.86264514923096e-08
0.659353230344131 3.7056565284729 2.23517417907715e-08 1.86264514923096e-08
0.724635828240139 3.7056565284729 2.23517417907715e-08 1.86264514923096e-08
0.796382059575582 3.7056565284729 2.23517417907715e-08 1.86264514923096e-08
0.875231889036086 3.84656143188477 2.23517417907715e-08 2.23517417907715e-08
0.961888644244345 3.84656143188477 2.23517417907715e-08 2.98023223876953e-08
1.05712528932784 3.93300080299377 2.60770320892334e-08 2.98023223876953e-08
1.16179131963283 3.93300080299377 2.60770320892334e-08 2.98023223876953e-08
1.27682033908432 4.04104995727539 2.98023223876953e-08 2.98023223876953e-08
1.4032383877809 4.04104995727539 2.98023223876953e-08 3.35276126861572e-08
1.54217309410505 4.19232761859894 3.72529029846191e-08 3.72529029846191e-08
1.69486373298454 4.19232761859894 3.72529029846191e-08 4.09781932830811e-08
1.86438038854372 4.19232761859894 4.4703483581543e-08 4.09781932830811e-08
2.0489727885339 4.19232761859894 5.21540641784668e-08 4.4703483581543e-08
2.25184169172242 4.19232761859894 5.21540641784668e-08 4.84287738800049e-08
2.4747966556489 4.19232761859894 5.96046447753906e-08 5.58793544769287e-08
2.7198264022398 4.19232761859894 5.96046447753906e-08 5.58793544769287e-08
2.98911655688376 4.19232761859894 5.96046447753906e-08 5.96046447753906e-08
3.28506914385371 4.19232761859894 6.70552253723145e-08 5.96046447753906e-08
3.61032401197175 4.19232761859894 7.07805156707764e-08 6.70552253723145e-08
3.96778238163021 4.19232761859894 7.45058059692383e-08 7.07805156707764e-08
4.36063272320454 4.19232761859894 8.5681676864624e-08 8.5681676864624e-08
4.79237919768918 4.19232761859894 9.31322574615479e-08 8.5681676864624e-08
5.2668729132423 4.19232761859894 9.31322574615479e-08 9.68575477600098e-08
5.78834627644265 4.19232761859894 1.00582838058472e-07 1.04308128356934e-07
6.36145074466621 4.19232761859894 1.15483999252319e-07 1.11758708953857e-07
6.99129831632754 4.19232761859894 1.15483999252319e-07 1.19209289550781e-07
7.68350712907217 4.19232761859894 1.26659870147705e-07 1.26659870147705e-07
8.45199512379247 4.19232761859894 1.30385160446167e-07 1.26659870147705e-07
9.28882760400582 4.19232761859894 1.30385160446167e-07 1.26659870147705e-07
10.2085149119472 4.19232761859894 1.30385160446167e-07 1.26659870147705e-07
11.2192605084528 4.19232761859894 1.30385160446167e-07 1.26659870147705e-07
12.330080079446 4.19232761859894 1.30385160446167e-07 1.26659870147705e-07
13.5508819543863 4.19232761859894 1.30385160446167e-07 1.26659870147705e-07
14.8925554869521 4.19232761859894 1.30385160446167e-07 1.26659870147705e-07
16.3670681863003 4.19232761859894 1.37835741043091e-07 1.26659870147705e-07
17.9875724652967 4.19232761859894 1.41561031341553e-07 1.37835741043091e-07
19.7685229578944 4.19232761859894 1.71363353729248e-07 1.49011611938477e-07
21.7258054521118 4.19232761859894 1.71363353729248e-07 1.52736902236938e-07
23.8768785886714 4.19232761859894 1.82539224624634e-07 1.67638063430786e-07
26.2409295892292 4.19232761859894 1.82539224624634e-07 1.67638063430786e-07
28.8390454032626 4.19232761859894 2.27242708206177e-07 2.08616256713867e-07
31.6944008002223 4.19232761859894 2.34693288803101e-07 2.16066837310791e-07
34.8324650846968 4.19232761859894 2.49594449996948e-07 2.23517417907715e-07
38.3163339475004 4.19232761859894 3.65078449249268e-07 3.42726707458496e-07
42.1100361799719 4.19232761859894 4.35858964920044e-07 4.09781932830811e-07
46.2793530693252 4.19232761859894 4.61935997009277e-07 4.39584255218506e-07
50.8614742424258 4.19232761859894 4.76837158203125e-07 4.4703483581543e-07
55.8972714730444 4.19232761859894 4.76837158203125e-07 4.4703483581543e-07
61.4316632514152 4.19232761859894 4.76837158203125e-07 4.4703483581543e-07
67.5140154498445 4.19232761859894 4.76837158203125e-07 4.4703483581543e-07
74.1985816582434 4.19232761859894 5.0663948059082e-07 4.61935997009277e-07
81.5449871173038 4.19232761859894 6.14672899246216e-07 5.55068254470825e-07
89.6187605659235 4.19232761859894 6.70552253723145e-07 6.14672899246216e-07
98.4919187468734 4.19232761859894 7.0035457611084e-07 6.37024641036987e-07
108.243608784401 4.19232761859894 7.15255737304688e-07 6.51925802230835e-07
118.960814163673 4.19232761859894 7.15255737304688e-07 6.51925802230835e-07
130.739130609284 4.19232761859894 7.15255737304688e-07 6.51925802230835e-07
143.683618783529 4.19232761859894 7.15255737304688e-07 6.51925802230835e-07
157.909741410383 4.19232761859894 7.15255737304688e-07 6.51925802230835e-07
173.703536936922 4.19232761859894 7.15255737304688e-07 6.51925802230835e-07
190.901933233621 4.19232761859894 7.15255737304688e-07 6.51925802230835e-07
209.803143649102 4.19232761859894 7.15255737304688e-07 6.51925802230835e-07
230.575763898515 4.19232761859894 7.15255737304688e-07 6.51925802230835e-07
253.405082367608 4.19232761859894 7.15255737304688e-07 6.51925802230835e-07
278.494732854913 4.19232761859894 7.15255737304688e-07 6.51925802230835e-07
306.068510952025 4.19232761859894 7.15255737304688e-07 6.51925802230835e-07
336.372370263797 4.19232761859894 7.15255737304688e-07 6.51925802230835e-07
369.676616274388 4.19232761859894 7.15255737304688e-07 6.51925802230835e-07
370.015617281199 4.19232761859894 7.15255737304688e-07 6.51925802230835e-07
