0.0194894644874591 0.586059033870697 0 0
0.0195076157341004 0.586059033870697 0 0
0.0214706726399789 0.586059033870697 0 0
0.0236312725192399 0.586059033870697 0 0
0.0260092941773403 0.586059033870697 0 0
0.02862661682957 0.586059033870697 0 0
0.0315073214028609 0.586059033870697 0 7.45058059692383e-09
0.0346779120946542 0.586059033870697 0 7.45058059692383e-09
0.0381675602272991 0.586059033870697 0 7.45058059692383e-09
0.0420083726415892 0.586059033870697 0 7.45058059692383e-09
0.0462787480746938 0.586059033870697 3.72529029846191e-09 7.45058059692383e-09
0.0509357916233132 0.586059033870697 3.72529029846191e-09 7.45058059692383e-09
0.056061474785492 0.586059033870697 3.72529029846191e-09 7.45058059692383e-09
0.0617029568985016 0.586059033870697 3.72529029846191e-09 7.45058059692383e-09
0.0679121429571029 0.651752918958664 7.45058059692383e-09 7.45058059692383e-09
0.0747461611704054 0.768446087837219 7.45058059692383e-09 7.45058059692383e-09
0.0822678885754094 0.967256665229797 7.45058059692383e-09 7.45058059692383e-09
0.0905465295431877 1.00701880455017 1.11758708953857e-08 7.45058059692383e-09
0.0996582525003081 1.9137766957283 1.11758708953857e-08 7.45058059692383e-09
0.109686890723714 2.30101633071899 1.11758708953857e-08 7.45058059692383e-09
0.120724713656792 2.30101633071899 1.11758708953857e-08 1.11758708953857e-08
0.132873275843195 2.74790793657303 1.49011611938477e-08 1.11758708953857e-08
0.146244351289115 2.74790793657303 1.49011611938477e-08 1.11758708953857e-08
0.160960961850701 2.74790793657303 1.49011611938477e-08 1.49011611938477e-08
0.177158509108387 2.74790793657303 1.49011611938477e-08 1.49011611938477e-08
0.194986020142061 2.80583125352859 1.86264514923096e-08 1.49011611938477e-08
0.214807390451206 3.0089550614357 1.86264514923096e-08 1.49011611938477e-08
0.23642351909587 3.39448344707489 1.86264514923096e-08 1.86264514923096e-08
0.260214884898814 3.51117664575577 1.86264514923096e-08 1.86264514923096e-08
0.286400382592417 3.51117664575577 2.23517417907715e-08 1.86264514923096e-08
0.315220934348083 3.7056565284729 2.23517417907715e-08 1.86264514923096e-08
0.346941706403675 3.7056565284729 2.23517417907715e-08 1.86264514923096e-08
0.381854548750803 3.7056565284729 2.23517417907715e-08 1.86264514923096e-08
0.420280680328535 3.70566511154175 2.23517417907715e-08 2.23517417907715e-08
0.462573644428912 3.84656143188477 2.60770320892334e-08 2.23517417907715e-08
0.509122561505755 3.93300080299377 2.60770320892334e-08 2.98023223876953e-08
0.560355709314554 3.93300080299377 2.98023223876953e-08 2.98023223876953e-08
0.616744463322841 4.19232761859894 2.98023223876953e-08 2.98023223876953e-08
0.678807633645181 4.19232761859894 2.98023223876953e-08 3.35276126861572e-08
0.74711623840516 4.19232761859894 2.98023223876953e-08 3.35276126861572e-08
0.822298757442146 4.19232761859894 3.72529029846191e-08 3.72529029846191e-08
0.90504691470005 4.19232761859894 3.72529029846191e-08 4.09781932830811e-08
0.997049767162749 4.19232761859894 4.09781932830811e-08 4.09781932830811e-08
1.0973831681079 4.19232761859894 4.4703483581543e-08 4.4703483581543e-08
1.207813147656 4.19232761859894 4.4703483581543e-08 4.84287738800049e-08
1.32935572737641 4.19232761859894 4.4703483581543e-08 4.84287738800049e-08
1.46312917137724 4.19232761859894 5.21540641784668e-08 5.21540641784668e-08
1.61036427500108 4.19232761859894 5.96046447753906e-08 5.58793544769287e-08
1.77241568887504 4.19232761859894 5.96046447753906e-08 5.96046447753906e-08
1.95077438250316 4.19232761859894 6.70552253723145e-08 5.96046447753906e-08
2.14708136207369 4.19232761859894 6.70552253723145e-08 6.70552253723145e-08
2.36314276869316 4.19232761859894 7.45058059692383e-08 6.70552253723145e-08
2.60094649596008 4.19232761859894 7.45058059692383e-08 7.45058059692383e-08
2.86268047976978 4.19232761859894 8.5681676864624e-08 7.45058059692383e-08
3.15075282862747 4.19232761859894 8.94069671630859e-08 8.19563865661621e-08
3.46781397968047 4.19232761859894 9.31322574615479e-08 8.94069671630859e-08
3.81678108431816 4.19232761859894 9.68575477600098e-08 9.68575477600098e-08
4.2008648477019 4.19232761859894 1.00582838058472e-07 1.00582838058472e-07
4.62790519502682 4.19232761859894 1.11758708953857e-07 1.11758708953857e-07
5.09361260779729 4.19232761859894 1.19209289550781e-07 1.19209289550781e-07
5.6061842896419 4.19232761859894 1.22934579849243e-07 1.26659870147705e-07
6.17033620525356 4.19232761859894 1.26659870147705e-07 1.26659870147705e-07
6.79125888819023 4.19232761859894 1.30385160446167e-07 1.26659870147705e-07
7.47466519687438 4.19232761859894 1.30385160446167e-07 1.26659870147705e-07
8.22684287629239 4.19232761859894 1.30385160446167e-07 1.26659870147705e-07
9.05471240899251 4.19232761859894 1.30385160446167e-07 1.26659870147705e-07
9.96589068764523 4.19232761859894 1.34110450744629e-07 1.26659870147705e-07
10.9687610949915 4.19232761859894 1.37835741043091e-07 1.26659870147705e-07
12.072550635956 4.19232761859894 1.45286321640015e-07 1.30385160446167e-07
13.2874148315868 4.19232761859894 1.52736902236938e-07 1.52736902236938e-07
14.6245311558961 4.19232761859894 1.71363353729248e-07 1.52736902236938e-07
16.0962018752773 4.19232761859894 1.82539224624634e-07 1.67638063430786e-07
17.7159672366814 4.19232761859894 2.01165676116943e-07 1.82539224624634e-07
19.4987300459514 4.19232761859894 2.27242708206177e-07 2.08616256713867e-07
21.4808800919766 4.19232761859894 2.34693288803101e-07 2.16066837310791e-07
23.6425071500281 4.19232761859894 3.12924385070801e-07 2.94297933578491e-07
26.0216593522121 4.19232761859894 3.12924385070801e-07 2.94297933578491e-07
28.6402263154973 4.19232761859894 3.83704900741577e-07 3.61353158950806e-07
31.5223004152183 4.19232761859894 4.20957803726196e-07 3.87430191040039e-07
34.6943984492749 4.19232761859894 4.65661287307739e-07 4.39584255218506e-07
38.1857056084627 4.19232761859894 4.76837158203125e-07 4.4703483581543e-07
42.0283439976073 4.19232761859894 4.76837158203125e-07 4.4703483581543e-07
46.2576681780564 4.19232761859894 4.76837158203125e-07 4.4703483581543e-07
50.9125904506965 4.19232761859894 4.76837158203125e-07 4.4703483581543e-07
56.0359388722924 4.19232761859894 4.76837158203125e-07 4.4703483581543e-07
61.674851299112 4.19232761859894 4.76837158203125e-07 4.4703483581543e-07
67.8812090832727 4.19232761859894 5.0663948059082e-07 4.69386577606201e-07
74.7121144120754 4.19232761859894 6.14672899246216e-07 5.55068254470825e-07
82.2304156821292 4.19232761859894 6.70552253723145e-07 6.14672899246216e-07
90.5052857420251 4.19232761859894 6.8172812461853e-07 6.2212347984314e-07
99.7056313992196 4.19232761859894 7.15255737304688e-07 6.51925802230835e-07
109.739037374665 4.19232761859894 7.15255737304688e-07 6.51925802230835e-07
120.782107840023 4.19232761859894 7.15255737304688e-07 6.51925802230835e-07
132.936445619368 4.19232761859894 7.15255737304688e-07 6.51925802230835e-07
146.313877857786 4.19232761859894 7.15255737304688e-07 6.51925802230835e-07
161.037484897703 4.19232761859894 7.15255737304688e-07 6.51925802230835e-07
177.242732691319 4.19232761859894 7.15255737304688e-07 6.51925802230835e-07
195.078719168039 4.19232761859894 7.15255737304688e-07 6.51925802230835e-07
214.709546024206 4.19232761859894 7.15255737304688e-07 6.51925802230835e-07
214.909512828253 4.19232761859894 7.15255737304688e-07 6.51925802230835e-07
