0.0194894644874591 0.586059033870697 0.0123823285102844 0.000169157981872559
0.0195076157341004 0.586059033870697 0.0123823285102844 0.000169157981872559
0.0214706726399789 0.586059033870697 0.0123823285102844 0.000169157981872559
0.0236312725192399 0.586059033870697 0.0123823285102844 0.000169157981872559
0.0260092941773403 0.586059033870697 0.0123823285102844 0.000169157981872559
0.02862661682957 0.586059033870697 0.0123823285102844 0.000169157981872559
0.0315073214028609 0.586059033870697 0.0123823285102844 0.000597510486841202
0.0346779120946542 0.586059033870697 0.0123823285102844 0.000597510486841202
0.0381675602272991 0.586059033870697 0.0123823285102844 0.000597510486841202
0.0420083726415892 0.586059033870697 0.0123823285102844 0.000597510486841202
0.0462787480746938 0.586059033870697 0.0123823285102844 0.000597510486841202
0.0509357916233132 0.586059033870697 0.0123823285102844 0.000597510486841202
0.056061474785492 0.586059033870697 0.0123823285102844 0.000597510486841202
0.0617029568985016 0.586059033870697 0.0123823285102844 0.000597510486841202
0.0679121429571029 0.586059033870697 0.125476360321045 0.000891640782356262
0.0747461611704054 0.768446087837219 0.280026197433472 0.000891640782356262
0.0822678885754094 0.967256665229797 0.280026197433472 0.000891640782356262
0.0905465295431877 1.00701880455017 0.33855926990509 0.00144096836447716
0.0996582525003081 1.9137766957283 0.420647382736206 0.00224745273590088
0.109686890723714 1.9137766957283 0.420647382736206 0.00224745273590088
0.120724713656792 1.9137766957283 0.440165042877197 0.00269521772861481
0.132873275843195 2.74790793657303 0.583825118839741 0.003644660115242
0.146244351289115 2.74790793657303 0.736589550971985 0.00369893014431
0.160960961850701 2.74790793657303 0.743111461400986 0.00404099375009537
0.177158509108387 2.74790793657303 0.828355342149734 0.00559594109654427
0.194986020142061 2.80583125352859 0.829997365362942 0.00680886581540108
0.214807390451206 2.80583125352859 1.18616037815809 0.00816028751432896
0.23642351909587 3.39448344707489 1.18616037815809 0.00821004807949066
0.260214884898814 3.51117664575577 1.19758732244372 0.00997808761894703
0.286400382592417 3.51117664575577 1.35765743255615 0.0100141651928425
0.315220934348083 3.56563341617584 1.66490886732936 0.0110376514494419
0.346941706403675 3.56563341617584 1.69476693123579 0.0123766157776117
0.381854548750803 3.56563341617584 1.80228164792061 0.0149046778678894
0.420280680328535 3.62527656555176 1.97581943869591 0.0167277920991182
0.462573644428912 3.84656143188477 2.18461942672729 0.0184737369418144
0.509122561505755 3.84656143188477 2.33650997281075 0.019324267283082
0.560355709314554 3.93300080299377 2.45239225029945 0.0210923589766026
0.616744463322841 3.98659324645996 2.5975054204464 0.0243618339300156
0.678807633645181 3.98659324645996 2.63525521755219 0.0286220535635948
0.74711623840516 4.04104995727539 2.83186328411102 0.0320235304534435
0.822298757442146 4.06265139579773 2.87403041124344 0.0326054133474827
0.90504691470005 4.17070913314819 2.90855091810226 0.0351152792572975
0.997049767162749 4.17070913314819 3.08896404504776 0.0367508120834827
1.0973831681079 4.17070913314819 3.11646431684494 0.0392053574323654
1.207813147656 4.17070913314819 3.27513498067856 0.0430176258087158
1.32935572737641 4.17070913314819 3.27513498067856 0.0493082590401173
1.46312917137724 4.17070913314819 3.35124289989471 0.0519808791577816
1.61036427500108 4.19232761859894 3.56799030303955 0.0559819787740707
1.77241568887504 4.19232761859894 3.56799030303955 0.0598461031913757
1.95077438250316 4.19232761859894 3.84846317768097 0.0657541863620281
2.14708136207369 4.19232761859894 3.87996447086334 0.0704455301165581
2.36314276869316 4.19232761859894 4.17712354660034 0.0764097608625889
2.60094649596008 4.19232761859894 4.34199893474579 0.0823782868683338
2.86268047976978 4.19232761859894 4.34199893474579 0.09302693977952
3.15075282862747 4.19232761859894 4.40268051624298 0.0949874110519886
3.46781397968047 4.19232761859894 4.40268051624298 0.0980647169053555
3.81678108431816 4.19232761859894 4.42625641822815 0.103904712945223
4.2008648477019 4.19232761859894 4.43233287334442 0.108421821147203
4.62790519502682 4.19232761859894 4.59499192237854 0.113178115338087
5.09361260779729 4.19232761859894 4.62525677680969 0.11816156283021
5.6061842896419 4.19232761859894 4.72593557834625 0.123736128211021
6.17033620525356 4.19232761859894 4.86372935771942 0.131113119423389
6.79125888819023 4.19232761859894 4.96644222736359 0.135201513767242
7.47466519687438 4.19232761859894 5.13562369346619 0.144203770905733
8.22684287629239 4.19232761859894 5.13562369346619 0.144960019737482
9.05471240899251 4.19232761859894 5.13562369346619 0.163740020245314
9.96589068764523 4.19232761859894 5.13562369346619 0.184092830866575
10.9687610949915 4.19232761859894 5.13562369346619 0.184100147336721
12.072550635956 4.19232761859894 5.13562369346619 0.192686378955841
13.2874148315868 4.19232761859894 5.13562369346619 0.195974558591843
14.6245311558961 4.19232761859894 5.13562369346619 0.21446967124939
16.0962018752773 4.19232761859894 5.13562369346619 0.228930354118347
17.7159672366814 4.19232761859894 5.13562369346619 0.228930354118347
19.4987300459514 4.19232761859894 5.13562369346619 0.246419161558151
21.4808800919766 4.19232761859894 5.13562369346619 0.273209284991026
23.6425071500281 4.19232761859894 5.13562369346619 0.314346466213465
26.0216593522121 4.19232761859894 5.13562369346619 0.319301228970289
28.6402263154973 4.19232761859894 5.13562369346619 0.339087385684252
31.5223004152183 4.19232761859894 5.13562369346619 0.382340308278799
34.6943984492749 4.19232761859894 5.13562369346619 0.429077945649624
38.1857056084627 4.19232761859894 5.13562369346619 0.46847827732563
42.0283439976073 4.19232761859894 5.13562369346619 0.46847827732563
46.2576681780564 4.19232761859894 5.13562369346619 0.509730219841003
50.9125904506965 4.19232761859894 5.13562369346619 0.509730219841003
56.0359388722924 4.19232761859894 5.13562369346619 0.509730219841003
61.674851299112 4.19232761859894 5.13562369346619 0.623185515403748
67.8812090832727 4.19232761859894 5.13562369346619 0.775934010744095
74.7121144120754 4.19232761859894 5.13562369346619 0.892070528119802
82.2304156821292 4.19232761859894 5.13562369346619 0.978208497166634
90.5052857420251 4.19232761859894 5.13562369346619 1.02379013597965
99.7056313992196 4.19232761859894 5.13562369346619 1.09166379272938
109.739037374665 4.19232761859894 5.13562369346619 1.09166379272938
120.782107840023 4.19232761859894 5.13562369346619 1.09166379272938
132.936445619368 4.19232761859894 5.13562369346619 1.09166379272938
146.313877857786 4.19232761859894 5.13562369346619 1.09166379272938
161.037484897703 4.19232761859894 5.13562369346619 1.09166379272938
177.242732691319 4.19232761859894 5.13562369346619 1.09166379272938
195.078719168039 4.19232761859894 5.13562369346619 1.09166379272938
214.709546024206 4.19232761859894 5.13562369346619 1.09166379272938
214.909512828253 4.19232761859894 5.13562369346619 1.09166379272938
