0.0194894644874591 0.586059033870697 0.000809729099273682 1.37202441692352e-05
0.0195076157341004 0.586059033870697 0.000809729099273682 1.37202441692352e-05
0.0214706726399789 0.586059033870697 0.000809729099273682 1.37202441692352e-05
0.0236312725192399 0.586059033870697 0.000809729099273682 1.37202441692352e-05
0.0260092941773403 0.586059033870697 0.000809729099273682 1.37202441692352e-05
0.02862661682957 0.586059033870697 0.000809729099273682 1.37202441692352e-05
0.0315073214028609 0.586059033870697 0.000809729099273682 6.71893358230591e-05
0.0346779120946542 0.586059033870697 0.000809729099273682 6.71893358230591e-05
0.0381675602272991 0.586059033870697 0.000809729099273682 6.71893358230591e-05
0.0420083726415892 0.586059033870697 0.000809729099273682 6.71893358230591e-05
0.0462787480746938 0.586059033870697 0.000809729099273682 6.71893358230591e-05
0.0509357916233132 0.586059033870697 0.000809729099273682 6.71893358230591e-05
0.056061474785492 0.586059033870697 0.000809729099273682 6.71893358230591e-05
0.0617029568985016 0.586059033870697 0.000809729099273682 6.71893358230591e-05
0.0679121429571029 0.586059033870697 0.00487211346626282 6.71893358230591e-05
0.0747461611704054 0.768446087837219 0.0227258205413818 0.000349964946508408
0.0822678885754094 0.967256665229797 0.0227258205413818 0.000349964946508408
0.0905465295431877 1.00701880455017 0.0227258205413818 0.000396763905882835
0.0996582525003081 1.9137766957283 0.0227258205413818 0.000640088692307472
0.109686890723714 1.9137766957283 0.132030010223389 0.000640088692307472
0.120724713656792 1.9137766957283 0.132030010223389 0.000690601766109467
0.132873275843195 2.74790793657303 0.132030010223389 0.00115315243601799
0.146244351289115 2.74790793657303 0.132030010223389 0.00117974728345871
0.160960961850701 2.74790793657303 0.142262279987335 0.00117974728345871
0.177158509108387 2.74790793657303 0.191455006599426 0.00157228484749794
0.194986020142061 2.80583125352859 0.283451020717621 0.00199305266141891
0.214807390451206 2.80583125352859 0.32112655043602 0.00236269272863865
0.23642351909587 3.39448344707489 0.32112655043602 0.00236269272863865
0.260214884898814 3.51117664575577 0.456883400678635 0.00264983624219894
0.286400382592417 3.51117664575577 0.456883400678635 0.00298785790801048
0.315220934348083 3.56563341617584 0.543846666812897 0.00308920629322529
0.346941706403675 3.56563341617584 0.586627393960953 0.00356533750891685
0.381854548750803 3.56563341617584 0.620326183736324 0.00400436669588089
0.420280680328535 3.62527656555176 0.703341454267502 0.00422212108969688
0.462573644428912 3.84656143188477 0.831080257892609 0.00479880534112453
0.509122561505755 3.84656143188477 0.887089014053345 0.00522589311003685
0.560355709314554 3.93300080299377 0.991981007158756 0.00564540736377239
0.616744463322841 3.98659324645996 1.08586470037699 0.00615426898002625
0.678807633645181 3.98659324645996 1.21832089871168 0.00662984326481819
0.74711623840516 4.04104995727539 1.29806456714869 0.00735583156347275
0.822298757442146 4.06265139579773 1.46512319892645 0.00792907550930977
0.90504691470005 4.17070913314819 1.5721683204174 0.00892220996320248
0.997049767162749 4.17070913314819 1.80259590595961 0.00955718010663986
1.0973831681079 4.17070913314819 1.9023040086031 0.00985409133136272
1.207813147656 4.17070913314819 2.13047900795937 0.0108051132410765
1.32935572737641 4.17070913314819 2.2448325548321 0.0115530230104923
1.46312917137724 4.17070913314819 2.49555566906929 0.0121735818684101
1.61036427500108 4.19232761859894 2.66783764958382 0.0132999271154404
1.77241568887504 4.19232761859894 2.79408299922943 0.0145402643829584
1.95077438250316 4.19232761859894 2.87247678637505 0.0151861049234867
2.14708136207369 4.19232761859894 3.06357372552156 0.0157315228134394
2.36314276869316 4.19232761859894 3.23955264687538 0.0170480217784643
2.60094649596008 4.19232761859894 3.54542115330696 0.0181214269250631
2.86268047976978 4.19232761859894 3.72858682274818 0.0188167188316584
3.15075282862747 4.19232761859894 3.78760078549385 0.0195978488773108
3.46781397968047 4.19232761859894 4.0147331058979 0.020245005376637
3.81678108431816 4.19232761859894 4.50180353224277 0.020663526840508
4.2008648477019 4.19232761859894 4.68114838004112 0.0209190296009183
4.62790519502682 4.19232761859894 4.80092325806618 0.0210726680234075
5.09361260779729 4.19232761859894 4.83088544011116 0.0218601291999221
5.6061842896419 4.19232761859894 5.4576262421906 0.0224251402541995
6.17033620525356 4.19232761859894 5.65370240807533 0.0224251402541995
6.79125888819023 4.19232761859894 5.80664816498756 0.0233479961752892
7.47466519687438 4.19232761859894 5.85006001591682 0.0249612145125866
8.22684287629239 4.19232761859894 6.55145436525345 0.025921892374754
9.05471240899251 4.19232761859894 6.55145436525345 0.025921892374754
9.96589068764523 4.19232761859894 7.28537002205849 0.025921892374754
10.9687610949915 4.19232761859894 7.60061350464821 0.025921892374754
12.072550635956 4.19232761859894 7.82355809211731 0.025921892374754
13.2874148315868 4.19232761859894 8.61259117722511 0.025921892374754
14.6245311558961 4.19232761859894 9.27020627260208 0.025921892374754
16.0962018752773 4.19232761859894 10.1235126256943 0.025921892374754
17.7159672366814 4.19232761859894 10.3493275940418 0.025921892374754
19.4987300459514 4.19232761859894 10.9633312225342 0.0264179892838001
21.4808800919766 4.19232761859894 11.077052116394 0.0312787778675556
23.6425071500281 4.19232761859894 13.4139053821564 0.0312787778675556
26.0216593522121 4.19232761859894 14.6990432441235 0.0361013300716877
28.6402263154973 4.19232761859894 16.003307312727 0.0369848869740963
31.5223004152183 4.19232761859894 16.3125552237034 0.0370503254234791
34.6943984492749 4.19232761859894 17.347903162241 0.0383312553167343
38.1857056084627 4.19232761859894 17.4583472311497 0.043409239500761
42.0283439976073 4.19232761859894 19.9762420654297 0.045808881521225
46.2576681780564 4.19232761859894 22.3737449645996 0.0573088973760605
50.9125904506965 4.19232761859894 23.4263496398926 0.0676444619894028
56.0359388722924 4.19232761859894 27.3071269989014 0.0784033313393593
61.674851299112 4.19232761859894 30.6028027534485 0.0813374854624271
67.8812090832727 4.19232761859894 32.9983520507812 0.0888341125100851
74.7121144120754 4.19232761859894 36.980945199728 0.0986379720270634
82.2304156821292 4.19232761859894 37.3215366005898 0.105092160403728
90.5052857420251 4.19232761859894 37.9267958700657 0.110170144587755
99.7056313992196 4.19232761859894 37.9267958700657 0.110170144587755
109.739037374665 4.19232761859894 37.9267958700657 0.110170144587755
120.782107840023 4.19232761859894 37.9267958700657 0.110170144587755
132.936445619368 4.19232761859894 37.9267958700657 0.110170144587755
146.313877857786 4.19232761859894 37.9267958700657 0.110170144587755
161.037484897703 4.19232761859894 37.9267958700657 0.110170144587755
177.242732691319 4.19232761859894 37.9267958700657 0.110170144587755
195.078719168039 4.19232761859894 37.9267958700657 0.110170144587755
214.709546024206 4.19232761859894 37.9267958700657 0.110170144587755
214.909512828253 4.19232761859894 37.9267958700657 0.110170144587755
