0.0194894644874591 0.586059033870697 2.79396772384644e-09 0
0.0195076157341004 0.586059033870697 2.79396772384644e-09 0
0.0214706726399789 0.586059033870697 2.79396772384644e-09 0
0.0236312725192399 0.586059033870697 2.79396772384644e-09 0
0.0260092941773403 0.586059033870697 2.79396772384644e-09 0
0.02862661682957 0.586059033870697 2.79396772384644e-09 0
0.0315073214028609 0.586059033870697 2.79396772384644e-09 0
0.0346779120946542 0.586059033870697 2.79396772384644e-09 0
0.0381675602272991 0.586059033870697 2.79396772384644e-09 0
0.0420083726415892 0.586059033870697 2.79396772384644e-09 0
0.0462787480746938 0.586059033870697 2.79396772384644e-09 0
0.0509357916233132 0.586059033870697 2.79396772384644e-09 0
0.056061474785492 0.586059033870697 2.79396772384644e-09 0
0.0617029568985016 0.586059033870697 2.79396772384644e-09 0
0.0679121429571029 0.586059033870697 2.79396772384644e-09 0
0.0747461611704054 0.768446087837219 5.58793544769287e-09 7.45058059692383e-09
0.0822678885754094 0.967256665229797 5.58793544769287e-09 7.45058059692383e-09
0.0905465295431877 1.00701880455017 7.45058059692383e-09 7.45058059692383e-09
0.0996582525003081 1.9137766957283 7.45058059692383e-09 7.45058059692383e-09
0.109686890723714 1.9137766957283 7.45058059692383e-09 7.45058059692383e-09
0.120724713656792 1.9137766957283 7.45058059692383e-09 7.45058059692383e-09
0.132873275843195 2.74790793657303 8.38190317153931e-09 7.45058059692383e-09
0.146244351289115 2.74790793657303 8.38190317153931e-09 7.45058059692383e-09
0.160960961850701 2.74790793657303 8.38190317153931e-09 1.49011611938477e-08
0.177158509108387 2.74790793657303 9.31322574615479e-09 1.49011611938477e-08
0.194986020142061 2.80583125352859 9.31322574615479e-09 1.49011611938477e-08
0.214807390451206 2.80583125352859 1.02445483207703e-08 1.49011611938477e-08
0.23642351909587 3.39448344707489 1.11758708953857e-08 1.49011611938477e-08
0.260214884898814 3.51117664575577 1.11758708953857e-08 1.49011611938477e-08
0.286400382592417 3.51117664575577 1.21071934700012e-08 1.49011611938477e-08
0.315220934348083 3.56563341617584 1.21071934700012e-08 1.49011611938477e-08
0.346941706403675 3.56563341617584 1.39698386192322e-08 1.49011611938477e-08
0.381854548750803 3.56563341617584 1.49011611938477e-08 1.49011611938477e-08
0.420280680328535 3.62527656555176 1.58324837684631e-08 2.23517417907715e-08
0.462573644428912 3.84656143188477 1.67638063430786e-08 2.23517417907715e-08
0.509122561505755 3.84656143188477 1.67638063430786e-08 2.98023223876953e-08
0.560355709314554 3.93300080299377 1.9557774066925e-08 2.98023223876953e-08
0.616744463322841 3.98659324645996 2.04890966415405e-08 2.98023223876953e-08
0.678807633645181 3.98659324645996 2.3283064365387e-08 2.98023223876953e-08
0.74711623840516 4.04104995727539 2.3283064365387e-08 2.98023223876953e-08
0.822298757442146 4.06265139579773 2.70083546638489e-08 2.98023223876953e-08
0.90504691470005 4.17070913314819 2.79396772384644e-08 2.98023223876953e-08
0.997049767162749 4.17070913314819 3.07336449623108e-08 3.72529029846191e-08
1.0973831681079 4.17070913314819 3.16649675369263e-08 4.4703483581543e-08
1.207813147656 4.17070913314819 3.53902578353882e-08 4.4703483581543e-08
1.32935572737641 4.17070913314819 3.81842255592346e-08 4.4703483581543e-08
1.46312917137724 4.17070913314819 4.09781932830811e-08 4.4703483581543e-08
1.61036427500108 4.19232761859894 4.09781932830811e-08 5.21540641784668e-08
1.77241568887504 4.19232761859894 4.74974513053894e-08 5.96046447753906e-08
1.95077438250316 4.19232761859894 4.74974513053894e-08 5.96046447753906e-08
2.14708136207369 4.19232761859894 5.12227416038513e-08 6.70552253723145e-08
2.36314276869316 4.19232761859894 5.12227416038513e-08 7.45058059692383e-08
2.60094649596008 4.19232761859894 5.68106770515442e-08 7.45058059692383e-08
2.86268047976978 4.19232761859894 5.68106770515442e-08 7.45058059692383e-08
3.15075282862747 4.19232761859894 5.96046447753906e-08 7.45058059692383e-08
3.46781397968047 4.19232761859894 5.96046447753906e-08 7.45058059692383e-08
3.81678108431816 4.19232761859894 6.33299350738525e-08 7.45058059692383e-08
4.2008648477019 4.19232761859894 6.51925802230835e-08 8.94069671630859e-08
4.62790519502682 4.19232761859894 7.07805156707764e-08 8.94069671630859e-08
5.09361260779729 4.19232761859894 7.26431608200073e-08 8.94069671630859e-08
5.6061842896419 4.19232761859894 8.00937414169312e-08 9.68575477600098e-08
6.17033620525356 4.19232761859894 8.00937414169312e-08 9.68575477600098e-08
6.79125888819023 4.19232761859894 8.66129994392395e-08 9.68575477600098e-08
7.47466519687438 4.19232761859894 8.7544322013855e-08 1.04308128356934e-07
8.22684287629239 4.19232761859894 9.77888703346252e-08 1.19209289550781e-07
9.05471240899251 4.19232761859894 1.04308128356934e-07 1.26659870147705e-07
9.96589068764523 4.19232761859894 1.04308128356934e-07 1.34110450744629e-07
10.9687610949915 4.19232761859894 1.18277966976166e-07 1.41561031341553e-07
12.072550635956 4.19232761859894 1.18277966976166e-07 1.41561031341553e-07
13.2874148315868 4.19232761859894 1.18277966976166e-07 1.41561031341553e-07
14.6245311558961 4.19232761859894 1.18277966976166e-07 1.41561031341553e-07
16.0962018752773 4.19232761859894 2.02096998691559e-07 2.23517417907715e-07
17.7159672366814 4.19232761859894 2.02096998691559e-07 2.23517417907715e-07
19.4987300459514 4.19232761859894 2.02096998691559e-07 2.23517417907715e-07
21.4808800919766 4.19232761859894 2.02096998691559e-07 2.23517417907715e-07
23.6425071500281 4.19232761859894 2.02096998691559e-07 2.23517417907715e-07
26.0216593522121 4.19232761859894 2.02096998691559e-07 2.23517417907715e-07
28.6402263154973 4.19232761859894 2.02096998691559e-07 2.23517417907715e-07
31.5223004152183 4.19232761859894 2.17929482460022e-07 2.23517417907715e-07
34.6943984492749 4.19232761859894 2.57045030593872e-07 2.45869159698486e-07
38.1857056084627 4.19232761859894 2.85916030406952e-07 2.75671482086182e-07
42.0283439976073 4.19232761859894 2.85916030406952e-07 2.75671482086182e-07
46.2576681780564 4.19232761859894 2.93366611003876e-07 3.27825546264648e-07
50.9125904506965 4.19232761859894 2.93366611003876e-07 3.27825546264648e-07
56.0359388722924 4.19232761859894 2.93366611003876e-07 3.27825546264648e-07
61.674851299112 4.19232761859894 4.95463609695435e-07 5.51342964172363e-07
67.8812090832727 4.19232761859894 4.95463609695435e-07 5.51342964172363e-07
74.7121144120754 4.19232761859894 5.11296093463898e-07 5.51342964172363e-07
82.2304156821292 4.19232761859894 6.69620931148529e-07 7.07805156707764e-07
90.5052857420251 4.19232761859894 7.48783349990845e-07 7.89761543273926e-07
99.7056313992196 4.19232761859894 7.81379640102386e-07 8.27014446258545e-07
109.739037374665 4.19232761859894 7.81379640102386e-07 8.27014446258545e-07
120.782107840023 4.19232761859894 7.81379640102386e-07 8.27014446258545e-07
132.936445619368 4.19232761859894 7.81379640102386e-07 8.27014446258545e-07
146.313877857786 4.19232761859894 7.81379640102386e-07 8.27014446258545e-07
161.037484897703 4.19232761859894 7.81379640102386e-07 8.27014446258545e-07
177.242732691319 4.19232761859894 7.81379640102386e-07 8.27014446258545e-07
195.078719168039 4.19232761859894 7.81379640102386e-07 8.27014446258545e-07
214.709546024206 4.19232761859894 7.81379640102386e-07 8.27014446258545e-07
214.909512828253 4.19232761859894 7.81379640102386e-07 8.27014446258545e-07
