0.0387145280838013 0.586059033870697 0.00119730830192566 2.41696834564209e-05
0.0387500300966981 0.586059033870697 0.00119730830192566 2.41696834564209e-05
0.0425866726076336 0.586059033870697 0.00119730830192566 2.41696834564209e-05
0.0468031812946723 0.586059033870697 0.00119730830192566 2.41696834564209e-05
0.0514371667278207 0.586059033870697 0.00119730830192566 2.41696834564209e-05
0.0565299633015929 0.586059033870697 0.00119730830192566 2.41696834564209e-05
0.0621269979310704 0.586059033870697 0.00119730830192566 2.41696834564209e-05
0.068278195252578 0.586059033870697 0.00119730830192566 2.41696834564209e-05
0.0750384229432996 0.586059033870697 0.00245815515518188 5.43147325515747e-05
0.0824679811320132 0.586059033870697 0.00245815515518188 5.43147325515747e-05
0.0907162527069789 0.586059033870697 0.00819462537765503 5.43147325515747e-05
0.0996980736423392 0.586059033870697 0.00819462537765503 5.43147325515747e-05
0.109569185139287 0.586059033870697 0.00819462537765503 5.43147325515747e-05
0.120417635902936 0.586059033870697 0.00819462537765503 5.43147325515747e-05
0.132340192345309 0.586059033870697 0.00819462537765503 5.43147325515747e-05
0.145443201725957 0.99837489426136 0.0325875878334045 0.000189229846000671
0.159843540752169 0.99837489426136 0.0691458061337471 0.000480309128761292
0.175669658100152 0.99837489426136 0.0691458061337471 0.000480309128761292
0.193062720156276 0.99837489426136 0.0691458061337471 0.000480309128761292
0.212177870198225 2.30101633071899 0.0691458061337471 0.000480309128761292
0.233185612247737 2.30101633071899 0.0691458061337471 0.000480309128761292
0.25627333193868 2.30101633071899 0.126684248447418 0.000813990831375122
0.281646967966354 2.74790793657303 0.159372806549072 0.000813990831375122
0.309532849027073 2.74790793657303 0.159372806549072 0.000813990831375122
0.340179712633237 2.74790793657303 0.188313215970993 0.000964328646659851
0.373860923811385 2.74790793657303 0.268183402717113 0.00114448368549347
0.411253695994416 3.10663169622421 0.283735007047653 0.00114448368549347
0.451971945990459 3.13343650102615 0.335970610380173 0.0016728937625885
0.496721712052834 3.13343650102615 0.335970610380173 0.001678466796875
0.54590215479858 3.56563341617584 0.377962678670883 0.00187389552593231
0.599951955758347 3.7056565284729 0.427988715469837 0.0019942969083786
0.659353230344131 3.7056565284729 0.575111657381058 0.00201830267906189
0.724635828240139 3.7056565284729 0.575111657381058 0.0028689056634903
0.796382059575582 3.7056565284729 0.600605010986328 0.0028689056634903
0.875231889036086 3.84656143188477 0.666314601898193 0.00336477160453796
0.961888644244345 3.84656143188477 0.738397352397442 0.00401210784912109
1.05712528932784 3.93300080299377 0.894627302885056 0.00418965518474579
1.16179131963283 3.93300080299377 0.976153194904327 0.00526125729084015
1.27682033908432 4.04104995727539 1.13786047697067 0.0053543746471405
1.4032383877809 4.04104995727539 1.23774096369743 0.00551261007785797
1.54217309410505 4.19232761859894 1.26951315999031 0.00603128969669342
1.69486373298454 4.19232761859894 1.40724548697472 0.00765155255794525
1.86438038854372 4.19232761859894 1.56045278161764 0.0077856034040451
2.0489727885339 4.19232761859894 1.79987428337336 0.0082026869058609
2.25184169172242 4.19232761859894 1.89943947643042 0.0111693739891052
2.4747966556489 4.19232761859894 2.09613355994225 0.0111693739891052
2.7198264022398 4.19232761859894 2.19306888431311 0.0113675892353058
2.98911655688376 4.19232761859894 2.51148851960897 0.0145119875669479
3.28506914385371 4.19232761859894 2.6323703750968 0.0145119875669479
3.61032401197175 4.19232761859894 2.70216275006533 0.0145119875669479
3.96778238163021 4.19232761859894 2.86051586270332 0.0182045698165894
4.36063272320454 4.19232761859894 3.12642166763544 0.0185486525297165
4.79237919768918 4.19232761859894 3.34139298647642 0.0185486525297165
5.2668729132423 4.19232761859894 3.71934127807617 0.0196383893489838
5.78834627644265 4.19232761859894 3.9409351348877 0.0205098986625671
6.36145074466621 4.19232761859894 4.17523762583733 0.0205098986625671
6.99129831632754 4.19232761859894 4.49589616805315 0.0205098986625671
7.68350712907217 4.19232761859894 4.61319801956415 0.0210996270179749
8.45199512379247 4.19232761859894 4.93661105632782 0.0214908272027969
9.28882760400582 4.19232761859894 5.25007048249245 0.0214908272027969
10.2085149119472 4.19232761859894 5.36594340205193 0.0214908272027969
11.2192605084528 4.19232761859894 5.38913740217686 0.0215250253677368
12.330080079446 4.19232761859894 5.96850824356079 0.0243309140205383
13.5508819543863 4.19232761859894 6.57971858978271 0.0281429067254066
14.8925554869521 4.19232761859894 7.37935352325439 0.0299088954925537
16.3670681863003 4.19232761859894 7.84605610370636 0.0333888381719589
17.9875724652967 4.19232761859894 8.36842069029808 0.0385817363858223
19.7685229578944 4.19232761859894 8.8974234983325 0.0412788838148117
21.7258054521118 4.19232761859894 8.9947911798954 0.045298658311367
23.8768785886714 4.19232761859894 9.00617033243179 0.0484887734055519
26.2409295892292 4.19232761859894 9.44143579155207 0.0502370372414589
28.8390454032626 4.19232761859894 10.3025503158569 0.0512369498610497
31.6944008002223 4.19232761859894 10.8576688766479 0.0554258599877357
34.8324650846968 4.19232761859894 11.687671661377 0.0568685010075569
38.3163339475004 4.19232761859894 12.8885673284531 0.06363545358181
42.1100361799719 4.19232761859894 14.0886812210083 0.06363545358181
46.2793530693252 4.19232761859894 15.2431771159172 0.06363545358181
50.8614742424258 4.19232761859894 15.3224569261074 0.0916205942630768
55.8972714730444 4.19232761859894 15.3234766125679 0.0916205942630768
61.4316632514152 4.19232761859894 19.4606790542603 0.0916205942630768
67.5140154498445 4.19232761859894 19.4606790542603 0.119708716869354
74.1985816582434 4.19232761859894 22.3754529953003 0.155256047844887
81.5449871173038 4.19232761859894 26.2608127593994 0.155256047844887
89.6187605659235 4.19232761859894 29.2084755897522 0.163023129105568
98.4919187468734 4.19232761859894 31.52827501297 0.183344170451164
108.243608784401 4.19232761859894 34.5984202623367 0.192598842084408
118.960814163673 4.19232761859894 34.6127660870552 0.22653928399086
130.739130609284 4.19232761859894 34.6127660870552 0.254627406597137
143.683618783529 4.19232761859894 34.622336357832 0.254627406597137
157.909741410383 4.19232761859894 34.622336357832 0.254627406597137
173.703536936922 4.19232761859894 34.622336357832 0.346248000860214
190.901933233621 4.19232761859894 34.622336357832 0.346248000860214
209.803143649102 4.19232761859894 34.935911744833 0.417650535702705
230.575763898515 4.19232761859894 34.9465017020702 0.449548341333866
253.405082367608 4.19232761859894 34.9465017020702 0.449548341333866
278.494732854913 4.19232761859894 34.9465017020702 0.453238055109978
306.068510952025 4.19232761859894 34.9465017020702 0.453238055109978
336.372370263797 4.19232761859894 34.9465017020702 0.470323823392391
369.676616274388 4.19232761859894 34.9465017020702 0.470323823392391
370.015617281199 4.19232761859894 34.9465017020702 0.470323823392391
