0.0387145280838013 0.586059033870697 0.0161841511726379 0.000285234302282333
0.0387500300966981 0.586059033870697 0.0161841511726379 0.000285234302282333
0.0425866726076336 0.586059033870697 0.0161841511726379 0.000285234302282333
0.0468031812946723 0.586059033870697 0.0161841511726379 0.000285234302282333
0.0514371667278207 0.586059033870697 0.0161841511726379 0.000285234302282333
0.0565299633015929 0.586059033870697 0.0161841511726379 0.000285234302282333
0.0621269979310704 0.586059033870697 0.0161841511726379 0.000285234302282333
0.068278195252578 0.586059033870697 0.0161841511726379 0.000285234302282333
0.0750384229432996 0.586059033870697 0.0161841511726379 0.000285234302282333
0.0824679811320132 0.586059033870697 0.0161841511726379 0.000285234302282333
0.0907162527069789 0.586059033870697 0.0161841511726379 0.000285234302282333
0.0996980736423392 0.586059033870697 0.0161841511726379 0.000285234302282333
0.109569185139287 0.586059033870697 0.0161841511726379 0.000285234302282333
0.120417635902936 0.586059033870697 0.0161841511726379 0.000285234302282333
0.132340192345309 0.586059033870697 0.0161841511726379 0.000285234302282333
0.145443201725957 0.586059033870697 0.0161841511726379 0.000285234302282333
0.159843540752169 0.967256665229797 0.316882193088531 0.0015336386859417
0.175669658100152 0.967256665229797 0.328056573867798 0.00288031250238419
0.193062720156276 0.967256665229797 0.328056573867798 0.00288031250238419
0.212177870198225 1.85931992530823 0.415318787097931 0.00288031250238419
0.233185612247737 1.9137766957283 0.415318787097931 0.00351922959089279
0.25627333193868 1.9137766957283 0.415318787097931 0.00351922959089279
0.281646967966354 2.74790793657303 0.568119943141937 0.00486631691455841
0.309532849027073 2.74790793657303 0.679797142744064 0.00486631691455841
0.340179712633237 2.74790793657303 0.68346893787384 0.00640658289194107
0.373860923811385 2.74790793657303 0.907060146331787 0.00640658289194107
0.411253695994416 3.10663169622421 1.02399656176567 0.00784453749656677
0.451971945990459 3.10663169622421 1.08346509933472 0.00988700240850449
0.496721712052834 3.12219077348709 1.32344973087311 0.0102378651499748
0.54590215479858 3.56563341617584 1.32344973087311 0.0106320977210999
0.599951955758347 3.56563341617584 1.32344973087311 0.0134456902742386
0.659353230344131 3.56563341617584 1.45290994644165 0.0139009729027748
0.724635828240139 3.56563341617584 1.62798157334328 0.016628809273243
0.796382059575582 3.56563341617584 1.79589849710464 0.0184720009565353
0.875231889036086 3.84656143188477 1.97885572910309 0.0192166715860367
0.961888644244345 3.84656143188477 1.97885572910309 0.0257988274097443
1.05712528932784 3.84656143188477 2.10777026414871 0.0277238413691521
1.16179131963283 3.84656143188477 2.28939235210419 0.0299816578626633
1.27682033908432 3.98659324645996 2.43283319473267 0.030033603310585
1.4032383877809 4.04104137420654 2.48970723152161 0.0342588424682617
1.54217309410505 4.04104995727539 2.69879698753357 0.0394119247794151
1.69486373298454 4.17070913314819 2.69879698753357 0.0413704067468643
1.86438038854372 4.17070913314819 2.91749310493469 0.0457485392689705
2.0489727885339 4.17070913314819 3.02360731363297 0.05052400380373
2.25184169172242 4.17070913314819 3.02360731363297 0.0527263581752777
2.4747966556489 4.17070913314819 3.17759746313095 0.0576029419898987
2.7198264022398 4.17070913314819 3.28403222560883 0.0592532977461815
2.98911655688376 4.19232761859894 3.40395665168762 0.0632428899407387
3.28506914385371 4.19232761859894 3.45973545312881 0.0696403235197067
3.61032401197175 4.19232761859894 3.54693031311035 0.0772144570946693
3.96778238163021 4.19232761859894 3.62408244609833 0.0817344672977924
4.36063272320454 4.19232761859894 3.77346920967102 0.0852086804807186
4.79237919768918 4.19232761859894 3.84571719169617 0.096590481698513
5.2668729132423 4.19232761859894 4.18832147121429 0.1062336191535
5.78834627644265 4.19232761859894 4.18832147121429 0.111902065575123
6.36145074466621 4.19232761859894 4.25831162929535 0.127792544662952
6.99129831632754 4.19232761859894 4.25831162929535 0.133017472922802
7.68350712907217 4.19232761859894 4.37961685657501 0.150970220565796
8.45199512379247 4.19232761859894 4.37961685657501 0.168961934745312
9.28882760400582 4.19232761859894 4.38855981826782 0.190311819314957
10.2085149119472 4.19232761859894 4.38855981826782 0.209567725658417
11.2192605084528 4.19232761859894 4.47951829433441 0.222969107329845
12.330080079446 4.19232761859894 4.51698517799377 0.271411657333374
13.5508819543863 4.19232761859894 4.53522515296936 0.285789161920547
14.8925554869521 4.19232761859894 4.69216990470886 0.299405008554459
16.3670681863003 4.19232761859894 4.69216990470886 0.330429315567017
17.9875724652967 4.19232761859894 4.69373512268066 0.350871630012989
19.7685229578944 4.19232761859894 4.69373512268066 0.373049847781658
21.7258054521118 4.19232761859894 4.69373512268066 0.427016820758581
23.8768785886714 4.19232761859894 4.85218298435211 0.472887806594372
26.2409295892292 4.19232761859894 4.85218298435211 0.510424695909023
28.8390454032626 4.19232761859894 4.85218298435211 0.60802000015974
31.6944008002223 4.19232761859894 4.85218298435211 0.637137927114964
34.8324650846968 4.19232761859894 4.85218298435211 0.666550382971764
38.3163339475004 4.19232761859894 4.85218298435211 0.68899055570364
42.1100361799719 4.19232761859894 4.85218298435211 0.770787499845028
46.2793530693252 4.19232761859894 4.85218298435211 0.821387760341167
50.8614742424258 4.19232761859894 4.85218298435211 0.856644071638584
55.8972714730444 4.19232761859894 4.85218298435211 0.881266809999943
61.4316632514152 4.19232761859894 4.85218298435211 0.881266809999943
67.5140154498445 4.19232761859894 4.85218298435211 1.02833187580109
74.1985816582434 4.19232761859894 4.85218298435211 1.27497917413712
81.5449871173038 4.19232761859894 4.85218298435211 1.51136895269156
89.6187605659235 4.19232761859894 4.85218298435211 1.65409968048334
98.4919187468734 4.19232761859894 4.85218298435211 1.84795547276735
108.243608784401 4.19232761859894 4.85218298435211 1.86005315929651
118.960814163673 4.19232761859894 4.85218298435211 1.99148719757795
130.739130609284 4.19232761859894 4.85218298435211 2.01262984424829
143.683618783529 4.19232761859894 4.85218298435211 2.01262984424829
157.909741410383 4.19232761859894 4.85218298435211 2.01262984424829
173.703536936922 4.19232761859894 4.85218298435211 2.01262984424829
190.901933233621 4.19232761859894 4.85218298435211 2.01262984424829
209.803143649102 4.19232761859894 4.85218298435211 2.01262984424829
230.575763898515 4.19232761859894 4.85218298435211 2.01262984424829
253.405082367608 4.19232761859894 4.85218298435211 2.01262984424829
278.494732854913 4.19232761859894 4.85218298435211 2.01262984424829
306.068510952025 4.19232761859894 4.85218298435211 2.01262984424829
336.372370263797 4.19232761859894 4.85218298435211 2.01262984424829
369.676616274388 4.19232761859894 4.85218298435211 2.01262984424829
370.015617281199 4.19232761859894 4.85218298435211 2.01262984424829
