1.64352567634172 0 0.00712074148543962 0.00014696569191922
1.6440921328502 0 0.00712074148543962 0.00014696569191922
1.70349519045913 0 0.00712074148543962 0.00014696569191922
1.76504455312164 0 0.00712074148543962 0.00014696569191922
1.8288177694618 0 0.00712074148543962 0.00014696569191922
1.89489519003021 0 0.0210503765904201 0.00014696569191922
1.96336006854107 0 0.0210503765904201 0.000161277792297535
2.03429866676696 0 0.0381664696088963 0.000197671310991097
2.10780036322374 0 0.0381664696088963 0.000197671310991097
2.18395776578221 0 0.0381664696088963 0.000224056309776824
2.26364674658258 0 0.0474287360621568 0.000245803425388782
2.34543506939415 0 0.0496930624131814 0.000286180107691901
2.43017850424271 0 0.0765566448999746 0.000286180107691901
2.51798382293689 0 0.0810529147665673 0.000380128663090197
2.60896165508122 0 0.0830387968021865 0.000380128663090197
2.70322662746303 0 0.0830387968021865 0.000411050592962455
2.80089750847551 0 0.0830387968021865 0.000411050592962455
2.90209735775904 0 0.103871950965843 0.000411050592962455
3.00695368124914 0 0.103871950965843 0.000425670196565935
3.1155985918266 0 0.103871950965843 0.000451547036423602
3.22816897577201 0 0.115291437395053 0.000514795239251924
3.34480666523452 0 0.132954866680351 0.000522263202060668
3.46565861693214 0 0.132954866680351 0.000528790521336465
3.59087709730866 0 0.132954866680351 0.000553434561433916
3.72061987438053 0 0.154508269334219 0.000645207181207666
3.85505041651542 0 0.154508269334219 0.000645207181207666
3.99571478440722 0 0.160855620310321 0.000684956049535926
4.14008484176861 0 0.182563017502241 0.000737542322546022
4.28967116570234 0 0.182563017502241 0.000737542322546022
4.44466222629322 0 0.234597920160344 0.000745027193346512
4.60525330328049 0 0.234597920160344 0.000828299082681569
4.77164673209899 0 0.242047199595317 0.000903065811966359
4.94405215881005 1.4142135623731 0.242047199595317 0.000926790914755269
5.12268680424332 1.4142135623731 0.2639201340751 0.000926790914755269
5.30777573768248 1.4142135623731 0.2639201340751 0.000974831562993115
5.49955216043941 1.4142135623731 0.308469527889229 0.00102204302075877
5.69825769967433 1.4142135623731 0.308469527889229 0.00104591902672446
5.90414271283199 1.4142135623731 0.340135220735819 0.00104591902672446
6.11746660307752 1.4142135623731 0.340135220735819 0.00104591902672446
6.33849814612938 1.4142135623731 0.377298187069378 0.0012061740004413
6.56751582890112 1.4142135623731 0.377298187069378 0.0012061740004413
6.80480820037876 1.4142135623731 0.377298187069378 0.0012061740004413
7.05310431604837 1.4142135623731 0.435314537611407 0.0012061740004413
7.30794159288738 1.4142135623731 0.435314537611407 0.00124090582679366
7.57198645191386 1.4142135623731 0.455626303867011 0.00145379699931572
7.84557157432259 1.4142135623731 0.466920814245771 0.00151940176519057
8.12904166148644 1.4142135623731 0.483311718728212 0.00151940176519057
8.42275386926004 1.4142135623731 0.534279005422673 0.00156243764472202
8.72707825797546 1.4142135623731 0.584096891443315 0.00156243764472202
9.04239825869672 1.4142135623731 0.584096891443315 0.00160699275559858
9.36911115632067 1.4142135623731 0.59801153706233 0.00174286260046698
9.70762859013291 1.4142135623731 0.691853957044176 0.00186221521587923
10.0583770724494 1.4142135623731 0.708062603819956 0.0019307090728073
10.4217985259973 1.4142135623731 0.719130969493963 0.0019307090728073
10.7983508407117 1.4142135623731 0.804037948349672 0.00193243493393847
11.1885084506506 1.4142135623731 0.804037948349672 0.00210555176995247
11.5927629317542 1.4142135623731 0.804037948349672 0.0022449521068694
12.0116236212022 1.4142135623731 0.818173100018218 0.0022449521068694
12.4499077579783 1.4142135623731 0.818173100018218 0.0022449521068694
12.899738137308 1.4142135623731 0.875220165727523 0.00238435952423917
13.3658214378723 1.4142135623731 0.880199116207905 0.00251134698041649
13.8487448975741 1.4142135623731 0.889784211409872 0.00252598992619057
14.3491169719394 1.4142135623731 0.909548284531137 0.00262590856292813
14.8675681007358 1.4142135623731 0.932575999152021 0.00274090557176844
15.4047515022898 1.4142135623731 0.952571005719477 0.00279050802873405
15.9613439965044 1.4142135623731 0.958037436452412 0.00279050802873405
16.5380468576126 1.4142135623731 0.96304686855226 0.00294478522299521
17.1355866977424 1.4142135623731 0.96526931463473 0.00310751246470945
17.7547163824056 1.4142135623731 0.968381877465612 0.00316035892641667
18.3962159790649 1.4142135623731 0.982145756483375 0.00316035892641667
19.0608937399737 1.4142135623731 0.995034547862835 0.00327145448402788
19.7495871205268 1.4142135623731 1.01239607303943 0.00327145448402788
20.4631638344055 1.4142135623731 1.02689219018707 0.00334752722150803
21.202522946847 1.4142135623731 1.03510849523827 0.00335469899126303
21.9761676896635 1.4142135623731 1.04049425563268 0.00347777637333163
22.7701934800731 1.4142135623731 1.04049425563268 0.00357529840697612
23.5929083924778 1.4142135623731 1.04049425563268 0.00365887816807801
24.4453489999095 1.4142135623731 1.04049425563268 0.00367888269902989
25.3285893280501 1.4142135623731 1.04049425563268 0.00370015113826626
26.2437422084417 1.4142135623731 1.04049425563268 0.00370015113826626
27.1919606805898 1.4142135623731 1.04084382173024 0.00370015113826626
28.174439444726 1.4142135623731 1.04084382173024 0.00370015113826626
29.1924163670612 1.4142135623731 1.04084382173024 0.00370015113826626
30.2471740394247 1.4142135623731 1.04084382173024 0.00370015113826626
31.3400413952561 1.4142135623731 1.04084382173024 0.00370015113826626
32.4723953839837 1.4142135623731 1.04084382173024 0.00370015113826626
33.6456627059011 1.4142135623731 1.04084382173024 0.00370015113826626
34.8613216097269 1.4142135623731 1.04084382173024 0.00370015113826626
36.1209037551118 1.4142135623731 1.04084382173024 0.00370015113826626
37.4259961424415 1.4142135623731 1.04084382173024 0.00370015113826626
38.7916083968349 1.4142135623731 1.04084382173024 0.00370015113826626
40.193196606095 1.4142135623731 1.04084382173024 0.00370015113826626
41.645425909899 1.4142135623731 1.04084382173024 0.00370015113826626
43.1501260328692 1.4142135623731 1.04084382173024 0.00370015113826626
44.709192809814 1.4142135623731 1.04084382173024 0.00370015113826626
46.3245905743698 1.4142135623731 1.04084382173024 0.00370015113826626
47.9983546339476 1.4142135623731 1.04084382173024 0.00370015113826626
49.7325938341019 1.4142135623731 1.04084382173024 0.00370015113826626
51.5294932155538 1.4142135623731 1.04084382173024 0.00370015113826626
51.5472533377297 1.4142135623731 1.04084382173024 0.00370015113826626
