1.64352567634172 0 0.000115793100930308 0.000827699382856841
1.6440921328502 0 0.000115793100930308 0.000827699382856841
1.70349519045913 0 0.000115793100930308 0.000827699382856841
1.76504455312164 0 0.000115793100930308 0.000827699382856841
1.8288177694618 0 0.000115793100930308 0.000827699382856841
1.89489519003021 0 0.000185945383993826 0.00113874474487531
1.96336006854107 0 0.000185945383993826 0.00113874474487531
2.03429866676696 0 0.000185945383993826 0.00115637768987009
2.10780036322374 0 0.000185945383993826 0.00148439575079345
2.18395776578221 0 0.000212851337179393 0.00161475277900157
2.26364674658258 0 0.000329956842139067 0.00161475277900157
2.34543506939415 0 0.000687880921638156 0.00209117827108958
2.43017850424271 0 0.00091804192098736 0.00209117827108958
2.51798382293689 0 0.00130707085781255 0.00209117827108958
2.60896165508122 0 0.00698198054088157 0.00209117827108958
2.70322662746303 0 0.00698198054088157 0.00215117785393617
2.80089750847551 0 0.00698198054088157 0.00225151849316775
2.90209735775904 0 0.0117864666971634 0.00238288534409052
3.00695368124914 0 0.0117864666971634 0.00238288534409052
3.1155985918266 0 0.0117864666971634 0.0029098474683351
3.22816897577201 0 0.0117864666971634 0.0029098474683351
3.34480666523452 0 0.01344137865589 0.0029098474683351
3.46565861693214 0 0.01344137865589 0.00308150342142359
3.59087709730866 0 0.0231282551929294 0.00338416988558155
3.72061987438053 0 0.198819997803681 0.00367198658103847
3.85505041651542 0 0.198819997803681 0.00367198658103847
3.99571478440722 0 0.198819997803681 0.00412160506212902
4.14008484176861 0 0.307769828733965 0.00412160506212902
4.28967116570234 0 0.307769828733965 0.00412160506212902
4.44466222629322 0 0.307769828733965 0.00413804414651407
4.60525330328049 0 0.307769828733965 0.00438924369470078
4.77164673209899 0 0.307769828733965 0.00503478262359752
4.94405215881005 1.4142135623731 0.795693141049693 0.00503478262359752
5.12268680424332 1.4142135623731 0.795693141049693 0.00503478262359752
5.30777573768248 1.4142135623731 0.795693141049693 0.00532353101837703
5.49955216043941 1.4142135623731 0.795693141049693 0.00532353101837703
5.69825769967433 1.4142135623731 1.38499271030438 0.00600096527844749
5.90414271283199 1.4142135623731 1.38499271030438 0.00600096527844749
6.11746660307752 1.4142135623731 1.38499271030438 0.00662769466931723
6.33849814612938 1.4142135623731 1.38499271030438 0.00664772138767336
6.56751582890112 1.4142135623731 1.38499271030438 0.00669530670833441
6.80480820037876 1.4142135623731 1.38499271030438 0.00690444860087463
7.05310431604837 1.4142135623731 1.4076761259927 0.00716463772272879
7.30794159288738 1.4142135623731 1.4132878843525 0.00769193927051996
7.57198645191386 1.4142135623731 1.4132878843525 0.00769901364882542
7.84557157432259 1.4142135623731 1.41417357857747 0.00816541624575976
8.12904166148644 1.4142135623731 1.41417357857747 0.00816541624575976
8.42275386926004 1.4142135623731 1.41417357857747 0.00833173703555106
8.72707825797546 1.4142135623731 1.41419255951669 0.00919577441018651
9.04239825869672 1.4142135623731 1.41420294166561 0.00919577441018651
9.36911115632067 1.4142135623731 1.41420953450805 0.00977105969719481
9.70762859013291 1.4142135623731 1.41421092990863 0.0101243717958725
10.0583770724494 1.4142135623731 1.41421210119383 0.0104914201086471
10.4217985259973 1.4142135623731 1.41421252148586 0.0119021031347984
10.7983508407117 1.4142135623731 1.41421273425878 0.0119021031347984
11.1885084506506 1.4142135623731 1.41421339941353 0.0119021031347984
11.5927629317542 1.4142135623731 1.41421353260852 0.0120212657662255
12.0116236212022 1.4142135623731 1.41421356063667 0.0133104909039744
12.4499077579783 1.4142135623731 1.41421356218797 0.0134269740982607
12.899738137308 1.4142135623731 1.41421356221057 0.0137297305859858
13.3658214378723 1.4142135623731 1.41421356235856 0.0147223418272856
13.8487448975741 1.4142135623731 1.41421356237147 0.0150748822655301
14.3491169719394 1.4142135623731 1.41421356237147 0.0158678356288126
14.8675681007358 1.4142135623731 1.41421356237147 0.0159850942943466
15.4047515022898 1.4142135623731 1.4142135623727 0.0167586913312791
15.9613439965044 1.4142135623731 1.41421356237278 0.0175111580452369
16.5380468576126 1.4142135623731 1.41421356237305 0.0177577232560522
17.1355866977424 1.4142135623731 1.41421356237309 0.0178928174719009
17.7547163824056 1.4142135623731 1.41421356237309 0.0188156642554595
18.3962159790649 1.4142135623731 1.4142135623731 0.0194710323810387
19.0608937399737 1.4142135623731 1.4142135623731 0.0198842340413957
19.7495871205268 1.4142135623731 1.4142135623731 0.0202000302876693
20.4631638344055 1.4142135623731 1.4142135623731 0.0214471601644304
21.202522946847 1.4142135623731 1.4142135623731 0.0218062270467293
21.9761676896635 1.4142135623731 1.4142135623731 0.0224405632317412
22.7701934800731 1.4142135623731 1.4142135623731 0.0230130794207161
23.5929083924778 1.4142135623731 1.4142135623731 0.0236091404018346
24.4453489999095 1.4142135623731 1.4142135623731 0.0236091404018346
25.3285893280501 1.4142135623731 1.4142135623731 0.0241725306709465
26.2437422084417 1.4142135623731 1.4142135623731 0.0241725306709465
27.1919606805898 1.4142135623731 1.4142135623731 0.0241725306709465
28.174439444726 1.4142135623731 1.4142135623731 0.024356287436777
29.1924163670612 1.4142135623731 1.4142135623731 0.0250853814200528
30.2471740394247 1.4142135623731 1.4142135623731 0.0250853814200528
31.3400413952561 1.4142135623731 1.4142135623731 0.0250853814200528
32.4723953839837 1.4142135623731 1.4142135623731 0.0250853814200528
33.6456627059011 1.4142135623731 1.4142135623731 0.0250853814200528
34.8613216097269 1.4142135623731 1.4142135623731 0.0250853814200528
36.1209037551118 1.4142135623731 1.4142135623731 0.0250853814200528
37.4259961424415 1.4142135623731 1.4142135623731 0.0250853814200528
38.7916083968349 1.4142135623731 1.4142135623731 0.0250853814200528
40.193196606095 1.4142135623731 1.4142135623731 0.0250853814200528
41.645425909899 1.4142135623731 1.4142135623731 0.0250853814200528
43.1501260328692 1.4142135623731 1.4142135623731 0.0250853814200528
44.709192809814 1.4142135623731 1.4142135623731 0.0250853814200528
46.3245905743698 1.4142135623731 1.4142135623731 0.0250853814200528
47.9983546339476 1.4142135623731 1.4142135623731 0.0250853814200528
49.7325938341019 1.4142135623731 1.4142135623731 0.0250853814200528
51.5294932155538 1.4142135623731 1.4142135623731 0.0250853814200528
51.5472533377297 1.4142135623731 1.4142135623731 0.0250853814200528
