7.92941248416901 0 0 0
7.93349078929884 0 0 0
8.36498989221946 0 7.45058059692383e-09 0
8.81995804309971 0 7.45058059692383e-09 0
9.29967171321937 0 7.45058059692383e-09 0
9.80547680057426 0 7.45058059692383e-09 0
10.338792405965 0 7.45058059692383e-09 0
10.9011148144657 0 7.45058059692383e-09 0
11.4940216934428 0 7.45058059692383e-09 0
12.1191765189025 0 7.45058059692383e-09 0
12.7849054750325 0 7.45058059692383e-09 0
13.4802709062047 0 7.45058059692383e-09 0
14.2134569598143 0 7.45058059692383e-09 0
14.9865206830159 0 7.45058059692383e-09 0
15.8016310048612 0 7.45058059692383e-09 7.45058059692383e-09
16.6610748215072 0 7.45058059692383e-09 7.45058059692383e-09
17.5672634123947 0 7.45058059692383e-09 7.45058059692383e-09
18.5227392054016 0 7.45058059692383e-09 7.45058059692383e-09
19.530182909949 0 7.45058059692383e-09 1.49011611938477e-08
20.5924210380736 0 7.45058059692383e-09 1.49011611938477e-08
21.7124338345689 0 7.45058059692383e-09 1.49011611938477e-08
22.8933636384425 0 7.45058059692383e-09 2.23517417907715e-08
24.1385236991498 0 7.45058059692383e-09 2.23517417907715e-08
25.4514074723383 0 7.45058059692383e-09 2.23517417907715e-08
26.8356984211845 0 7.45058059692383e-09 2.23517417907715e-08
28.2952803508199 0 7.45058059692383e-09 2.23517417907715e-08
29.8495928424298 2 1.49011611938477e-08 2.23517417907715e-08
31.4730991747782 2 1.49011611938477e-08 2.23517417907715e-08
33.184907308263 2 1.49011611938477e-08 2.23517417907715e-08
34.989819939325 2 2.23517417907715e-08 2.23517417907715e-08
36.8929009809691 2 2.23517417907715e-08 2.23517417907715e-08
38.8994897702194 2 2.23517417907715e-08 2.23517417907715e-08
41.0152160483114 2 2.23517417907715e-08 2.23517417907715e-08
43.24601575565 2 2.23517417907715e-08 2.98023223876953e-08
45.5981476858496 2 2.23517417907715e-08 2.98023223876953e-08
48.0782110455784 2 2.23517417907715e-08 2.98023223876953e-08
50.6931639694765 2 2.23517417907715e-08 2.98023223876953e-08
53.4503430420913 2 2.23517417907715e-08 2.98023223876953e-08
56.3574838816032 2 2.23517417907715e-08 2.98023223876953e-08
59.4227428430906 2 2.23517417907715e-08 2.98023223876953e-08
62.654719902226 2 2.23517417907715e-08 2.98023223876953e-08
66.0624827836074 2 2.23517417907715e-08 2.98023223876953e-08
69.6914181022973 2 2.98023223876953e-08 2.98023223876953e-08
73.481903928911 2 2.98023223876953e-08 2.98023223876953e-08
77.4785526259755 2 2.98023223876953e-08 2.98023223876953e-08
81.6925773020729 2 2.98023223876953e-08 2.98023223876953e-08
86.1358009418691 2 2.98023223876953e-08 2.98023223876953e-08
90.8206895770081 2 2.98023223876953e-08 2.98023223876953e-08
95.7603872611564 2 2.98023223876953e-08 2.98023223876953e-08
100.968752947325 2 2.98023223876953e-08 2.98023223876953e-08
106.460399370934 2 2.98023223876953e-08 2.98023223876953e-08
112.250734047706 2 2.98023223876953e-08 2.98023223876953e-08
118.356002501424 2 2.98023223876953e-08 2.98023223876953e-08
124.79333384282 2 2.98023223876953e-08 2.98023223876953e-08
131.580788827489 2 2.98023223876953e-08 3.72529029846191e-08
138.737410527641 2 2.98023223876953e-08 3.72529029846191e-08
146.283277759876 2 2.98023223876953e-08 3.72529029846191e-08
154.239561418869 2 2.98023223876953e-08 3.72529029846191e-08
162.712228027625 2 2.98023223876953e-08 4.4703483581543e-08
171.562075124296 2 2.98023223876953e-08 4.4703483581543e-08
180.89326154367 2 2.98023223876953e-08 4.4703483581543e-08
190.731967121517 2 2.98023223876953e-08 5.21540641784668e-08
201.105795603455 2 2.98023223876953e-08 5.21540641784668e-08
212.043852090781 2 2.98023223876953e-08 5.21540641784668e-08
223.576824698554 2 2.98023223876953e-08 5.21540641784668e-08
235.737070655025 2 2.98023223876953e-08 5.21540641784668e-08
248.558707083971 2 2.98023223876953e-08 5.21540641784668e-08
262.077706724647 2 2.98023223876953e-08 5.21540641784668e-08
276.331998857906 2 2.98023223876953e-08 5.21540641784668e-08
291.361575721634 2 2.98023223876953e-08 5.96046447753906e-08
307.208604714093 2 2.98023223876953e-08 5.96046447753906e-08
323.917546699938 2 2.98023223876953e-08 5.96046447753906e-08
341.535280750856 2 2.98023223876953e-08 5.96046447753906e-08
360.111235670791 2 2.98023223876953e-08 5.96046447753906e-08
379.892817087635 2 2.98023223876953e-08 5.96046447753906e-08
400.555021674853 2 2.98023223876953e-08 5.96046447753906e-08
422.34103455536 2 2.98023223876953e-08 5.96046447753906e-08
445.31197917195 2 2.98023223876953e-08 5.96046447753906e-08
469.532303444802 2 2.98023223876953e-08 5.96046447753906e-08
495.06996058836 2 2.98023223876953e-08 5.96046447753906e-08
521.996599762753 2 2.98023223876953e-08 5.96046447753906e-08
550.387767094675 2 2.98023223876953e-08 5.96046447753906e-08
580.32311763169 2 2.98023223876953e-08 5.96046447753906e-08
611.886638824648 2 2.98023223876953e-08 5.96046447753906e-08
645.166886165212 2 2.98023223876953e-08 5.96046447753906e-08
680.257231639601 2 2.98023223876953e-08 5.96046447753906e-08
717.256125695631 2 2.98023223876953e-08 5.96046447753906e-08
756.267373458022 2 2.98023223876953e-08 5.96046447753906e-08
797.400425966943 2 2.98023223876953e-08 5.96046447753906e-08
840.770687256888 2 2.98023223876953e-08 5.96046447753906e-08
886.955788290705 2 2.98023223876953e-08 5.96046447753906e-08
935.196926667513 2 2.98023223876953e-08 5.96046447753906e-08
986.061879514685 2 2.98023223876953e-08 5.96046447753906e-08
1039.69335495658 2 2.98023223876953e-08 5.96046447753906e-08
1096.2418229502 2 2.98023223876953e-08 5.96046447753906e-08
1155.86593744783 2 2.98023223876953e-08 5.96046447753906e-08
1218.73298152104 2 2.98023223876953e-08 5.96046447753906e-08
1285.01933669466 2 2.98023223876953e-08 5.96046447753906e-08
1354.91097780771 2 2.98023223876953e-08 5.96046447753906e-08
1355.6078441143 2 2.98023223876953e-08 5.96046447753906e-08
