7.92941248416901 0 0.00018201309252236 0.00214016437530518
7.93349078929884 0 0.00018201309252236 0.00214016437530518
8.36498989221946 0 0.00018201309252236 0.00319115817546844
8.81995804309971 0 0.000556877143783746 0.00319115817546844
9.29967171321937 0 0.000556877143783746 0.00319115817546844
9.80547680057426 0 0.000556877143783746 0.00319115817546844
10.338792405965 0 0.000556877143783746 0.00454664975404739
10.9011148144657 0 0.000556877143783746 0.00454664975404739
11.4940216934428 0 0.00134158821092906 0.00537548214197159
12.1191765189025 0 0.00134158821092906 0.00537548214197159
12.7849054750325 0 0.00134158821092906 0.00537548214197159
13.4802709062047 0 0.00134158821092906 0.0061597004532814
14.2134569598143 0 0.0104137119049026 0.00706392526626587
14.9865206830159 0 0.0104137119049026 0.00706392526626587
15.8016310048612 0 0.0104137119049026 0.00706392526626587
16.6610748215072 0 0.0149529654817826 0.00773859024047852
17.5672634123947 0 0.0271958297629968 0.00773859024047852
18.5227392054016 0 0.0609156391012586 0.00810466706752777
19.530182909949 0 0.0609156391012586 0.00987550616264343
20.5924210380736 0 0.0609156391012586 0.0103886872529984
21.7124338345689 0 0.0609156391012586 0.0103886872529984
22.8933636384425 0 0.281691381655973 0.0115417838096619
24.1385236991498 0 0.281691381655973 0.0115417838096619
25.4514074723383 0 0.281691381655973 0.0115417838096619
26.8356984211845 0 0.281691381655973 0.0119714736938477
28.2952803508199 0 0.438682090357958 0.014136403799057
29.8495928424298 2 0.605500933359301 0.0143240764737129
31.4730991747782 2 0.605500933359301 0.0151187255978584
33.184907308263 2 0.605500933359301 0.0163473039865494
34.989819939325 2 1.12534327301508 0.0163473039865494
36.8929009809691 2 1.39685681105521 0.0173630267381668
38.8994897702194 2 1.45592875525361 0.0176431238651276
41.0152160483114 2 1.76824533383242 0.0189576745033264
43.24601575565 2 1.94876109836588 0.0190126970410347
45.5981476858496 2 1.99636671218166 0.02126394957304
48.0782110455784 2 1.99636671218166 0.02126394957304
50.6931639694765 2 1.99671659301429 0.02126394957304
53.4503430420913 2 1.99717827072984 0.02126394957304
56.3574838816032 2 1.99941167725392 0.0222722515463829
59.4227428430906 2 1.99994532123078 0.0243061110377312
62.654719902226 2 1.99995845210987 0.0243061110377312
66.0624827836074 2 1.9999952648701 0.0243061110377312
69.6914181022973 2 1.9999952648701 0.0258713811635971
73.481903928911 2 1.99999855281895 0.0277248099446297
77.4785526259755 2 1.99999855281895 0.0281712487339973
81.6925773020729 2 1.99999855281895 0.0318420380353928
86.1358009418691 2 1.99999921992475 0.0318420380353928
90.8206895770081 2 1.99999998799018 0.0333639308810234
95.7603872611564 2 1.99999998799018 0.0339048430323601
100.968752947325 2 1.99999998799018 0.0339048430323601
106.460399370934 2 2.00000010215909 0.0354117751121521
112.250734047706 2 2.00000010215909 0.0360463857650757
118.356002501424 2 2.00000014653347 0.0380927324295044
124.79333384282 2 2.00000014653347 0.0400944799184799
131.580788827489 2 2.00000016626869 0.0400944799184799
138.737410527641 2 2.00000017668101 0.0428096055984497
146.283277759876 2 2.00000018487959 0.0446671098470688
154.239561418869 2 2.0000001911806 0.0446671098470688
162.712228027625 2 2.00000023898256 0.0472003296017647
171.562075124296 2 2.00000023898256 0.0483832135796547
180.89326154367 2 2.00000023898256 0.0491372719407082
190.731967121517 2 2.00000023898256 0.0499146953225136
201.105795603455 2 2.00000024032154 0.053496815264225
212.043852090781 2 2.00000024373153 0.0547733455896378
223.576824698554 2 2.00000025483115 0.0547733455896378
235.737070655025 2 2.00000025559562 0.0572256594896317
248.558707083971 2 2.00000025559562 0.0596487522125244
262.077706724647 2 2.00000025891255 0.0596487522125244
276.331998857906 2 2.00000027473959 0.0603250339627266
291.361575721634 2 2.00000029089537 0.0615263283252716
307.208604714093 2 2.00000029089537 0.06325563788414
323.917546699938 2 2.00000029089537 0.06325563788414
341.535280750856 2 2.00000029089537 0.0645674839615822
360.111235670791 2 2.00000029089537 0.0673144087195396
379.892817087635 2 2.00000029089537 0.0694234892725945
400.555021674853 2 2.00000029089537 0.0699639841914177
422.34103455536 2 2.00000029089537 0.0699639841914177
445.31197917195 2 2.00000029089537 0.070883609354496
469.532303444802 2 2.00000029089537 0.070883609354496
495.06996058836 2 2.00000029089537 0.0716633573174477
521.996599762753 2 2.00000029089537 0.0716633573174477
550.387767094675 2 2.00000029089537 0.0716633573174477
580.32311763169 2 2.00000029089537 0.0716633573174477
611.886638824648 2 2.00000029089537 0.0716633573174477
645.166886165212 2 2.00000029089537 0.0716633573174477
680.257231639601 2 2.00000029089537 0.0716633573174477
717.256125695631 2 2.00000029089537 0.0716633573174477
756.267373458022 2 2.00000029089537 0.0716633573174477
797.400425966943 2 2.00000029089537 0.0716633573174477
840.770687256888 2 2.00000029089537 0.0716633573174477
886.955788290705 2 2.00000029089537 0.0716633573174477
935.196926667513 2 2.00000029089537 0.0716633573174477
986.061879514685 2 2.00000029089537 0.0716633573174477
1039.69335495658 2 2.00000029089537 0.0716633573174477
1096.2418229502 2 2.00000029089537 0.0716633573174477
1155.86593744783 2 2.00000029089537 0.0716633573174477
1218.73298152104 2 2.00000029089537 0.0716633573174477
1285.01933669466 2 2.00000029089537 0.0716633573174477
1354.91097780771 2 2.00000029089537 0.0716633573174477
1355.6078441143 2 2.00000029089537 0.0716633573174477
