1.64352567634172 0 0.0888451971200396 0.000138595348401631
1.6440921328502 0 0.0888451971200396 0.000138595348401631
1.70349519045913 0 0.0888451971200396 0.000138595348401631
1.76504455312164 0 0.0888451971200396 0.000138595348401631
1.8288177694618 0 0.0888451971200396 0.000138595348401631
1.89489519003021 0 0.0888451971200396 0.00023387663572516
1.96336006854107 0 0.0888451971200396 0.00023387663572516
2.03429866676696 0 0.126350581216213 0.00023387663572516
2.10780036322374 0 0.145165268814832 0.00023387663572516
2.18395776578221 0 0.145165268814832 0.000234208540542833
2.26364674658258 0 0.286513975971145 0.00023645762898688
2.34543506939415 0 0.286513975971145 0.000289839252230814
2.43017850424271 0 0.323236260616167 0.000307839205285093
2.51798382293689 0 0.339039867111046 0.000307839205285093
2.60896165508122 0 0.339039867111046 0.000348720627815913
2.70322662746303 0 0.399652460463639 0.000378848661596897
2.80089750847551 0 0.556076991711506 0.000428608751735878
2.90209735775904 0 0.556076991711506 0.000428608751735878
3.00695368124914 0 0.556076991711506 0.000428608751735878
3.1155985918266 0 0.601796651545324 0.000513224494441496
3.22816897577201 0 0.601796651545324 0.000513224494441496
3.34480666523452 0 0.618253107415036 0.000513224494441496
3.46565861693214 0 0.63742101703378 0.000585273711987798
3.59087709730866 0 0.78193961677818 0.000585273711987798
3.72061987438053 0 0.78193961677818 0.000585273711987798
3.85505041651542 0 0.799383616406821 0.000630158970955049
3.99571478440722 0 0.888223666623295 0.000685245422512049
4.14008484176861 0 0.888223666623295 0.000685245422512049
4.28967116570234 0 0.908155533027317 0.000685245422512049
4.44466222629322 0 0.908155533027317 0.000766734656875013
4.60525330328049 0 0.937360746636914 0.000766734656875013
4.77164673209899 0 0.947827194974629 0.000829635274931371
4.94405215881005 1.4142135623731 0.959586156276077 0.000829635274931371
5.12268680424332 1.4142135623731 1.01879855588777 0.000829635274931371
5.30777573768248 1.4142135623731 1.0475910864284 0.000829635274931371
5.49955216043941 1.4142135623731 1.08576695907164 0.000887861632793314
5.69825769967433 1.4142135623731 1.11348211308499 0.000923021113939558
5.90414271283199 1.4142135623731 1.11453805426887 0.000975298352237189
6.11746660307752 1.4142135623731 1.13891314704716 0.000975298352237189
6.33849814612938 1.4142135623731 1.17568603876672 0.000975298352237189
6.56751582890112 1.4142135623731 1.21369922774594 0.00106512617910818
6.80480820037876 1.4142135623731 1.22850303761159 0.0010844680746667
7.05310431604837 1.4142135623731 1.23402566036831 0.00111383956705886
7.30794159288738 1.4142135623731 1.2626660064697 0.00121066280404893
7.57198645191386 1.4142135623731 1.26499086234932 0.00133337612480835
7.84557157432259 1.4142135623731 1.30764299240135 0.00133337612480835
8.12904166148644 1.4142135623731 1.31623363810304 0.0013584686861886
8.42275386926004 1.4142135623731 1.31769518680302 0.0013584686861886
8.72707825797546 1.4142135623731 1.33254758849516 0.00140005593924222
9.04239825869672 1.4142135623731 1.34729437386993 0.0016379457569214
9.36911115632067 1.4142135623731 1.35155392095285 0.00176960200104207
9.70762859013291 1.4142135623731 1.36163986216364 0.00176960200104207
10.0583770724494 1.4142135623731 1.37073078349989 0.00176960200104207
10.4217985259973 1.4142135623731 1.37731690768632 0.00176960200104207
10.7983508407117 1.4142135623731 1.37847857834389 0.00187187487224131
11.1885084506506 1.4142135623731 1.38506954502539 0.00199691915708216
11.5927629317542 1.4142135623731 1.39252111587208 0.00203233951808747
12.0116236212022 1.4142135623731 1.4002899371294 0.00216594816946176
12.4499077579783 1.4142135623731 1.40215425283337 0.00242887164673376
12.899738137308 1.4142135623731 1.40461568842635 0.00242887164673376
13.3658214378723 1.4142135623731 1.40552368415564 0.00242887164673376
13.8487448975741 1.4142135623731 1.40861137354826 0.00246990338339573
14.3491169719394 1.4142135623731 1.41089828882188 0.00250901582474929
14.8675681007358 1.4142135623731 1.41173370781233 0.00284683069758209
15.4047515022898 1.4142135623731 1.41182657023411 0.00284683069758209
15.9613439965044 1.4142135623731 1.4122943463021 0.0028520136620278
16.5380468576126 1.4142135623731 1.41251961741484 0.00291577256087336
17.1355866977424 1.4142135623731 1.41359010559779 0.00307276182207989
17.7547163824056 1.4142135623731 1.41386768928404 0.00329760434540113
18.3962159790649 1.4142135623731 1.41390511628748 0.00329760434540113
19.0608937399737 1.4142135623731 1.41407690213227 0.00336980154979395
19.7495871205268 1.4142135623731 1.41407690213227 0.00340452318090521
20.4631638344055 1.4142135623731 1.41407690213227 0.00347301758861997
21.202522946847 1.4142135623731 1.41407690213227 0.00356386311473254
21.9761676896635 1.4142135623731 1.41408661629975 0.00374969378649551
22.7701934800731 1.4142135623731 1.41408661629975 0.00374969378649551
23.5929083924778 1.4142135623731 1.41408661629975 0.00375880436790279
24.4453489999095 1.4142135623731 1.41408661629975 0.00381381840983452
25.3285893280501 1.4142135623731 1.41408661629975 0.0039147561460583
26.2437422084417 1.4142135623731 1.41408661629975 0.00393671276951289
27.1919606805898 1.4142135623731 1.41408661629975 0.00393671276951289
28.174439444726 1.4142135623731 1.41408661629975 0.00393671276951289
29.1924163670612 1.4142135623731 1.41408661629975 0.00393671276951289
30.2471740394247 1.4142135623731 1.41408661629975 0.00393671276951289
31.3400413952561 1.4142135623731 1.41408661629975 0.00393671276951289
32.4723953839837 1.4142135623731 1.41408661629975 0.00393671276951289
33.6456627059011 1.4142135623731 1.41408661629975 0.00393671276951289
34.8613216097269 1.4142135623731 1.41408661629975 0.00393671276951289
36.1209037551118 1.4142135623731 1.41408661629975 0.00393671276951289
37.4259961424415 1.4142135623731 1.41408661629975 0.00393671276951289
38.7916083968349 1.4142135623731 1.41408661629975 0.00393671276951289
40.193196606095 1.4142135623731 1.41408661629975 0.00393671276951289
41.645425909899 1.4142135623731 1.41408661629975 0.00393671276951289
43.1501260328692 1.4142135623731 1.41408661629975 0.00393671276951289
44.709192809814 1.4142135623731 1.41408661629975 0.00393671276951289
46.3245905743698 1.4142135623731 1.41408661629975 0.00393671276951289
47.9983546339476 1.4142135623731 1.41408661629975 0.00393671276951289
49.7325938341019 1.4142135623731 1.41408661629975 0.00393671276951289
51.5294932155538 1.4142135623731 1.41408661629975 0.00393671276951289
51.5472533377297 1.4142135623731 1.41408661629975 0.00393671276951289
