1.64352567634172 0 0.00951158201994096 0.000104793698286989
1.6440921328502 0 0.00951158201994096 0.000104793698286989
1.70349519045913 0 0.00951158201994096 0.000109467884312752
1.76504455312164 0 0.00951158201994096 0.000109467884312752
1.8288177694618 0 0.00951158201994096 0.000109467884312752
1.89489519003021 0 0.00951158201994096 0.000166135197308488
1.96336006854107 0 0.00951158201994096 0.000210197511844635
2.03429866676696 0 0.00951158201994096 0.000210197511844635
2.10780036322374 0 0.00951158201994096 0.000229113732137248
2.18395776578221 0 0.020349154503682 0.000338503550512897
2.26364674658258 0 0.0268300547093233 0.000338503550512897
2.34543506939415 0 0.0268300547093233 0.000338503550512897
2.43017850424271 0 0.0268300547093233 0.000338503550512897
2.51798382293689 0 0.0268300547093233 0.000361481782699411
2.60896165508122 0 0.033560187313255 0.000383395922140983
2.70322662746303 0 0.0342039951235766 0.000383395922140983
2.80089750847551 0 0.0356126761051478 0.000404684798411916
2.90209735775904 0 0.0438198958557903 0.000404684798411916
3.00695368124914 0 0.0491694205590687 0.000450628144879378
3.1155985918266 0 0.0491694205590687 0.000450628144879378
3.22816897577201 0 0.0513227504789238 0.0004672882179991
3.34480666523452 0 0.0618119317091157 0.000542966579105365
3.46565861693214 0 0.0648364082009257 0.000551286663150156
3.59087709730866 0 0.0648364082009257 0.000581455166769428
3.72061987438053 0 0.0648364082009257 0.000581455166769428
3.85505041651542 0 0.0748919096867906 0.000672727569766684
3.99571478440722 0 0.117993219085629 0.000672727569766684
4.14008484176861 0 0.230146413293307 0.000698554877385394
4.28967116570234 0 0.29281609736498 0.000738144885084398
4.44466222629322 0 0.296894413084302 0.000738144885084398
4.60525330328049 0 0.296894413084302 0.000819445936600898
4.77164673209899 0 0.346249532734207 0.000819445936600898
4.94405215881005 1.4142135623731 0.346249532734207 0.000819445936600898
5.12268680424332 1.4142135623731 0.463637749654662 0.000861831764925322
5.30777573768248 1.4142135623731 0.463637749654662 0.00087747025066516
5.49955216043941 1.4142135623731 0.581269520233328 0.000925986289893555
5.69825769967433 1.4142135623731 0.58526208893301 0.000978818162068807
5.90414271283199 1.4142135623731 0.761856491944993 0.00103229662603673
6.11746660307752 1.4142135623731 0.761856491944993 0.00103229662603673
6.33849814612938 1.4142135623731 0.853644576927797 0.00104507961322996
6.56751582890112 1.4142135623731 0.853644576927797 0.00107393171430314
6.80480820037876 1.4142135623731 1.02451562400247 0.00119632486470486
7.05310431604837 1.4142135623731 1.02451562400247 0.00119632486470486
7.30794159288738 1.4142135623731 1.05332452168531 0.00119632486470486
7.57198645191386 1.4142135623731 1.11350203761727 0.00135284307367489
7.84557157432259 1.4142135623731 1.11350203761727 0.00135284307367489
8.12904166148644 1.4142135623731 1.18953175943954 0.00135284307367489
8.42275386926004 1.4142135623731 1.23232398913993 0.00135284307367489
8.72707825797546 1.4142135623731 1.23232398913993 0.00135284307367489
9.04239825869672 1.4142135623731 1.23232398913993 0.00143243827997017
9.36911115632067 1.4142135623731 1.27509145182035 0.00161458808917969
9.70762859013291 1.4142135623731 1.27853610657605 0.00161458808917969
10.0583770724494 1.4142135623731 1.29690262997614 0.00161458808917969
10.4217985259973 1.4142135623731 1.33183563472489 0.00186013469968484
10.7983508407117 1.4142135623731 1.33866784415554 0.00186013469968484
11.1885084506506 1.4142135623731 1.35359531463715 0.00186013469968484
11.5927629317542 1.4142135623731 1.36802157971525 0.00190994671030334
12.0116236212022 1.4142135623731 1.38036554744739 0.00193904950742095
12.4499077579783 1.4142135623731 1.39377416006307 0.00205731646803385
12.899738137308 1.4142135623731 1.39663699113453 0.00205803108007973
13.3658214378723 1.4142135623731 1.39711067832003 0.00221490376644448
13.8487448975741 1.4142135623731 1.4009627809955 0.00244003245916705
14.3491169719394 1.4142135623731 1.40114532077271 0.00244003245916705
14.8675681007358 1.4142135623731 1.40199528734302 0.00244381126428869
15.4047515022898 1.4142135623731 1.40906186039378 0.00251209159652252
15.9613439965044 1.4142135623731 1.40951122714516 0.00255813978580693
16.5380468576126 1.4142135623731 1.41116821664095 0.00261019622362416
17.1355866977424 1.4142135623731 1.41185356968451 0.00262979966764042
17.7547163824056 1.4142135623731 1.41252138613479 0.00272734716255206
18.3962159790649 1.4142135623731 1.41269473312795 0.00276723758581515
19.0608937399737 1.4142135623731 1.41274973214245 0.00291176504900648
19.7495871205268 1.4142135623731 1.41274973214245 0.00302493050203121
20.4631638344055 1.4142135623731 1.41274973214245 0.00308810411988543
21.202522946847 1.4142135623731 1.4131293923988 0.00311697125121574
21.9761676896635 1.4142135623731 1.4131293923988 0.00311707924498831
22.7701934800731 1.4142135623731 1.4131293923988 0.00326659028530272
23.5929083924778 1.4142135623731 1.4131293923988 0.00326659028530272
24.4453489999095 1.4142135623731 1.4131293923988 0.00334194792213611
25.3285893280501 1.4142135623731 1.4131293923988 0.00334194792213611
26.2437422084417 1.4142135623731 1.4131293923988 0.00334194792213611
27.1919606805898 1.4142135623731 1.4131293923988 0.00334194792213611
28.174439444726 1.4142135623731 1.4131293923988 0.00334194792213611
29.1924163670612 1.4142135623731 1.4131293923988 0.00334194792213611
30.2471740394247 1.4142135623731 1.4131293923988 0.00334194792213611
31.3400413952561 1.4142135623731 1.4131293923988 0.00334194792213611
32.4723953839837 1.4142135623731 1.4131293923988 0.00334194792213611
33.6456627059011 1.4142135623731 1.4131293923988 0.00334194792213611
34.8613216097269 1.4142135623731 1.4131293923988 0.00334194792213611
36.1209037551118 1.4142135623731 1.4131293923988 0.00334194792213611
37.4259961424415 1.4142135623731 1.4131293923988 0.00334194792213611
38.7916083968349 1.4142135623731 1.4131293923988 0.00334194792213611
40.193196606095 1.4142135623731 1.4131293923988 0.00334194792213611
41.645425909899 1.4142135623731 1.4131293923988 0.00334194792213611
43.1501260328692 1.4142135623731 1.4131293923988 0.00334194792213611
44.709192809814 1.4142135623731 1.4131293923988 0.00334194792213611
46.3245905743698 1.4142135623731 1.4131293923988 0.00334194792213611
47.9983546339476 1.4142135623731 1.4131293923988 0.00334194792213611
49.7325938341019 1.4142135623731 1.4131293923988 0.00334194792213611
51.5294932155538 1.4142135623731 1.4131293923988 0.00334194792213611
51.5472533377297 1.4142135623731 1.4131293923988 0.00334194792213611
