7.92941248416901 0 0.0132799472111946 0.000326432287693024
7.93349078929884 0 0.0132799472111946 0.000326432287693024
8.36498989221946 0 0.0354925229572922 0.00036948174238205
8.81995804309971 0 0.0354925229572922 0.00036948174238205
9.29967171321937 0 0.0354925229572922 0.00036948174238205
9.80547680057426 0 0.0437303811689596 0.00036948174238205
10.338792405965 0 0.0517426581116895 0.000474594533443451
10.9011148144657 0 0.0697429797120526 0.000474594533443451
11.4940216934428 0 0.0925560499434281 0.000596910715103149
12.1191765189025 0 0.0933068545553875 0.000770010054111481
12.7849054750325 0 0.12333343785422 0.00100365281105042
13.4802709062047 0 0.15156893200871 0.00100365281105042
14.2134569598143 0 0.163293958688126 0.00109094381332397
14.9865206830159 0 0.196629312732029 0.00109094381332397
15.8016310048612 0 0.228167938923267 0.00109094381332397
16.6610748215072 0 0.228167938923267 0.00112457573413849
17.5672634123947 0 0.228167938923267 0.00112457573413849
18.5227392054016 0 0.247653269829923 0.0011407658457756
19.530182909949 0 0.247653269829923 0.00131849199533463
20.5924210380736 0 0.250007854863298 0.00153232365846634
21.7124338345689 0 0.308022330546482 0.00153232365846634
22.8933636384425 0 0.308022330546482 0.00176382809877396
24.1385236991498 0 0.356446547337743 0.00189084559679031
25.4514074723383 0 0.356446547337743 0.00189084559679031
26.8356984211845 0 0.395311135821264 0.00218865275382996
28.2952803508199 0 0.395311135821264 0.00218865275382996
29.8495928424298 2 0.395311135821264 0.00236399471759796
31.4730991747782 2 0.444816500543221 0.00236399471759796
33.184907308263 2 0.444816500543221 0.00236399471759796
34.989819939325 2 0.48710479092189 0.00236399471759796
36.8929009809691 2 0.48710479092189 0.00238078832626343
38.8994897702194 2 0.57691754119562 0.00254610925912857
41.0152160483114 2 0.611749817401896 0.0029902458190918
43.24601575565 2 0.611749817401896 0.0029902458190918
45.5981476858496 2 0.715335039208032 0.00307405740022659
48.0782110455784 2 0.718839653231077 0.00328793376684189
50.6931639694765 2 0.73541676162936 0.00330381840467453
53.4503430420913 2 0.771272450959667 0.00353149324655533
56.3574838816032 2 0.852814406111231 0.00371581315994263
59.4227428430906 2 0.866105665034485 0.00371581315994263
62.654719902226 2 1.01509085604152 0.003799207508564
66.0624827836074 2 1.05238731105799 0.0039176270365715
69.6914181022973 2 1.09801097468781 0.0040893629193306
73.481903928911 2 1.11596886421162 0.00468102842569351
77.4785526259755 2 1.30888106532177 0.00468102842569351
81.6925773020729 2 1.30888106532177 0.00482480973005295
86.1358009418691 2 1.30888106532177 0.00482480973005295
90.8206895770081 2 1.35855200277505 0.00515907257795334
95.7603872611564 2 1.39573230356352 0.00515907257795334
100.968752947325 2 1.50563708876317 0.00517331808805466
106.460399370934 2 1.50563708876317 0.00522540509700775
112.250734047706 2 1.54259886499714 0.00541957467794418
118.356002501424 2 1.61527018635928 0.00557816028594971
124.79333384282 2 1.67599291171587 0.00615440309047699
131.580788827489 2 1.69329033737688 0.00615440309047699
138.737410527641 2 1.76794839532735 0.00647769868373871
146.283277759876 2 1.78913397052455 0.00678109377622604
154.239561418869 2 1.82444299702614 0.00678109377622604
162.712228027625 2 1.84337810638141 0.00693528354167938
171.562075124296 2 1.9084987924896 0.00693528354167938
180.89326154367 2 1.91106174162219 0.00722063332796097
190.731967121517 2 1.93349430571383 0.00760843604803085
201.105795603455 2 1.94789396950047 0.00760843604803085
212.043852090781 2 1.95496192451851 0.00776905566453934
223.576824698554 2 1.95721761002497 0.00828389078378677
235.737070655025 2 1.96384251063369 0.00861862301826477
248.558707083971 2 1.97951918060558 0.00861862301826477
262.077706724647 2 1.98164616272006 0.00861862301826477
276.331998857906 2 1.98427782713434 0.00861862301826477
291.361575721634 2 1.98680296501864 0.00861862301826477
307.208604714093 2 1.98855137787802 0.0087321400642395
323.917546699938 2 1.98855137787802 0.00898754596710205
341.535280750856 2 1.98855137787802 0.00898754596710205
360.111235670791 2 1.98855137787802 0.00898754596710205
379.892817087635 2 1.98855137787802 0.00900930911302567
400.555021674853 2 1.98855137787802 0.00900930911302567
422.34103455536 2 1.98855137787802 0.00900930911302567
445.31197917195 2 1.98855137787802 0.00900930911302567
469.532303444802 2 1.98855137787802 0.00900930911302567
495.06996058836 2 1.98855137787802 0.00900930911302567
521.996599762753 2 1.98855137787802 0.00900930911302567
550.387767094675 2 1.98855137787802 0.00900930911302567
580.32311763169 2 1.98855137787802 0.00900930911302567
611.886638824648 2 1.98855137787802 0.00900930911302567
645.166886165212 2 1.98855137787802 0.00900930911302567
680.257231639601 2 1.98855137787802 0.00900930911302567
717.256125695631 2 1.98855137787802 0.00900930911302567
756.267373458022 2 1.98855137787802 0.00900930911302567
797.400425966943 2 1.98855137787802 0.00900930911302567
840.770687256888 2 1.98855137787802 0.00900930911302567
886.955788290705 2 1.98855137787802 0.00900930911302567
935.196926667513 2 1.98855137787802 0.00900930911302567
986.061879514685 2 1.98855137787802 0.00900930911302567
1039.69335495658 2 1.98855137787802 0.00900930911302567
1096.2418229502 2 1.98855137787802 0.00900930911302567
1155.86593744783 2 1.98855137787802 0.00900930911302567
1218.73298152104 2 1.98855137787802 0.00900930911302567
1285.01933669466 2 1.98855137787802 0.00900930911302567
1354.91097780771 2 1.98855137787802 0.00900930911302567
1355.6078441143 2 1.98855137787802 0.00900930911302567
