7.92941248416901 0 0.00018201309252236 0.00214016437530518
7.93349078929884 0 0.00018201309252236 0.00214016437530518
8.36498989221946 0 0.00018201309252236 0.00319115817546844
8.81995804309971 0 0.00018201309252236 0.00319115817546844
9.29967171321937 0 0.00018201309252236 0.00319115817546844
9.80547680057426 0 0.00018201309252236 0.00319115817546844
10.338792405965 0 0.000229002008357862 0.00454664975404739
10.9011148144657 0 0.000316655650437259 0.00454664975404739
11.4940216934428 0 0.000495202531241246 0.00454664975404739
12.1191765189025 0 0.000586194402872164 0.00454664975404739
12.7849054750325 0 0.000586194402872164 0.00454664975404739
13.4802709062047 0 0.00127921964774869 0.0061597004532814
14.2134569598143 0 0.0104137119049026 0.00706392526626587
14.9865206830159 0 0.0104137119049026 0.00706392526626587
15.8016310048612 0 0.0104137119049026 0.00706392526626587
16.6610748215072 0 0.0149529654817826 0.00748687982559204
17.5672634123947 0 0.0206217520179877 0.00748687982559204
18.5227392054016 0 0.0609156391012586 0.00787903368473053
19.530182909949 0 0.0609156391012586 0.00987550616264343
20.5924210380736 0 0.0609156391012586 0.0103886872529984
21.7124338345689 0 0.0609156391012586 0.0103886872529984
22.8933636384425 0 0.281691381655973 0.0104974582791328
24.1385236991498 0 0.281691381655973 0.0114574432373047
25.4514074723383 0 0.281691381655973 0.0114574432373047
26.8356984211845 0 0.281691381655973 0.0115781202912331
28.2952803508199 0 0.438682090357958 0.014136403799057
29.8495928424298 2 0.605500933359301 0.0143240764737129
31.4730991747782 2 0.605500933359301 0.0143240764737129
33.184907308263 2 0.605500933359301 0.0163473039865494
34.989819939325 2 1.12534327301508 0.0163473039865494
36.8929009809691 2 1.39685681105521 0.0170320719480515
38.8994897702194 2 1.45592875525361 0.0176431238651276
41.0152160483114 2 1.76824533383242 0.0189576745033264
43.24601575565 2 1.94876109836588 0.0190126970410347
45.5981476858496 2 1.99636671218166 0.02126394957304
48.0782110455784 2 1.99636671218166 0.02126394957304
50.6931639694765 2 1.99671659301429 0.02126394957304
53.4503430420913 2 1.99702549814358 0.02126394957304
56.3574838816032 2 1.99941167725392 0.0216009914875031
59.4227428430906 2 1.99994532123078 0.0224742889404297
62.654719902226 2 1.99995845210987 0.0230956599116325
66.0624827836074 2 1.99996737925645 0.0240567252039909
69.6914181022973 2 1.99998099650931 0.0253457874059677
73.481903928911 2 1.99999461724294 0.0277248099446297
77.4785526259755 2 1.99999461724294 0.0278713181614876
81.6925773020729 2 1.99999825165977 0.0318420380353928
86.1358009418691 2 1.99999921992475 0.0318420380353928
90.8206895770081 2 1.99999998799018 0.0333639308810234
95.7603872611564 2 1.99999998799018 0.0339048430323601
100.968752947325 2 1.99999998799018 0.0339048430323601
106.460399370934 2 2.00000002800898 0.0354117751121521
112.250734047706 2 2.00000007665745 0.0360463857650757
118.356002501424 2 2.00000014653347 0.0369330123066902
124.79333384282 2 2.00000014653347 0.0400944799184799
131.580788827489 2 2.00000016626869 0.0400944799184799
138.737410527641 2 2.00000017668101 0.0428096055984497
146.283277759876 2 2.00000018487959 0.0428096055984497
154.239561418869 2 2.0000001911806 0.043130025267601
162.712228027625 2 2.00000023898256 0.0472003296017647
171.562075124296 2 2.00000023898256 0.0472003296017647
180.89326154367 2 2.00000023898256 0.0491372719407082
190.731967121517 2 2.00000023898256 0.0491372719407082
201.105795603455 2 2.00000024032154 0.053496815264225
212.043852090781 2 2.00000024373153 0.053496815264225
223.576824698554 2 2.00000025483115 0.053496815264225
235.737070655025 2 2.00000025559562 0.0572256594896317
248.558707083971 2 2.00000025559562 0.0572256594896317
262.077706724647 2 2.00000025891255 0.0581608787178993
276.331998857906 2 2.00000027473959 0.0590318217873573
291.361575721634 2 2.00000029089537 0.0615263283252716
307.208604714093 2 2.00000029089537 0.06325563788414
323.917546699938 2 2.00000029089537 0.06325563788414
341.535280750856 2 2.00000029089537 0.0633653998374939
360.111235670791 2 2.00000029089537 0.0673144087195396
379.892817087635 2 2.00000029089537 0.0694234892725945
400.555021674853 2 2.00000029089537 0.0694563314318657
422.34103455536 2 2.00000029089537 0.0694563314318657
445.31197917195 2 2.00000029089537 0.070883609354496
469.532303444802 2 2.00000029089537 0.070883609354496
495.06996058836 2 2.00000029089537 0.070883609354496
521.996599762753 2 2.00000029089537 0.070883609354496
550.387767094675 2 2.00000029089537 0.070883609354496
580.32311763169 2 2.00000029089537 0.070883609354496
611.886638824648 2 2.00000029089537 0.070883609354496
645.166886165212 2 2.00000029089537 0.070883609354496
680.257231639601 2 2.00000029089537 0.070883609354496
717.256125695631 2 2.00000029089537 0.070883609354496
756.267373458022 2 2.00000029089537 0.070883609354496
797.400425966943 2 2.00000029089537 0.070883609354496
840.770687256888 2 2.00000029089537 0.070883609354496
886.955788290705 2 2.00000029089537 0.070883609354496
935.196926667513 2 2.00000029089537 0.070883609354496
986.061879514685 2 2.00000029089537 0.070883609354496
1039.69335495658 2 2.00000029089537 0.070883609354496
1096.2418229502 2 2.00000029089537 0.070883609354496
1155.86593744783 2 2.00000029089537 0.070883609354496
1218.73298152104 2 2.00000029089537 0.070883609354496
1285.01933669466 2 2.00000029089537 0.070883609354496
1354.91097780771 2 2.00000029089537 0.070883609354496
1355.6078441143 2 2.00000029089537 0.070883609354496
