1.64352567634172 0 7.79927850387569e-05 0.00060963132410282
1.6440921328502 0 7.79927850387569e-05 0.00060963132410282
1.70349519045913 0 7.79927850387569e-05 0.00060963132410282
1.76504455312164 0 7.79927850387569e-05 0.00060963132410282
1.8288177694618 0 7.79927850387569e-05 0.00060963132410282
1.89489519003021 0 0.000258467673673199 0.000861847201155578
1.96336006854107 0 0.000678756444417859 0.000861847201155578
2.03429866676696 0 0.0011686148480715 0.000861847201155578
2.10780036322374 0 0.0011686148480715 0.00139818076320618
2.18395776578221 0 0.0024505501499558 0.00139818076320618
2.26364674658258 0 0.0024505501499558 0.00142724252602182
2.34543506939415 0 0.0042173816495455 0.00153173743250358
2.43017850424271 0 0.0042173816495455 0.00174354001896502
2.51798382293689 0 0.0042173816495455 0.00174354001896502
2.60896165508122 0 0.00573295485121451 0.00174354001896502
2.70322662746303 0 0.00573295485121451 0.00177050776020494
2.80089750847551 0 0.00573295485121451 0.00177050776020494
2.90209735775904 0 0.0286191212075215 0.0020696794628826
3.00695368124914 0 0.0286191212075215 0.00278373623766647
3.1155985918266 0 0.0286191212075215 0.00278373623766647
3.22816897577201 0 0.0286191212075215 0.00278373623766647
3.34480666523452 0 0.0286191212075215 0.00301690227675345
3.46565861693214 0 0.0286191212075215 0.00301690227675345
3.59087709730866 0 0.0286191212075215 0.00301690227675345
3.72061987438053 0 0.0499659650081268 0.00302543118424292
3.85505041651542 0 0.0499659650081268 0.00312309758276546
3.99571478440722 0 0.0499659650081268 0.00312309758276546
4.14008484176861 0 0.0765614331486007 0.00351814526795202
4.28967116570234 0 0.0765614331486007 0.00351814526795202
4.44466222629322 0 0.0765614331486007 0.00375465282231337
4.60525330328049 0 0.160316624938001 0.00375465282231337
4.77164673209899 0 0.555545643617803 0.00423909085067899
4.94405215881005 1.4142135623731 0.739811183053387 0.00423909085067899
5.12268680424332 1.4142135623731 0.739811183053387 0.00440539008500594
5.30777573768248 1.4142135623731 0.739811183053387 0.00517068765654256
5.49955216043941 1.4142135623731 0.739811183053387 0.00517068765654256
5.69825769967433 1.4142135623731 1.4094106520691 0.00517068765654256
5.90414271283199 1.4142135623731 1.4094106520691 0.00517068765654256
6.11746660307752 1.4142135623731 1.4094106520691 0.00517068765654256
6.33849814612938 1.4142135623731 1.4094106520691 0.00531281066141972
6.56751582890112 1.4142135623731 1.4094106520691 0.00531281066141972
6.80480820037876 1.4142135623731 1.4094106520691 0.00547299225693428
7.05310431604837 1.4142135623731 1.4094106520691 0.00571150039920177
7.30794159288738 1.4142135623731 1.41325228517166 0.00617115892746062
7.57198645191386 1.4142135623731 1.4134934371982 0.00654501096369915
7.84557157432259 1.4142135623731 1.41373237420015 0.00669244672272992
8.12904166148644 1.4142135623731 1.41415828790416 0.00681047813687686
8.42275386926004 1.4142135623731 1.41415828790416 0.00692229664967118
8.72707825797546 1.4142135623731 1.41415828790416 0.0077106462151242
9.04239825869672 1.4142135623731 1.4141586140419 0.00787276835993426
9.36911115632067 1.4142135623731 1.4142061837959 0.00790333499310047
9.70762859013291 1.4142135623731 1.41420620209309 0.00790333499310047
10.0583770724494 1.4142135623731 1.41420973821003 0.00815852300250727
10.4217985259973 1.4142135623731 1.41421088147731 0.00864980741757654
10.7983508407117 1.4142135623731 1.41421179182454 0.00914884766398943
11.1885084506506 1.4142135623731 1.41421215853126 0.00940000115685578
11.5927629317542 1.4142135623731 1.41421215853126 0.00990750256240477
12.0116236212022 1.4142135623731 1.41421337180089 0.0104976808856046
12.4499077579783 1.4142135623731 1.41421347017876 0.0107234622376528
12.899738137308 1.4142135623731 1.41421347385281 0.0112376236285487
13.3658214378723 1.4142135623731 1.41421356172998 0.0122306685400454
13.8487448975741 1.4142135623731 1.41421356190316 0.0123507487071497
14.3491169719394 1.4142135623731 1.41421356228917 0.0123871237846176
14.8675681007358 1.4142135623731 1.41421356233965 0.0127393048921361
15.4047515022898 1.4142135623731 1.41421356234433 0.012982247949841
15.9613439965044 1.4142135623731 1.41421356237308 0.0135323995310649
16.5380468576126 1.4142135623731 1.41421356237309 0.0148507115801779
17.1355866977424 1.4142135623731 1.41421356237309 0.0148507115801779
17.7547163824056 1.4142135623731 1.41421356237309 0.0157590279562013
18.3962159790649 1.4142135623731 1.4142135623731 0.0157590279562013
19.0608937399737 1.4142135623731 1.4142135623731 0.0158219844478326
19.7495871205268 1.4142135623731 1.4142135623731 0.0168237254008096
20.4631638344055 1.4142135623731 1.4142135623731 0.0170818652756525
21.202522946847 1.4142135623731 1.4142135623731 0.0174701401733123
21.9761676896635 1.4142135623731 1.4142135623731 0.0184098992099035
22.7701934800731 1.4142135623731 1.4142135623731 0.0184098992099035
23.5929083924778 1.4142135623731 1.4142135623731 0.0184098992099035
24.4453489999095 1.4142135623731 1.4142135623731 0.0184098992099035
25.3285893280501 1.4142135623731 1.4142135623731 0.0184098992099035
26.2437422084417 1.4142135623731 1.4142135623731 0.0201595921476658
27.1919606805898 1.4142135623731 1.4142135623731 0.0201595921476658
28.174439444726 1.4142135623731 1.4142135623731 0.0201595921476658
29.1924163670612 1.4142135623731 1.4142135623731 0.0201595921476658
30.2471740394247 1.4142135623731 1.4142135623731 0.0201595921476658
31.3400413952561 1.4142135623731 1.4142135623731 0.0201595921476658
32.4723953839837 1.4142135623731 1.4142135623731 0.0201595921476658
33.6456627059011 1.4142135623731 1.4142135623731 0.0201595921476658
34.8613216097269 1.4142135623731 1.4142135623731 0.0201595921476658
36.1209037551118 1.4142135623731 1.4142135623731 0.0201595921476658
37.4259961424415 1.4142135623731 1.4142135623731 0.0201595921476658
38.7916083968349 1.4142135623731 1.4142135623731 0.0201595921476658
40.193196606095 1.4142135623731 1.4142135623731 0.0201595921476658
41.645425909899 1.4142135623731 1.4142135623731 0.0201595921476658
43.1501260328692 1.4142135623731 1.4142135623731 0.0201595921476658
44.709192809814 1.4142135623731 1.4142135623731 0.0201595921476658
46.3245905743698 1.4142135623731 1.4142135623731 0.0201595921476658
47.9983546339476 1.4142135623731 1.4142135623731 0.0201595921476658
49.7325938341019 1.4142135623731 1.4142135623731 0.0201595921476658
51.5294932155538 1.4142135623731 1.4142135623731 0.0201595921476658
51.5472533377297 1.4142135623731 1.4142135623731 0.0201595921476658
