1.64352567634172 0 0.000200309998808909 0.000623337175752877
1.6440921328502 0 0.000200309998808909 0.000623337175752877
1.70349519045913 0 0.000200309998808909 0.000623337175752877
1.76504455312164 0 0.000200309998808909 0.000623337175752877
1.8288177694618 0 0.000200309998808909 0.000623337175752877
1.89489519003021 0 0.00222473611002955 0.000817160330990486
1.96336006854107 0 0.0023927177787577 0.000852207118346702
2.03429866676696 0 0.0023927177787577 0.00138715742050765
2.10780036322374 0 0.0023927177787577 0.00144105210714889
2.18395776578221 0 0.00744202472907728 0.00144105210714889
2.26364674658258 0 0.0139091816532562 0.00144105210714889
2.34543506939415 0 0.0139091816532562 0.00145243000396138
2.43017850424271 0 0.0139091816532562 0.00173637135723118
2.51798382293689 0 0.0571830432991628 0.00232374986371573
2.60896165508122 0 0.0571830432991628 0.00232374986371573
2.70322662746303 0 0.0571830432991628 0.00232374986371573
2.80089750847551 0 0.0614533072533155 0.00242611394282888
2.90209735775904 0 0.0784085931584012 0.0026529113791755
3.00695368124914 0 0.0784085931584012 0.00334096200723747
3.1155985918266 0 0.0784085931584012 0.00334096200723747
3.22816897577201 0 0.0784085931584012 0.00334096200723747
3.34480666523452 0 0.0784085931584012 0.00334096200723747
3.46565861693214 0 0.0784085931584012 0.00334096200723747
3.59087709730866 0 0.0924392161582827 0.00416617730973927
3.72061987438053 0 0.0924392161582827 0.00416617730973927
3.85505041651542 0 0.0974757427713776 0.00416617730973927
3.99571478440722 0 0.0974757427713776 0.00416617730973927
4.14008484176861 0 0.0974757427713776 0.00416617730973927
4.28967116570234 0 0.116350626734712 0.00424302466870363
4.44466222629322 0 0.344874413262446 0.00475099495133099
4.60525330328049 0 0.344874413262446 0.00475099495133099
4.77164673209899 0 0.665995367059252 0.00475099495133099
4.94405215881005 1.4142135623731 0.911708972167034 0.00476249504389216
5.12268680424332 1.4142135623731 0.952219726464907 0.00530097323048895
5.30777573768248 1.4142135623731 0.952219726464907 0.00555730589798632
5.49955216043941 1.4142135623731 0.952219726464907 0.00560751654160537
5.69825769967433 1.4142135623731 1.3569078503539 0.00577916239828643
5.90414271283199 1.4142135623731 1.3569078503539 0.00603429957181743
6.11746660307752 1.4142135623731 1.3569078503539 0.00603429957181743
6.33849814612938 1.4142135623731 1.3569078503539 0.00603429957181743
6.56751582890112 1.4142135623731 1.4084684625961 0.00671352026361032
6.80480820037876 1.4142135623731 1.4084684625961 0.00671352026361032
7.05310431604837 1.4142135623731 1.41226099682415 0.0072803001770187
7.30794159288738 1.4142135623731 1.41226099682415 0.0072803001770187
7.57198645191386 1.4142135623731 1.41387328520405 0.0072803001770187
7.84557157432259 1.4142135623731 1.41392097164518 0.00737285745556875
8.12904166148644 1.4142135623731 1.41392097164518 0.00830449029729602
8.42275386926004 1.4142135623731 1.41392097164518 0.00830449029729602
8.72707825797546 1.4142135623731 1.41418479859991 0.00884085651078006
9.04239825869672 1.4142135623731 1.41418479859991 0.00926895477794954
9.36911115632067 1.4142135623731 1.41418479859991 0.0104249415499603
9.70762859013291 1.4142135623731 1.41419330961546 0.0104249415499603
10.0583770724494 1.4142135623731 1.41419330961546 0.0105446179587963
10.4217985259973 1.4142135623731 1.41420366793025 0.0105446179587963
10.7983508407117 1.4142135623731 1.41420723773945 0.0111341360044616
11.1885084506506 1.4142135623731 1.41420723773945 0.0124496119053225
11.5927629317542 1.4142135623731 1.4142131657769 0.0124496119053225
12.0116236212022 1.4142135623731 1.41421325236718 0.0134704556927036
12.4499077579783 1.4142135623731 1.41421325236718 0.0134704556927036
12.899738137308 1.4142135623731 1.41421341199238 0.0137998404155478
13.3658214378723 1.4142135623731 1.4142135433143 0.0137998404155478
13.8487448975741 1.4142135623731 1.41421355740759 0.0146525953446371
14.3491169719394 1.4142135623731 1.41421356153904 0.0150096076379496
14.8675681007358 1.4142135623731 1.41421356153904 0.015188993850615
15.4047515022898 1.4142135623731 1.41421356153904 0.0165725072861622
15.9613439965044 1.4142135623731 1.41421356203715 0.0165725072861622
16.5380468576126 1.4142135623731 1.41421356231398 0.0171944235008569
17.1355866977424 1.4142135623731 1.41421356235821 0.0185044515554054
17.7547163824056 1.4142135623731 1.41421356237287 0.0185044515554054
18.3962159790649 1.4142135623731 1.41421356237308 0.0185044515554054
19.0608937399737 1.4142135623731 1.41421356237308 0.0194159049132931
19.7495871205268 1.4142135623731 1.41421356237309 0.0194159049132931
20.4631638344055 1.4142135623731 1.41421356237309 0.0213722828800195
21.202522946847 1.4142135623731 1.4142135623731 0.0216556765910833
21.9761676896635 1.4142135623731 1.4142135623731 0.021809940518053
22.7701934800731 1.4142135623731 1.4142135623731 0.0219731408936794
23.5929083924778 1.4142135623731 1.4142135623731 0.0222018996108372
24.4453489999095 1.4142135623731 1.4142135623731 0.0222086878153491
25.3285893280501 1.4142135623731 1.4142135623731 0.0225475248642884
26.2437422084417 1.4142135623731 1.4142135623731 0.0225475248642884
27.1919606805898 1.4142135623731 1.4142135623731 0.0226368353557767
28.174439444726 1.4142135623731 1.4142135623731 0.0226368353557767
29.1924163670612 1.4142135623731 1.4142135623731 0.0226368353557767
30.2471740394247 1.4142135623731 1.4142135623731 0.0226368353557767
31.3400413952561 1.4142135623731 1.4142135623731 0.0226368353557767
32.4723953839837 1.4142135623731 1.4142135623731 0.0226368353557767
33.6456627059011 1.4142135623731 1.4142135623731 0.0226368353557767
34.8613216097269 1.4142135623731 1.4142135623731 0.0226368353557767
36.1209037551118 1.4142135623731 1.4142135623731 0.0226368353557767
37.4259961424415 1.4142135623731 1.4142135623731 0.0226368353557767
38.7916083968349 1.4142135623731 1.4142135623731 0.0226368353557767
40.193196606095 1.4142135623731 1.4142135623731 0.0226368353557767
41.645425909899 1.4142135623731 1.4142135623731 0.0226368353557767
43.1501260328692 1.4142135623731 1.4142135623731 0.0226368353557767
44.709192809814 1.4142135623731 1.4142135623731 0.0226368353557767
46.3245905743698 1.4142135623731 1.4142135623731 0.0226368353557767
47.9983546339476 1.4142135623731 1.4142135623731 0.0226368353557767
49.7325938341019 1.4142135623731 1.4142135623731 0.0226368353557767
51.5294932155538 1.4142135623731 1.4142135623731 0.0226368353557767
51.5472533377297 1.4142135623731 1.4142135623731 0.0226368353557767
