7.92941248416901 0 0.000136168304663897 0.00142625719308853
7.93349078929884 0 0.000136168304663897 0.00142625719308853
8.36498989221946 0 0.00102874288825205 0.00223147869110107
8.81995804309971 0 0.00102874288825205 0.00223147869110107
9.29967171321937 0 0.00102874288825205 0.00223147869110107
9.80547680057426 0 0.00102874288825205 0.00241866707801819
10.338792405965 0 0.00167350138525535 0.0027768686413765
10.9011148144657 0 0.00167350138525535 0.00297272950410843
11.4940216934428 0 0.0159102938059732 0.00459456443786621
12.1191765189025 0 0.0159102938059732 0.00467902421951294
12.7849054750325 0 0.0159102938059732 0.0055210292339325
13.4802709062047 0 0.0159102938059732 0.0055210292339325
14.2134569598143 0 0.0162946588638988 0.0055210292339325
14.9865206830159 0 0.0232653540920182 0.0055210292339325
15.8016310048612 0 0.0232653540920182 0.0055210292339325
16.6610748215072 0 0.0236392099450313 0.0072774812579155
17.5672634123947 0 0.0495081611061323 0.00737684220075607
18.5227392054016 0 0.0495081611061323 0.00737684220075607
19.530182909949 0 0.0495081611061323 0.00783155113458633
20.5924210380736 0 0.0495081611061323 0.00783155113458633
21.7124338345689 0 0.0495081611061323 0.00823957473039627
22.8933636384425 0 0.0730880355085048 0.00904989987611771
24.1385236991498 0 0.344538405525071 0.0116722211241722
25.4514074723383 0 0.344538405525071 0.0116722211241722
26.8356984211845 0 0.344538405525071 0.0116822645068169
28.2952803508199 0 0.344538405525071 0.0116822645068169
29.8495928424298 2 1.05952520098259 0.0124576315283775
31.4730991747782 2 1.05952520098259 0.0124576315283775
33.184907308263 2 1.05952520098259 0.0132882371544838
34.989819939325 2 1.05952520098259 0.0137343555688858
36.8929009809691 2 1.68033879954351 0.0142181739211082
38.8994897702194 2 1.94098693481069 0.0143520459532738
41.0152160483114 2 1.94098693481069 0.0154103338718414
43.24601575565 2 1.97924878451761 0.0159171894192696
45.5981476858496 2 1.99508739440526 0.0162588357925415
48.0782110455784 2 1.99585694089268 0.0183620825409889
50.6931639694765 2 1.9961259400192 0.0183620825409889
53.4503430420913 2 1.9976152252673 0.0191237702965736
56.3574838816032 2 1.9994857485292 0.0191237702965736
59.4227428430906 2 1.99980856935926 0.0197912901639938
62.654719902226 2 1.99980856935926 0.0201257541775703
66.0624827836074 2 1.99992208185665 0.0209141746163368
69.6914181022973 2 1.99993295598849 0.0216258987784386
73.481903928911 2 1.9999826741469 0.0216258987784386
77.4785526259755 2 1.99999270818731 0.022141695022583
81.6925773020729 2 1.99999623164151 0.022141695022583
86.1358009418691 2 1.99999623164151 0.0227754563093185
90.8206895770081 2 1.99999790371241 0.0235179588198662
95.7603872611564 2 1.99999864786937 0.0256801918148994
100.968752947325 2 1.99999946749406 0.0256801918148994
106.460399370934 2 1.99999971931075 0.0256801918148994
112.250734047706 2 1.99999980276375 0.0265637561678886
118.356002501424 2 1.9999998138796 0.0291507542133331
124.79333384282 2 2.00000004665124 0.0333148613572121
131.580788827489 2 2.00000006791534 0.0333148613572121
138.737410527641 2 2.00000010454586 0.0333254709839821
146.283277759876 2 2.00000013288508 0.0344077944755554
154.239561418869 2 2.00000014330576 0.0344077944755554
162.712228027625 2 2.00000015516956 0.0371159911155701
171.562075124296 2 2.00000017180931 0.0381149053573608
180.89326154367 2 2.00000019188019 0.0384130999445915
190.731967121517 2 2.00000022342197 0.0413647368550301
201.105795603455 2 2.00000023499588 0.0413647368550301
212.043852090781 2 2.00000023657161 0.0451362505555153
223.576824698554 2 2.0000002369322 0.0451362505555153
235.737070655025 2 2.00000024668915 0.0451362505555153
248.558707083971 2 2.00000024668915 0.0464594885706902
262.077706724647 2 2.00000024668915 0.0469123125076294
276.331998857906 2 2.00000024930633 0.0469123125076294
291.361575721634 2 2.00000025306043 0.048393040895462
307.208604714093 2 2.00000027050386 0.0500280857086182
323.917546699938 2 2.00000027050386 0.0500280857086182
341.535280750856 2 2.00000027050386 0.0506593585014343
360.111235670791 2 2.00000027050386 0.0506593585014343
379.892817087635 2 2.00000027050386 0.0521772056818008
400.555021674853 2 2.00000027050386 0.0530289858579636
422.34103455536 2 2.00000027050386 0.0530289858579636
445.31197917195 2 2.00000027050386 0.0530289858579636
469.532303444802 2 2.00000027050386 0.0530289858579636
495.06996058836 2 2.00000027050386 0.0530289858579636
521.996599762753 2 2.00000027050386 0.0530289858579636
550.387767094675 2 2.00000027050386 0.0530289858579636
580.32311763169 2 2.00000027050386 0.0530289858579636
611.886638824648 2 2.00000027050386 0.0530289858579636
645.166886165212 2 2.00000027050386 0.0530289858579636
680.257231639601 2 2.00000027050386 0.0530289858579636
717.256125695631 2 2.00000027050386 0.0530289858579636
756.267373458022 2 2.00000027050386 0.0530289858579636
797.400425966943 2 2.00000027050386 0.0530289858579636
840.770687256888 2 2.00000027050386 0.0530289858579636
886.955788290705 2 2.00000027050386 0.0530289858579636
935.196926667513 2 2.00000027050386 0.0530289858579636
986.061879514685 2 2.00000027050386 0.0530289858579636
1039.69335495658 2 2.00000027050386 0.0530289858579636
1096.2418229502 2 2.00000027050386 0.0530289858579636
1155.86593744783 2 2.00000027050386 0.0530289858579636
1218.73298152104 2 2.00000027050386 0.0530289858579636
1285.01933669466 2 2.00000027050386 0.0530289858579636
1354.91097780771 2 2.00000027050386 0.0530289858579636
1355.6078441143 2 2.00000027050386 0.0530289858579636
