7.92941248416901 0 0.0144789468213896 0.000275462865829468
7.93349078929884 0 0.0144789468213896 0.000275462865829468
8.36498989221946 0 0.0144789468213896 0.000494442880153656
8.81995804309971 0 0.0144789468213896 0.000494442880153656
9.29967171321937 0 0.0144789468213896 0.000494442880153656
9.80547680057426 0 0.0144789468213896 0.000494442880153656
10.338792405965 0 0.0144789468213896 0.000641494989395142
10.9011148144657 0 0.0189397081558374 0.000863976776599884
11.4940216934428 0 0.035137626115179 0.000863976776599884
12.1191765189025 0 0.0357253960720048 0.000878982245922089
12.7849054750325 0 0.0746236594681974 0.000878982245922089
13.4802709062047 0 0.0746236594681974 0.000878982245922089
14.2134569598143 0 0.0746236594681974 0.00099954754114151
14.9865206830159 0 0.0746236594681974 0.00118578225374222
15.8016310048612 0 0.0746236594681974 0.00118578225374222
16.6610748215072 0 0.0759321455810655 0.00140058994293213
17.5672634123947 0 0.0777915350380271 0.00140058994293213
18.5227392054016 0 0.0971338090425766 0.00140058994293213
19.530182909949 0 0.0971338090425766 0.00140058994293213
20.5924210380736 0 0.10894522518792 0.00156936049461365
21.7124338345689 0 0.118029863070097 0.00168342143297195
22.8933636384425 0 0.118029863070097 0.00183826684951782
24.1385236991498 0 0.128081336655997 0.00210423022508621
25.4514074723383 0 0.128081336655997 0.00210423022508621
26.8356984211845 0 0.144221227084252 0.00210423022508621
28.2952803508199 0 0.372379434306227 0.00233565270900726
29.8495928424298 2 0.372379434306227 0.00233565270900726
31.4730991747782 2 0.41451421229243 0.00233565270900726
33.184907308263 2 0.496375643941131 0.00244071334600449
34.989819939325 2 0.606793429699673 0.00244071334600449
36.8929009809691 2 0.606793429699673 0.00262992084026337
38.8994897702194 2 0.875699657506277 0.00267288833856583
41.0152160483114 2 0.875699657506277 0.00272566080093384
43.24601575565 2 0.915359948643573 0.00284819304943085
45.5981476858496 2 1.21591965963923 0.00300386548042297
48.0782110455784 2 1.21591965963923 0.00300386548042297
50.6931639694765 2 1.30506042246377 0.00321365147829056
53.4503430420913 2 1.39669083045649 0.00324032455682755
56.3574838816032 2 1.49947361655401 0.00358317792415619
59.4227428430906 2 1.59934293502704 0.00363223254680634
62.654719902226 2 1.59934293502704 0.00366180390119553
66.0624827836074 2 1.65765724476622 0.00375041365623474
69.6914181022973 2 1.74278320512686 0.00379452109336853
73.481903928911 2 1.75651355558461 0.00424095243215561
77.4785526259755 2 1.85905897552285 0.00424095243215561
81.6925773020729 2 1.85905897552285 0.00428922474384308
86.1358009418691 2 1.8905401628141 0.00450203567743301
90.8206895770081 2 1.91119714099567 0.00479695945978165
95.7603872611564 2 1.92871870478821 0.00479695945978165
100.968752947325 2 1.96626859903848 0.0048273578286171
106.460399370934 2 1.96626859903848 0.00501669943332672
112.250734047706 2 1.97924664474196 0.00504740327596664
118.356002501424 2 1.98420747678188 0.0054166316986084
124.79333384282 2 1.9842160967775 0.00547247380018234
131.580788827489 2 1.98887040444526 0.00576680153608322
138.737410527641 2 1.99178198671382 0.00602859258651733
146.283277759876 2 1.99383664632684 0.00635826587677002
154.239561418869 2 1.99417694815328 0.00645827502012253
162.712228027625 2 1.99833879272172 0.00663577020168304
171.562075124296 2 1.99925601831787 0.00678262114524841
180.89326154367 2 1.99954010949431 0.00702337920665741
190.731967121517 2 1.99967649157098 0.00713459402322769
201.105795603455 2 1.99973670119363 0.00781356543302536
212.043852090781 2 1.99975105939291 0.00809089839458466
223.576824698554 2 1.99975105939291 0.00809089839458466
235.737070655025 2 1.99988273464494 0.00809089839458466
248.558707083971 2 1.99997031000555 0.008342444896698
262.077706724647 2 1.99997417883349 0.00855401158332825
276.331998857906 2 1.99997775761875 0.00855401158332825
291.361575721634 2 1.99997775761875 0.00864780694246292
307.208604714093 2 1.99997779708163 0.00892547518014908
323.917546699938 2 1.99997779708163 0.00892547518014908
341.535280750856 2 1.99997781272495 0.00921062380075455
360.111235670791 2 1.99997785153836 0.00957850366830826
379.892817087635 2 1.99997785153836 0.00957850366830826
400.555021674853 2 1.99997785264954 0.00957850366830826
422.34103455536 2 1.99997785264954 0.00957850366830826
445.31197917195 2 1.99997785264954 0.00957850366830826
469.532303444802 2 1.99997785264954 0.00957850366830826
495.06996058836 2 1.99997785264954 0.00957850366830826
521.996599762753 2 1.99997785264954 0.00957850366830826
550.387767094675 2 1.99997785264954 0.00957850366830826
580.32311763169 2 1.99997785264954 0.00957850366830826
611.886638824648 2 1.99997785264954 0.00957850366830826
645.166886165212 2 1.99997785264954 0.00957850366830826
680.257231639601 2 1.99997785264954 0.00957850366830826
717.256125695631 2 1.99997785264954 0.00957850366830826
756.267373458022 2 1.99997785264954 0.00957850366830826
797.400425966943 2 1.99997785264954 0.00957850366830826
840.770687256888 2 1.99997785264954 0.00957850366830826
886.955788290705 2 1.99997785264954 0.00957850366830826
935.196926667513 2 1.99997785264954 0.00957850366830826
986.061879514685 2 1.99997785264954 0.00957850366830826
1039.69335495658 2 1.99997785264954 0.00957850366830826
1096.2418229502 2 1.99997785264954 0.00957850366830826
1155.86593744783 2 1.99997785264954 0.00957850366830826
1218.73298152104 2 1.99997785264954 0.00957850366830826
1285.01933669466 2 1.99997785264954 0.00957850366830826
1354.91097780771 2 1.99997785264954 0.00957850366830826
1355.6078441143 2 1.99997785264954 0.00957850366830826
