7.92941248416901 0 0.126111516095325 0.000348947942256927
7.93349078929884 0 0.126111516095325 0.000348947942256927
8.36498989221946 0 0.126111516095325 0.000453531742095947
8.81995804309971 0 0.329684587774817 0.000472873449325562
9.29967171321937 0 0.329684587774817 0.000472873449325562
9.80547680057426 0 0.329684587774817 0.000472873449325562
10.338792405965 0 0.329684587774817 0.000472873449325562
10.9011148144657 0 0.329684587774817 0.000560671091079712
11.4940216934428 0 0.432412298942437 0.000713571906089783
12.1191765189025 0 0.455796103869326 0.000930033624172211
12.7849054750325 0 0.540345760733158 0.000930033624172211
13.4802709062047 0 0.540345760733158 0.000930033624172211
14.2134569598143 0 0.540345760733158 0.000930033624172211
14.9865206830159 0 0.582882135037619 0.00123582035303116
15.8016310048612 0 0.758111844900967 0.00123582035303116
16.6610748215072 0 0.804199656939212 0.00123582035303116
17.5672634123947 0 0.832045175905905 0.00128710269927979
18.5227392054016 0 0.91047339137999 0.00142147392034531
19.530182909949 0 0.9427677658114 0.00146602839231491
20.5924210380736 0 1.11049218088039 0.00164326280355453
21.7124338345689 0 1.18216392728766 0.00164326280355453
22.8933636384425 0 1.18216392728766 0.00165439397096634
24.1385236991498 0 1.3282305379216 0.00182844698429108
25.4514074723383 0 1.3282305379216 0.00207974016666412
26.8356984211845 0 1.45492311339451 0.00210040807723999
28.2952803508199 0 1.45492311339451 0.00217541307210922
29.8495928424298 2 1.49150002338793 0.00228720903396606
31.4730991747782 2 1.50284220105849 0.00234610587358475
33.184907308263 2 1.58730764528288 0.00238706916570663
34.989819939325 2 1.58730764528288 0.00254106521606445
36.8929009809691 2 1.62294904107915 0.00287046283483505
38.8994897702194 2 1.67392087505367 0.00287046283483505
41.0152160483114 2 1.71082862687243 0.00306814163923264
43.24601575565 2 1.79938940368218 0.00306814163923264
45.5981476858496 2 1.79938940368218 0.00346860289573669
48.0782110455784 2 1.85870692757297 0.00346860289573669
50.6931639694765 2 1.87440135649564 0.00346860289573669
53.4503430420913 2 1.88568100474348 0.00374539196491241
56.3574838816032 2 1.90292492075734 0.00374539196491241
59.4227428430906 2 1.91549124474374 0.00383606553077698
62.654719902226 2 1.92036548742744 0.00408453494310379
66.0624827836074 2 1.94763072077172 0.00418688356876373
69.6914181022973 2 1.95839673456729 0.00430036336183548
73.481903928911 2 1.96428804023886 0.00438986718654633
77.4785526259755 2 1.96991511796977 0.00444156676530838
81.6925773020729 2 1.97996109434612 0.00456806272268295
86.1358009418691 2 1.98198600745756 0.00494764745235443
90.8206895770081 2 1.98313407916455 0.00504352152347565
95.7603872611564 2 1.98490250016369 0.00545386224985123
100.968752947325 2 1.98767454396197 0.00548443198204041
106.460399370934 2 1.98948114160497 0.00548443198204041
112.250734047706 2 1.99309897292169 0.00643900036811829
118.356002501424 2 1.99453045180999 0.00643900036811829
124.79333384282 2 1.99704641377281 0.00643900036811829
131.580788827489 2 1.99850681283083 0.00649630278348923
138.737410527641 2 1.99942973467455 0.00661954283714294
146.283277759876 2 1.99942973467455 0.00661954283714294
154.239561418869 2 1.99942973467455 0.00740090757608414
162.712228027625 2 1.99982142392948 0.00774724036455154
171.562075124296 2 1.99987753068753 0.00774724036455154
180.89326154367 2 1.99990460353008 0.00808101147413254
190.731967121517 2 1.9999580626159 0.00808101147413254
201.105795603455 2 1.99998036679427 0.00893964618444443
212.043852090781 2 1.99998373380405 0.0094028040766716
223.576824698554 2 1.99999197170592 0.0094028040766716
235.737070655025 2 1.99999455166237 0.0094028040766716
248.558707083971 2 1.99999623683344 0.0094028040766716
262.077706724647 2 1.99999710875287 0.00940801948308945
276.331998857906 2 1.99999720297197 0.00940801948308945
291.361575721634 2 1.99999725678523 0.009412981569767
307.208604714093 2 1.99999726360317 0.0100835412740707
323.917546699938 2 1.9999972728782 0.0100835412740707
341.535280750856 2 1.9999972728782 0.0100835412740707
360.111235670791 2 1.9999972728782 0.0100835412740707
379.892817087635 2 1.9999972728782 0.0100835412740707
400.555021674853 2 1.9999972728782 0.0100835412740707
422.34103455536 2 1.9999972728782 0.0100835412740707
445.31197917195 2 1.9999972728782 0.0100835412740707
469.532303444802 2 1.9999972728782 0.0100835412740707
495.06996058836 2 1.9999972728782 0.0100835412740707
521.996599762753 2 1.9999972728782 0.0100835412740707
550.387767094675 2 1.9999972728782 0.0100835412740707
580.32311763169 2 1.9999972728782 0.0100835412740707
611.886638824648 2 1.9999972728782 0.0100835412740707
645.166886165212 2 1.9999972728782 0.0100835412740707
680.257231639601 2 1.9999972728782 0.0100835412740707
717.256125695631 2 1.9999972728782 0.0100835412740707
756.267373458022 2 1.9999972728782 0.0100835412740707
797.400425966943 2 1.9999972728782 0.0100835412740707
840.770687256888 2 1.9999972728782 0.0100835412740707
886.955788290705 2 1.9999972728782 0.0100835412740707
935.196926667513 2 1.9999972728782 0.0100835412740707
986.061879514685 2 1.9999972728782 0.0100835412740707
1039.69335495658 2 1.9999972728782 0.0100835412740707
1096.2418229502 2 1.9999972728782 0.0100835412740707
1155.86593744783 2 1.9999972728782 0.0100835412740707
1218.73298152104 2 1.9999972728782 0.0100835412740707
1285.01933669466 2 1.9999972728782 0.0100835412740707
1354.91097780771 2 1.9999972728782 0.0100835412740707
1355.6078441143 2 1.9999972728782 0.0100835412740707
