7.92941248416901 0 0 0
7.93349078929884 0 0 0
8.36498989221946 0 0 0
8.81995804309971 0 0 1.41561031341553e-07
9.29967171321937 0 0 1.41561031341553e-07
9.80547680057426 0 0 1.41561031341553e-07
10.338792405965 0 0 1.41561031341553e-07
10.9011148144657 0 7.45058059692383e-09 1.41561031341553e-07
11.4940216934428 0 7.45058059692383e-09 1.41561031341553e-07
12.1191765189025 0 7.45058059692383e-09 1.41561031341553e-07
12.7849054750325 0 7.45058059692383e-09 1.41561031341553e-07
13.4802709062047 0 7.45058059692383e-09 1.41561031341553e-07
14.2134569598143 0 7.45058059692383e-09 1.41561031341553e-07
14.9865206830159 0 7.45058059692383e-09 1.41561031341553e-07
15.8016310048612 0 7.45058059692383e-09 1.41561031341553e-07
16.6610748215072 0 7.45058059692383e-09 1.41561031341553e-07
17.5672634123947 0 7.45058059692383e-09 1.41561031341553e-07
18.5227392054016 0 7.45058059692383e-09 1.41561031341553e-07
19.530182909949 0 7.45058059692383e-09 1.41561031341553e-07
20.5924210380736 0 7.45058059692383e-09 1.41561031341553e-07
21.7124338345689 0 7.45058059692383e-09 1.41561031341553e-07
22.8933636384425 0 7.45058059692383e-09 1.41561031341553e-07
24.1385236991498 0 7.45058059692383e-09 1.41561031341553e-07
25.4514074723383 0 7.45058059692383e-09 1.41561031341553e-07
26.8356984211845 0 7.45058059692383e-09 1.41561031341553e-07
28.2952803508199 0 7.45058059692383e-09 1.41561031341553e-07
29.8495928424298 2 7.45058059692383e-09 1.41561031341553e-07
31.4730991747782 2 7.45058059692383e-09 1.41561031341553e-07
33.184907308263 2 7.45058059692383e-09 1.41561031341553e-07
34.989819939325 2 7.45058059692383e-09 1.41561031341553e-07
36.8929009809691 2 7.45058059692383e-09 1.41561031341553e-07
38.8994897702194 2 7.45058059692383e-09 1.41561031341553e-07
41.0152160483114 2 7.45058059692383e-09 1.41561031341553e-07
43.24601575565 2 7.45058059692383e-09 1.41561031341553e-07
45.5981476858496 2 7.45058059692383e-09 1.41561031341553e-07
48.0782110455784 2 7.45058059692383e-09 1.41561031341553e-07
50.6931639694765 2 7.45058059692383e-09 1.41561031341553e-07
53.4503430420913 2 7.45058059692383e-09 1.41561031341553e-07
56.3574838816032 2 7.45058059692383e-09 1.41561031341553e-07
59.4227428430906 2 7.45058059692383e-09 1.41561031341553e-07
62.654719902226 2 7.45058059692383e-09 1.41561031341553e-07
66.0624827836074 2 7.45058059692383e-09 1.41561031341553e-07
69.6914181022973 2 7.45058059692383e-09 1.49011611938477e-07
73.481903928911 2 7.45058059692383e-09 1.49011611938477e-07
77.4785526259755 2 7.45058059692383e-09 1.49011611938477e-07
81.6925773020729 2 7.45058059692383e-09 1.49011611938477e-07
86.1358009418691 2 7.45058059692383e-09 1.49011611938477e-07
90.8206895770081 2 7.45058059692383e-09 1.49011611938477e-07
95.7603872611564 2 7.45058059692383e-09 1.49011611938477e-07
100.968752947325 2 7.45058059692383e-09 1.49011611938477e-07
106.460399370934 2 7.45058059692383e-09 1.49011611938477e-07
112.250734047706 2 7.45058059692383e-09 1.49011611938477e-07
118.356002501424 2 7.45058059692383e-09 1.49011611938477e-07
124.79333384282 2 7.45058059692383e-09 1.49011611938477e-07
131.580788827489 2 7.45058059692383e-09 1.49011611938477e-07
138.737410527641 2 7.45058059692383e-09 1.49011611938477e-07
146.283277759876 2 7.45058059692383e-09 1.49011611938477e-07
154.239561418869 2 7.45058059692383e-09 1.49011611938477e-07
162.712228027625 2 7.45058059692383e-09 1.49011611938477e-07
171.562075124296 2 7.45058059692383e-09 1.49011611938477e-07
180.89326154367 2 7.45058059692383e-09 1.49011611938477e-07
190.731967121517 2 7.45058059692383e-09 1.49011611938477e-07
201.105795603455 2 7.45058059692383e-09 1.49011611938477e-07
212.043852090781 2 7.45058059692383e-09 1.49011611938477e-07
223.576824698554 2 7.45058059692383e-09 1.49011611938477e-07
235.737070655025 2 7.45058059692383e-09 1.49011611938477e-07
248.558707083971 2 7.45058059692383e-09 1.49011611938477e-07
262.077706724647 2 7.45058059692383e-09 1.49011611938477e-07
276.331998857906 2 7.45058059692383e-09 1.49011611938477e-07
291.361575721634 2 7.45058059692383e-09 1.49011611938477e-07
307.208604714093 2 7.45058059692383e-09 1.49011611938477e-07
323.917546699938 2 7.45058059692383e-09 1.49011611938477e-07
341.535280750856 2 7.45058059692383e-09 1.49011611938477e-07
360.111235670791 2 7.45058059692383e-09 1.49011611938477e-07
379.892817087635 2 7.45058059692383e-09 1.49011611938477e-07
400.555021674853 2 7.45058059692383e-09 1.49011611938477e-07
422.34103455536 2 7.45058059692383e-09 1.49011611938477e-07
445.31197917195 2 7.45058059692383e-09 1.49011611938477e-07
469.532303444802 2 7.45058059692383e-09 1.49011611938477e-07
495.06996058836 2 7.45058059692383e-09 1.49011611938477e-07
521.996599762753 2 7.45058059692383e-09 1.49011611938477e-07
550.387767094675 2 7.45058059692383e-09 1.49011611938477e-07
580.32311763169 2 7.45058059692383e-09 1.49011611938477e-07
611.886638824648 2 7.45058059692383e-09 1.49011611938477e-07
645.166886165212 2 7.45058059692383e-09 1.49011611938477e-07
680.257231639601 2 7.45058059692383e-09 1.49011611938477e-07
717.256125695631 2 7.45058059692383e-09 1.49011611938477e-07
756.267373458022 2 7.45058059692383e-09 1.49011611938477e-07
797.400425966943 2 7.45058059692383e-09 1.49011611938477e-07
840.770687256888 2 7.45058059692383e-09 1.49011611938477e-07
886.955788290705 2 7.45058059692383e-09 1.49011611938477e-07
935.196926667513 2 7.45058059692383e-09 1.49011611938477e-07
986.061879514685 2 7.45058059692383e-09 1.49011611938477e-07
1039.69335495658 2 7.45058059692383e-09 1.49011611938477e-07
1096.2418229502 2 7.45058059692383e-09 1.49011611938477e-07
1155.86593744783 2 7.45058059692383e-09 1.49011611938477e-07
1218.73298152104 2 7.45058059692383e-09 1.49011611938477e-07
1285.01933669466 2 7.45058059692383e-09 1.49011611938477e-07
1354.91097780771 2 7.45058059692383e-09 1.49011611938477e-07
1355.6078441143 2 7.45058059692383e-09 1.49011611938477e-07
