7.92941248416901 0 0.00032033837550216 0.00169697403907776
7.93349078929884 0 0.00032033837550216 0.00169697403907776
8.36498989221946 0 0.000566223639177466 0.00169697403907776
8.81995804309971 0 0.000566223639177466 0.00169697403907776
9.29967171321937 0 0.000587331525295554 0.00206818431615829
9.80547680057426 0 0.000595509633484426 0.00363413989543915
10.338792405965 0 0.00085393396219402 0.00363413989543915
10.9011148144657 0 0.00385263045336615 0.00363413989543915
11.4940216934428 0 0.00385263045336615 0.00399569422006607
12.1191765189025 0 0.0108778718318092 0.00399569422006607
12.7849054750325 0 0.0108778718318092 0.00618979334831238
13.4802709062047 0 0.019892084144935 0.00618979334831238
14.2134569598143 0 0.0839846400724582 0.00618979334831238
14.9865206830159 0 0.0839846400724582 0.00667963922023773
15.8016310048612 0 0.091299657482125 0.00779125094413757
16.6610748215072 0 0.091299657482125 0.00846573710441589
17.5672634123947 0 0.135483514764928 0.00846573710441589
18.5227392054016 0 0.135483514764928 0.00869874656200409
19.530182909949 0 0.135483514764928 0.0100297927856445
20.5924210380736 0 0.135483514764928 0.0100297927856445
21.7124338345689 0 0.135483514764928 0.0116743221879005
22.8933636384425 0 0.160946333116044 0.0116743221879005
24.1385236991498 0 0.496388921044286 0.0116743221879005
25.4514074723383 0 0.496388921044286 0.0125616565346718
26.8356984211845 0 0.496388921044286 0.0128688663244247
28.2952803508199 0 0.536977528058458 0.0147503167390823
29.8495928424298 2 1.39344082288591 0.0147503167390823
31.4730991747782 2 1.39344082288591 0.0161775127053261
33.184907308263 2 1.39344082288591 0.0163758918642998
34.989819939325 2 1.53982116257478 0.0167638137936592
36.8929009809691 2 1.89968331670086 0.0167638137936592
38.8994897702194 2 1.93363367904332 0.0178416892886162
41.0152160483114 2 1.93363367904332 0.0178416892886162
43.24601575565 2 1.98168414608076 0.0178416892886162
45.5981476858496 2 1.98465026818769 0.0179768055677414
48.0782110455784 2 1.99693702388957 0.0186389684677124
50.6931639694765 2 1.99933647012132 0.0197036042809486
53.4503430420913 2 1.99948936738606 0.020744189620018
56.3574838816032 2 1.99986113851919 0.020744189620018
59.4227428430906 2 1.99991154743199 0.02142483741045
62.654719902226 2 1.99994688544271 0.02142483741045
66.0624827836074 2 1.99996707625868 0.0236218422651291
69.6914181022973 2 1.9999942124702 0.0236218422651291
73.481903928911 2 1.9999942124702 0.023691289126873
77.4785526259755 2 1.9999942124702 0.0274736881256104
81.6925773020729 2 1.99999842297814 0.0274736881256104
86.1358009418691 2 1.99999868273574 0.0274736881256104
90.8206895770081 2 1.99999960227776 0.0282540917396545
95.7603872611564 2 1.99999960227776 0.0284882411360741
100.968752947325 2 1.99999989319661 0.0305643603205681
106.460399370934 2 1.99999989319661 0.0305643603205681
112.250734047706 2 1.99999989976943 0.0320402905344963
118.356002501424 2 1.99999993817984 0.0388241186738014
124.79333384282 2 2.00000004498944 0.0388241186738014
131.580788827489 2 2.00000010610393 0.0388241186738014
138.737410527641 2 2.00000012975709 0.040183424949646
146.283277759876 2 2.00000018632055 0.040183424949646
154.239561418869 2 2.00000019302222 0.0408930480480194
162.712228027625 2 2.00000022213296 0.0410264283418655
171.562075124296 2 2.00000022213296 0.044608473777771
180.89326154367 2 2.00000022213296 0.0471741780638695
190.731967121517 2 2.00000022213296 0.0487227514386177
201.105795603455 2 2.00000022213296 0.0512278154492378
212.043852090781 2 2.00000022213296 0.0512278154492378
223.576824698554 2 2.00000022213296 0.0512278154492378
235.737070655025 2 2.00000024309319 0.0528002083301544
248.558707083971 2 2.00000024309319 0.0550122708082199
262.077706724647 2 2.00000025698444 0.0550122708082199
276.331998857906 2 2.00000025698444 0.0584598109126091
291.361575721634 2 2.00000025779459 0.0604616403579712
307.208604714093 2 2.00000025780722 0.0604616403579712
323.917546699938 2 2.00000026365504 0.0617065355181694
341.535280750856 2 2.00000026365504 0.0617065355181694
360.111235670791 2 2.00000026993671 0.0620924830436707
379.892817087635 2 2.00000026993671 0.0620924830436707
400.555021674853 2 2.00000026993671 0.0625344589352608
422.34103455536 2 2.00000026993671 0.062920406460762
445.31197917195 2 2.00000026993671 0.062920406460762
469.532303444802 2 2.00000026993671 0.062920406460762
495.06996058836 2 2.00000026993671 0.062920406460762
521.996599762753 2 2.00000026993671 0.062920406460762
550.387767094675 2 2.00000026993671 0.062920406460762
580.32311763169 2 2.00000026993671 0.062920406460762
611.886638824648 2 2.00000026993671 0.062920406460762
645.166886165212 2 2.00000026993671 0.062920406460762
680.257231639601 2 2.00000026993671 0.062920406460762
717.256125695631 2 2.00000026993671 0.062920406460762
756.267373458022 2 2.00000026993671 0.062920406460762
797.400425966943 2 2.00000026993671 0.062920406460762
840.770687256888 2 2.00000026993671 0.062920406460762
886.955788290705 2 2.00000026993671 0.062920406460762
935.196926667513 2 2.00000026993671 0.062920406460762
986.061879514685 2 2.00000026993671 0.062920406460762
1039.69335495658 2 2.00000026993671 0.062920406460762
1096.2418229502 2 2.00000026993671 0.062920406460762
1155.86593744783 2 2.00000026993671 0.062920406460762
1218.73298152104 2 2.00000026993671 0.062920406460762
1285.01933669466 2 2.00000026993671 0.062920406460762
1354.91097780771 2 2.00000026993671 0.062920406460762
1355.6078441143 2 2.00000026993671 0.062920406460762
