0.0387145280838013 0.586059033870697 0.00993716716766357 0.00408953428268433
0.0387500300966981 0.586059033870697 0.00993716716766357 0.00408953428268433
0.0425866726076336 0.586059033870697 0.00993716716766357 0.00408953428268433
0.0468031812946723 0.586059033870697 0.00993716716766357 0.00408953428268433
0.0514371667278207 0.586059033870697 0.00993716716766357 0.00408953428268433
0.0565299633015929 0.586059033870697 0.00993716716766357 0.00408953428268433
0.0621269979310704 0.586059033870697 0.00993716716766357 0.00408953428268433
0.068278195252578 0.586059033870697 0.00993716716766357 0.00408953428268433
0.0750384229432996 0.586059033870697 0.0190399289131165 0.00408953428268433
0.0824679811320132 0.586059033870697 0.0190399289131165 0.00408953428268433
0.0907162527069789 0.586059033870697 0.0324683487415314 0.00408953428268433
0.0996980736423392 0.586059033870697 0.0324683487415314 0.00408953428268433
0.109569185139287 0.586059033870697 0.0324683487415314 0.00408953428268433
0.120417635902936 0.586059033870697 0.0324683487415314 0.00408953428268433
0.132340192345309 0.586059033870697 0.0324683487415314 0.00408953428268433
0.145443201725957 0.99837489426136 0.0574465990066528 0.0295685529708862
0.159843540752169 0.99837489426136 0.0574465990066528 0.0295685529708862
0.175669658100152 0.99837489426136 0.0574465990066528 0.0295685529708862
0.193062720156276 0.99837489426136 0.0899030566215515 0.0308845639228821
0.212177870198225 2.30101633071899 0.114048898220062 0.0442067384719849
0.233185612247737 2.30101633071899 0.114048898220062 0.0442067384719849
0.25627333193868 2.30101633071899 0.128895908594131 0.0643523931503296
0.281646967966354 2.74790793657303 0.150718383491039 0.0643523931503296
0.309532849027073 2.74790793657303 0.16491174697876 0.0728090405464172
0.340179712633237 2.74790793657303 0.193398654460907 0.0769930183887482
0.373860923811385 2.74790793657303 0.214230090379715 0.0974397659301758
0.411253695994416 3.10663169622421 0.264200862497091 0.101147592067719
0.451971945990459 3.13343650102615 0.309929579496384 0.127024680376053
0.496721712052834 3.13343650102615 0.309929579496384 0.128117322921753
0.54590215479858 3.56563341617584 0.355447918176651 0.137748062610626
0.599951955758347 3.7056565284729 0.388118296861649 0.15934357047081
0.659353230344131 3.7056565284729 0.451545409858227 0.176171898841858
0.724635828240139 3.7056565284729 0.491801291704178 0.202987194061279
0.796382059575582 3.7056565284729 0.531520932912827 0.216624319553375
0.875231889036086 3.84656143188477 0.598592817783356 0.242000102996826
0.961888644244345 3.84656143188477 0.648682296276093 0.268982589244843
1.05712528932784 3.93300080299377 0.715597428381443 0.307123839855194
1.16179131963283 3.93300080299377 0.799317687749863 0.345408499240875
1.27682033908432 4.04104995727539 0.860256403684616 0.371805042028427
1.4032383877809 4.04104995727539 0.962593823671341 0.44379922747612
1.54217309410505 4.19232761859894 1.0446558073163 0.462101340293884
1.69486373298454 4.19232761859894 1.18535250425339 0.499313712120056
1.86438038854372 4.19232761859894 1.29776293039322 0.582636266946793
2.0489727885339 4.19232761859894 1.41412606835365 0.618820071220398
2.25184169172242 4.19232761859894 1.58548986911774 0.666354656219482
2.4747966556489 4.19232761859894 1.72715900465846 0.759008884429932
2.7198264022398 4.19232761859894 1.90997874736786 0.832509756088257
2.98911655688376 4.19232761859894 2.13701900839806 0.908493965864182
3.28506914385371 4.19232761859894 2.25239833444357 1.00419998168945
3.61032401197175 4.19232761859894 2.56416714191437 1.06538820266724
3.96778238163021 4.19232761859894 2.74074590206146 1.15789449214935
4.36063272320454 4.19232761859894 3.06453665345907 1.30423539876938
4.79237919768918 4.19232761859894 3.40356957912445 1.43324220180511
5.2668729132423 4.19232761859894 3.81865509599447 1.55101585388184
5.78834627644265 4.19232761859894 3.96032410860062 1.69234424829483
6.36145074466621 4.19232761859894 4.26806947588921 1.88418412208557
6.99129831632754 4.19232761859894 4.68995663523674 1.97212880849838
7.68350712907217 4.19232761859894 5.11018270254135 1.97897148132324
8.45199512379247 4.19232761859894 5.61026108264923 2.15541249513626
9.28882760400582 4.19232761859894 5.78332543373108 2.15541249513626
10.2085149119472 4.19232761859894 6.06285047531128 2.28453421592712
11.2192605084528 4.19232761859894 6.43421173095703 2.32373094558716
12.330080079446 4.19232761859894 6.54013252258301 2.39984130859375
13.5508819543863 4.19232761859894 6.6769437789917 2.43448323011398
14.8925554869521 4.19232761859894 6.69868230819702 2.51575720310211
16.3670681863003 4.19232761859894 6.79865312576294 2.75616216659546
17.9875724652967 4.19232761859894 6.79865312576294 2.87104868888855
19.7685229578944 4.19232761859894 6.79865312576294 3.0230108499527
21.7258054521118 4.19232761859894 6.79865312576294 3.10655915737152
23.8768785886714 4.19232761859894 7.35142135620117 3.48288199305534
26.2409295892292 4.19232761859894 7.35142135620117 3.86524939537048
28.8390454032626 4.19232761859894 7.35142135620117 4.39580282568932
31.6944008002223 4.19232761859894 7.35142135620117 4.88360977172852
34.8324650846968 4.19232761859894 7.35142135620117 5.232386469841
38.3163339475004 4.19232761859894 7.35142135620117 5.47091484069824
42.1100361799719 4.19232761859894 7.35142135620117 5.88817405700684
46.2793530693252 4.19232761859894 7.35142135620117 5.97172236442566
50.8614742424258 4.19232761859894 7.35142135620117 6.16453814506531
55.8972714730444 4.19232761859894 7.35142135620117 6.38758754730225
61.4316632514152 4.19232761859894 7.35142135620117 6.73328423500061
67.5140154498445 4.19232761859894 7.35142135620117 6.92708301544189
74.1985816582434 4.19232761859894 7.35142135620117 7.17245244979858
81.5449871173038 4.19232761859894 7.35142135620117 7.66112786531448
89.6187605659235 4.19232761859894 7.62068939208984 8.93705153465271
98.4919187468734 4.19232761859894 7.62068939208984 10.1759040355682
108.243608784401 4.19232761859894 7.62068939208984 11.0718590021133
118.960814163673 4.19232761859894 7.62068939208984 11.9272577762604
130.739130609284 4.19232761859894 7.62068939208984 12.1155033111572
143.683618783529 4.19232761859894 7.62068939208984 13.1920402050018
157.909741410383 4.19232761859894 7.62068939208984 13.1920402050018
173.703536936922 4.19232761859894 7.62068939208984 14.7722730636597
190.901933233621 4.19232761859894 7.62068939208984 15.5291314125061
209.803143649102 4.19232761859894 7.62068939208984 20.6125428676605
230.575763898515 4.19232761859894 7.81199789047241 21.5111105442047
253.405082367608 4.19232761859894 7.81199789047241 22.7758929729462
278.494732854913 4.19232761859894 7.81199789047241 22.7758929729462
306.068510952025 4.19232761859894 7.81199789047241 22.7758929729462
336.372370263797 4.19232761859894 7.96282839775085 27.2046227455139
369.676616274388 4.19232761859894 7.96282839775085 27.2046227455139
370.015617281199 4.19232761859894 7.96282839775085 27.2046227455139
