0.0387145280838013 0.586059033870697 0.00845324993133545 7.15255737304688e-07
0.0387500300966981 0.586059033870697 0.00845324993133545 7.15255737304688e-07
0.0425866726076336 0.586059033870697 0.00845324993133545 7.15255737304688e-07
0.0468031812946723 0.586059033870697 0.00845324993133545 7.15255737304688e-07
0.0514371667278207 0.586059033870697 0.00845324993133545 7.15255737304688e-07
0.0565299633015929 0.586059033870697 0.00845324993133545 7.15255737304688e-07
0.0621269979310704 0.586059033870697 0.00845324993133545 7.15255737304688e-07
0.068278195252578 0.586059033870697 0.00845324993133545 7.15255737304688e-07
0.0750384229432996 0.586059033870697 0.0171601176261902 0.00466467440128326
0.0824679811320132 0.586059033870697 0.0171601176261902 0.00466467440128326
0.0907162527069789 0.586059033870697 0.0171601176261902 0.00466467440128326
0.0996980736423392 0.586059033870697 0.0171601176261902 0.00466467440128326
0.109569185139287 0.586059033870697 0.0171601176261902 0.00466467440128326
0.120417635902936 0.586059033870697 0.0171601176261902 0.00466467440128326
0.132340192345309 0.586059033870697 0.0171601176261902 0.00466467440128326
0.145443201725957 0.586059033870697 0.0171601176261902 0.00466467440128326
0.159843540752169 0.967256665229797 0.0463269948959351 0.0137145221233368
0.175669658100152 0.967256665229797 0.0503068566322327 0.0217963755130768
0.193062720156276 0.967256665229797 0.0829242765903473 0.029158815741539
0.212177870198225 1.85931992530823 0.0872841477394104 0.0397056341171265
0.233185612247737 1.9137766957283 0.0872841477394104 0.043609194457531
0.25627333193868 1.9137766957283 0.0981720685958862 0.0474488735198975
0.281646967966354 2.74790793657303 0.143867194652557 0.0575248450040817
0.309532849027073 2.74790793657303 0.155198335647583 0.0586337745189667
0.340179712633237 2.74790793657303 0.178830981254578 0.0676760971546173
0.373860923811385 2.74790793657303 0.206118524074554 0.0715551860630512
0.411253695994416 3.10663169622421 0.247581236064434 0.0885492414236069
0.451971945990459 3.10663169622421 0.292494714260101 0.093952089548111
0.496721712052834 3.12219077348709 0.292494714260101 0.104867842048407
0.54590215479858 3.56563341617584 0.33800345659256 0.111833542585373
0.599951955758347 3.56563341617584 0.381019473075867 0.131639719009399
0.659353230344131 3.56563341617584 0.428511701524258 0.142642006278038
0.724635828240139 3.56563341617584 0.431238524615765 0.160355627536774
0.796382059575582 3.56563341617584 0.50033974647522 0.179779797792435
0.875231889036086 3.84656143188477 0.528493642807007 0.19859080016613
0.961888644244345 3.84656143188477 0.634373545646667 0.220082193613052
1.05712528932784 3.84656143188477 0.659599006175995 0.239842057228088
1.16179131963283 3.84656143188477 0.748650997877121 0.273750737309456
1.27682033908432 3.98659324645996 0.807708978652954 0.298423275351524
1.4032383877809 4.04104137420654 0.930587351322174 0.320515960454941
1.54217309410505 4.04104995727539 1.00456035137177 0.361604638397694
1.69486373298454 4.17070913314819 1.12643605470657 0.403966665267944
1.86438038854372 4.17070913314819 1.25114387273788 0.429622530937195
2.0489727885339 4.17070913314819 1.32713842391968 0.479152530431747
2.25184169172242 4.17070913314819 1.46382391452789 0.537225276231766
2.4747966556489 4.17070913314819 1.6414013877511 0.572689980268478
2.7198264022398 4.17070913314819 1.7970018684864 0.645394757390022
2.98911655688376 4.19232761859894 2.02484029531479 0.717206165194511
3.28506914385371 4.19232761859894 2.17139928787947 0.789778828620911
3.61032401197175 4.19232761859894 2.453921854496 0.871594563126564
3.96778238163021 4.19232761859894 2.64434731006622 0.968177363276482
4.36063272320454 4.19232761859894 2.91406374576036 1.03363904356956
4.79237919768918 4.19232761859894 3.19702208042145 1.15655845403671
5.2668729132423 4.19232761859894 3.63507490756456 1.25322866439819
5.78834627644265 4.19232761859894 3.85587781667709 1.41234164685011
6.36145074466621 4.19232761859894 4.09328144788742 1.54746845364571
6.99129831632754 4.19232761859894 4.53345710039139 1.64741683006287
7.68350712907217 4.19232761859894 4.97980171442032 1.84819346666336
8.45199512379247 4.19232761859894 5.35213488340378 2.10577633976936
9.28882760400582 4.19232761859894 5.56353580951691 2.21144598722458
10.2085149119472 4.19232761859894 6.10724723339081 2.42379307746887
11.2192605084528 4.19232761859894 6.57579231262207 2.65499579906464
12.330080079446 4.19232761859894 6.64836502075195 2.9542253613472
13.5508819543863 4.19232761859894 6.66063165664673 3.25052607059479
14.8925554869521 4.19232761859894 6.66787314414978 3.43513697385788
16.3670681863003 4.19232761859894 6.7024872303009 3.75154936313629
17.9875724652967 4.19232761859894 6.71475386619568 3.8919985294342
19.7685229578944 4.19232761859894 6.71475386619568 4.40666460990906
21.7258054521118 4.19232761859894 6.71475386619568 5.093106508255
23.8768785886714 4.19232761859894 6.71475386619568 5.64121305942535
26.2409295892292 4.19232761859894 6.71475386619568 6.32834911346436
28.8390454032626 4.19232761859894 6.71475386619568 6.89312034845352
31.6944008002223 4.19232761859894 6.71475386619568 7.64146535098553
34.8324650846968 4.19232761859894 6.71475386619568 8.17522919178009
38.3163339475004 4.19232761859894 6.71475386619568 8.46688568592072
42.1100361799719 4.19232761859894 6.71475386619568 8.87175250053406
46.2793530693252 4.19232761859894 6.71475386619568 9.34520769119263
50.8614742424258 4.19232761859894 6.71475386619568 10.0016644001007
55.8972714730444 4.19232761859894 6.71475386619568 10.2218408584595
61.4316632514152 4.19232761859894 6.71475386619568 11.0449774265289
67.5140154498445 4.19232761859894 6.71475386619568 11.0449774265289
74.1985816582434 4.19232761859894 6.71475386619568 12.0617985725403
81.5449871173038 4.19232761859894 6.71475386619568 13.3412208557129
89.6187605659235 4.19232761859894 6.71475386619568 13.5388822555542
98.4919187468734 4.19232761859894 6.71475386619568 13.5388822555542
108.243608784401 4.19232761859894 7.52479696273804 14.0502632260323
118.960814163673 4.19232761859894 7.52479696273804 15.955397605896
130.739130609284 4.19232761859894 7.52479696273804 16.3392317295074
143.683618783529 4.19232761859894 7.52479696273804 21.0445013046265
157.909741410383 4.19232761859894 7.52479696273804 21.0445013046265
173.703536936922 4.19232761859894 7.52479696273804 21.0445013046265
190.901933233621 4.19232761859894 7.52479696273804 21.0445013046265
209.803143649102 4.19232761859894 7.52479696273804 21.0445013046265
230.575763898515 4.19232761859894 7.72027111053467 21.0445013046265
253.405082367608 4.19232761859894 7.72027111053467 21.0445013046265
278.494732854913 4.19232761859894 7.72027111053467 21.0445013046265
306.068510952025 4.19232761859894 7.72027111053467 21.0445013046265
336.372370263797 4.19232761859894 7.72027111053467 21.0445013046265
369.676616274388 4.19232761859894 7.72027111053467 21.0445013046265
370.015617281199 4.19232761859894 7.72027111053467 21.0445013046265
