0.0194894644874591 0.586059033870697 0.00885790586471558 0.00416991114616394
0.0195076157341004 0.586059033870697 0.00885790586471558 0.00416991114616394
0.0214706726399789 0.586059033870697 0.00885790586471558 0.00416991114616394
0.0236312725192399 0.586059033870697 0.00885790586471558 0.00416991114616394
0.0260092941773403 0.586059033870697 0.00885790586471558 0.00416991114616394
0.02862661682957 0.586059033870697 0.00885790586471558 0.00416991114616394
0.0315073214028609 0.586059033870697 0.0176859200000763 0.00416991114616394
0.0346779120946542 0.586059033870697 0.0176859200000763 0.00416991114616394
0.0381675602272991 0.586059033870697 0.0176859200000763 0.00416991114616394
0.0420083726415892 0.586059033870697 0.0176859200000763 0.00416991114616394
0.0462787480746938 0.586059033870697 0.0176859200000763 0.00416991114616394
0.0509357916233132 0.586059033870697 0.0176859200000763 0.00416991114616394
0.056061474785492 0.586059033870697 0.0176859200000763 0.00416991114616394
0.0617029568985016 0.586059033870697 0.0176859200000763 0.00416991114616394
0.0679121429571029 0.586059033870697 0.0289064645767212 0.00416991114616394
0.0747461611704054 0.768446087837219 0.0436882376670837 0.0340307038277388
0.0822678885754094 0.967256665229797 0.0436882376670837 0.0340307038277388
0.0905465295431877 1.00701880455017 0.0470504760742188 0.0371270496398211
0.0996582525003081 1.9137766957283 0.0519027411937714 0.0373830199241638
0.109686890723714 1.9137766957283 0.0951240062713623 0.0560910850763321
0.120724713656792 1.9137766957283 0.0955537557601929 0.0588985979557037
0.132873275843195 2.74790793657303 0.0955537557601929 0.0608489066362381
0.146244351289115 2.74790793657303 0.121814012527466 0.0825501382350922
0.160960961850701 2.74790793657303 0.12831836938858 0.0913115739822388
0.177158509108387 2.74790793657303 0.164403676986694 0.104064345359802
0.194986020142061 2.80583125352859 0.204602003097534 0.116091499105096
0.214807390451206 2.80583125352859 0.215292029082775 0.127990663051605
0.23642351909587 3.39448344707489 0.244516782462597 0.141682207584381
0.260214884898814 3.51117664575577 0.278368227183819 0.164898253977299
0.286400382592417 3.51117664575577 0.288274653255939 0.181714534759521
0.315220934348083 3.56563341617584 0.329378761351109 0.201098799705505
0.346941706403675 3.56563341617584 0.365496478974819 0.226099729537964
0.381854548750803 3.56563341617584 0.41474175453186 0.250365316867828
0.420280680328535 3.62527656555176 0.444241642951965 0.282553166151047
0.462573644428912 3.84656143188477 0.487638198654167 0.312302887439728
0.509122561505755 3.84656143188477 0.538560785353184 0.333075284957886
0.560355709314554 3.93300080299377 0.606409102678299 0.365586251020432
0.616744463322841 3.98659324645996 0.666556842625141 0.40444552898407
0.678807633645181 3.98659324645996 0.744761295616627 0.459405064582825
0.74711623840516 4.04104995727539 0.828560322523117 0.496184855699539
0.822298757442146 4.06265139579773 0.912068247795105 0.547782003879547
0.90504691470005 4.17070913314819 1.00193739682436 0.608189852908254
0.997049767162749 4.17070913314819 1.10933700203896 0.669311136007309
1.0973831681079 4.17070913314819 1.22392315417528 0.736133575439453
1.207813147656 4.17070913314819 1.34783072024584 0.813953123986721
1.32935572737641 4.17070913314819 1.48465484380722 0.902156591415405
1.46312917137724 4.17070913314819 1.63932198286057 0.988547071814537
1.61036427500108 4.19232761859894 1.76969486474991 1.09803003817797
1.77241568887504 4.19232761859894 1.9332280755043 1.20199838280678
1.95077438250316 4.19232761859894 2.15628856420517 1.32116416096687
2.14708136207369 4.19232761859894 2.35150468349457 1.4573131352663
2.36314276869316 4.19232761859894 2.58639311790466 1.6192107219249
2.60094649596008 4.19232761859894 2.78275728225708 1.78526747226715
2.86268047976978 4.19232761859894 3.05102288722992 1.94995748996735
3.15075282862747 4.19232761859894 3.25324821472168 2.1641286611557
3.46781397968047 4.19232761859894 3.55652070045471 2.38070774078369
3.81678108431816 4.19232761859894 3.83345150947571 2.60285699367523
4.2008648477019 4.19232761859894 4.26306343078613 2.87866139411926
4.62790519502682 4.19232761859894 4.39586925506592 3.15740251541138
5.09361260779729 4.19232761859894 4.7991042137146 3.43824243545532
5.6061842896419 4.19232761859894 5.17091083526611 3.80651783943176
6.17033620525356 4.19232761859894 5.52943181991577 4.17067456245422
6.79125888819023 4.19232761859894 6.00628185272217 4.42959833145142
7.47466519687438 4.19232761859894 6.63794827461243 4.86634373664856
8.22684287629239 4.19232761859894 6.65106654167175 5.24498391151428
9.05471240899251 4.19232761859894 6.74373364448547 5.55805492401123
9.96589068764523 4.19232761859894 6.74373364448547 5.95375871658325
10.9687610949915 4.19232761859894 6.74373364448547 6.64038515090942
12.072550635956 4.19232761859894 6.74373364448547 7.29164463281631
13.2874148315868 4.19232761859894 6.74373364448547 7.66727662086487
14.6245311558961 4.19232761859894 6.74373364448547 8.59831047058105
16.0962018752773 4.19232761859894 6.74373364448547 8.95692014694214
17.7159672366814 4.19232761859894 6.74373364448547 9.21595025062561
19.4987300459514 4.19232761859894 6.74373364448547 10.0973229408264
21.4808800919766 4.19232761859894 6.74373364448547 11.0512324571609
23.6425071500281 4.19232761859894 6.74373364448547 11.5507788658142
26.0216593522121 4.19232761859894 6.74373364448547 12.5300486087799
28.6402263154973 4.19232761859894 6.74373364448547 13.8196921348572
31.5223004152183 4.19232761859894 6.74373364448547 14.573389172554
34.6943984492749 4.19232761859894 6.74373364448547 16.1097083687782
38.1857056084627 4.19232761859894 6.74373364448547 17.7749838829041
42.0283439976073 4.19232761859894 6.74373364448547 17.7749838829041
46.2576681780564 4.19232761859894 6.74373364448547 17.7749838829041
50.9125904506965 4.19232761859894 6.74373364448547 21.3431224822998
56.0359388722924 4.19232761859894 6.74373364448547 22.1289710998535
61.674851299112 4.19232761859894 6.74373364448547 24.3234872817993
67.8812090832727 4.19232761859894 6.74373364448547 27.7797522544861
74.7121144120754 4.19232761859894 6.74373364448547 31.4680113792419
82.2304156821292 4.19232761859894 6.85649824142456 34.7124931812286
90.5052857420251 4.19232761859894 7.23613142967224 37.0289587974548
99.7056313992196 4.19232761859894 7.56664824485779 37.0289587974548
109.739037374665 4.19232761859894 7.56664824485779 37.0289587974548
120.782107840023 4.19232761859894 7.56664824485779 37.0289587974548
132.936445619368 4.19232761859894 8.05904603004456 37.0289587974548
146.313877857786 4.19232761859894 8.05904603004456 37.0289587974548
161.037484897703 4.19232761859894 8.05904603004456 37.0289587974548
177.242732691319 4.19232761859894 8.05904603004456 37.0289587974548
195.078719168039 4.19232761859894 8.05904603004456 37.0289587974548
214.709546024206 4.19232761859894 8.05904603004456 37.0289587974548
214.909512828253 4.19232761859894 8.05904603004456 37.0289587974548
