0.0194894644874591 0.586059033870697 0.00616973638534546 0.00473743677139282
0.0195076157341004 0.586059033870697 0.00616973638534546 0.00473743677139282
0.0214706726399789 0.586059033870697 0.00616973638534546 0.00473743677139282
0.0236312725192399 0.586059033870697 0.00616973638534546 0.00473743677139282
0.0260092941773403 0.586059033870697 0.00616973638534546 0.00473743677139282
0.02862661682957 0.586059033870697 0.00616973638534546 0.00473743677139282
0.0315073214028609 0.586059033870697 0.0143293738365173 0.00473743677139282
0.0346779120946542 0.586059033870697 0.0143293738365173 0.00473743677139282
0.0381675602272991 0.586059033870697 0.0143293738365173 0.00473743677139282
0.0420083726415892 0.586059033870697 0.0143293738365173 0.00473743677139282
0.0462787480746938 0.586059033870697 0.0288346409797668 0.0082053542137146
0.0509357916233132 0.586059033870697 0.0288346409797668 0.0082053542137146
0.056061474785492 0.586059033870697 0.0288346409797668 0.0082053542137146
0.0617029568985016 0.586059033870697 0.0288346409797668 0.0082053542137146
0.0679121429571029 0.651752918958664 0.0288346409797668 0.0273283123970032
0.0747461611704054 0.768446087837219 0.0564095228910446 0.0392197370529175
0.0822678885754094 0.967256665229797 0.0564095228910446 0.0392197370529175
0.0905465295431877 1.00701880455017 0.0564095228910446 0.0392197370529175
0.0996582525003081 1.9137766957283 0.0739270448684692 0.0392197370529175
0.109686890723714 2.30101633071899 0.0984205603599548 0.0519416183233261
0.120724713656792 2.30101633071899 0.100814461708069 0.0538970530033112
0.132873275843195 2.74790793657303 0.105857983231544 0.0664460211992264
0.146244351289115 2.74790793657303 0.139015669003129 0.0703554302453995
0.160960961850701 2.74790793657303 0.164330497384071 0.0826281011104584
0.177158509108387 2.74790793657303 0.174204165115952 0.0903737545013428
0.194986020142061 2.80583125352859 0.223020553588867 0.105297684669495
0.214807390451206 3.0089550614357 0.230235777795315 0.117016911506653
0.23642351909587 3.39448344707489 0.241923496127129 0.131008088588715
0.260214884898814 3.51117664575577 0.290091678500175 0.142859265208244
0.286400382592417 3.51117664575577 0.297738769557327 0.162918597459793
0.315220934348083 3.7056565284729 0.350311942398548 0.180517688393593
0.346941706403675 3.7056565284729 0.378469653427601 0.201587975025177
0.381854548750803 3.7056565284729 0.428578972816467 0.228084661066532
0.420280680328535 3.70566511154175 0.469566533342004 0.248019099235535
0.462573644428912 3.84656143188477 0.522813782095909 0.266768246889114
0.509122561505755 3.93300080299377 0.569804958999157 0.293643221259117
0.560355709314554 3.93300080299377 0.64071200042963 0.328755676746368
0.616744463322841 4.19232761859894 0.719030573964119 0.365638911724091
0.678807633645181 4.19232761859894 0.789977185428143 0.393781870603561
0.74711623840516 4.19232761859894 0.864478230476379 0.442814260721207
0.822298757442146 4.19232761859894 0.958964288234711 0.489557653665543
0.90504691470005 4.19232761859894 1.05399487912655 0.548061579465866
0.997049767162749 4.19232761859894 1.15994440764189 0.598307862877846
1.0973831681079 4.19232761859894 1.27770698070526 0.66060833632946
1.207813147656 4.19232761859894 1.40752529352903 0.722400486469269
1.32935572737641 4.19232761859894 1.5654708147049 0.797255665063858
1.46312917137724 4.19232761859894 1.70593940466642 0.854689359664917
1.61036427500108 4.19232761859894 1.8634095042944 0.92910224199295
1.77241568887504 4.19232761859894 2.06645011901855 1.03146505355835
1.95077438250316 4.19232761859894 2.28180998563766 1.1315758228302
2.14708136207369 4.19232761859894 2.47201120853424 1.25527527928352
2.36314276869316 4.19232761859894 2.73641157150269 1.38418436050415
2.60094649596008 4.19232761859894 2.92642813920975 1.44905829429626
2.86268047976978 4.19232761859894 3.16473853588104 1.58137136697769
3.15075282862747 4.19232761859894 3.45639431476593 1.74493366479874
3.46781397968047 4.19232761859894 3.72408556938171 1.8623281121254
3.81678108431816 4.19232761859894 4.01032912731171 1.96120476722717
4.2008648477019 4.19232761859894 4.46403884887695 2.09071916341782
4.62790519502682 4.19232761859894 4.5953106880188 2.35419982671738
5.09361260779729 4.19232761859894 4.9445915222168 2.45013409852982
5.6061842896419 4.19232761859894 5.33306813240051 2.68221086263657
6.17033620525356 4.19232761859894 5.70974588394165 2.85692304372787
6.79125888819023 4.19232761859894 6.21975469589233 3.14494866132736
7.47466519687438 4.19232761859894 6.70382952690125 3.37650322914124
8.22684287629239 4.19232761859894 6.70476818084717 3.63557881116867
9.05471240899251 4.19232761859894 6.70476818084717 4.01615577936172
9.96589068764523 4.19232761859894 6.70476818084717 4.14592438936234
10.9687610949915 4.19232761859894 6.70476818084717 4.43497252464294
12.072550635956 4.19232761859894 6.70476818084717 4.93752235174179
13.2874148315868 4.19232761859894 6.70476818084717 5.40867739915848
14.6245311558961 4.19232761859894 6.70476818084717 5.7693407535553
16.0962018752773 4.19232761859894 6.70476818084717 5.84351736307144
17.7159672366814 4.19232761859894 6.70476818084717 6.16991293430328
19.4987300459514 4.19232761859894 6.70476818084717 6.91054266691208
21.4808800919766 4.19232761859894 6.70476818084717 7.51531076431274
23.6425071500281 4.19232761859894 6.70476818084717 7.77564167976379
26.0216593522121 4.19232761859894 6.70476818084717 8.42805242538452
28.6402263154973 4.19232761859894 6.70476818084717 8.97908735275269
31.5223004152183 4.19232761859894 6.70476818084717 10.3170633912086
34.6943984492749 4.19232761859894 6.70476818084717 11.2384299635887
38.1857056084627 4.19232761859894 6.70476818084717 12.0983219146729
42.0283439976073 4.19232761859894 6.70476818084717 12.0983219146729
46.2576681780564 4.19232761859894 6.70476818084717 12.0983219146729
50.9125904506965 4.19232761859894 6.70476818084717 15.9548721313477
56.0359388722924 4.19232761859894 6.70476818084717 16.9372434616089
61.674851299112 4.19232761859894 6.70476818084717 18.9659028053284
67.8812090832727 4.19232761859894 6.70476818084717 20.5387501716614
74.7121144120754 4.19232761859894 6.70476818084717 22.6813929080963
82.2304156821292 4.19232761859894 6.70476818084717 25.4072408080101
90.5052857420251 4.19232761859894 6.70476818084717 26.2671327590942
99.7056313992196 4.19232761859894 7.58715605735779 26.2671327590942
109.739037374665 4.19232761859894 7.58715605735779 26.2671327590942
120.782107840023 4.19232761859894 7.58715605735779 26.2671327590942
132.936445619368 4.19232761859894 7.58715605735779 26.2671327590942
146.313877857786 4.19232761859894 7.58715605735779 26.2671327590942
161.037484897703 4.19232761859894 7.58715605735779 26.2671327590942
177.242732691319 4.19232761859894 7.58715605735779 26.2671327590942
195.078719168039 4.19232761859894 7.60797095298767 26.2671327590942
214.709546024206 4.19232761859894 7.60797095298767 26.755797624588
214.909512828253 4.19232761859894 7.60797095298767 26.755797624588
