0.0387145280838013 0.586059033870697 0.00796562433242798 0.000375330448150635
0.0387500300966981 0.586059033870697 0.00796562433242798 0.000375330448150635
0.0425866726076336 0.586059033870697 0.00796562433242798 0.000375330448150635
0.0468031812946723 0.586059033870697 0.00796562433242798 0.000375330448150635
0.0514371667278207 0.586059033870697 0.00796562433242798 0.000375330448150635
0.0565299633015929 0.586059033870697 0.00796562433242798 0.000375330448150635
0.0621269979310704 0.586059033870697 0.00796562433242798 0.000375330448150635
0.068278195252578 0.586059033870697 0.00796562433242798 0.000375330448150635
0.0750384229432996 0.586059033870697 0.0165886282920837 0.000499129295349121
0.0824679811320132 0.586059033870697 0.0165886282920837 0.000499129295349121
0.0907162527069789 0.586059033870697 0.0306720733642578 0.0113582015037537
0.0996980736423392 0.586059033870697 0.0306720733642578 0.0113582015037537
0.109569185139287 0.586059033870697 0.0306720733642578 0.0113582015037537
0.120417635902936 0.586059033870697 0.0306720733642578 0.0113582015037537
0.132340192345309 0.586059033870697 0.0306720733642578 0.0113582015037537
0.145443201725957 0.99837489426136 0.0679420828819275 0.0246973037719727
0.159843540752169 0.99837489426136 0.0679420828819275 0.0246973037719727
0.175669658100152 0.99837489426136 0.0679420828819275 0.0246973037719727
0.193062720156276 0.99837489426136 0.0811526328325272 0.0265772640705109
0.212177870198225 2.30101633071899 0.105201363563538 0.039360910654068
0.233185612247737 2.30101633071899 0.105201363563538 0.039360910654068
0.25627333193868 2.30101633071899 0.120950371026993 0.0536808967590332
0.281646967966354 2.74790793657303 0.141995593905449 0.0564259514212608
0.309532849027073 2.74790793657303 0.152807950973511 0.0592150688171387
0.340179712633237 2.74790793657303 0.180179476737976 0.069685272872448
0.373860923811385 2.74790793657303 0.2043616771698 0.0817613005638123
0.411253695994416 3.10663169622421 0.243507549166679 0.0928229987621307
0.451971945990459 3.13343650102615 0.288316130638123 0.114075154066086
0.496721712052834 3.13343650102615 0.31136816740036 0.120823353528976
0.54590215479858 3.56563341617584 0.333806216716766 0.129507154226303
0.599951955758347 3.7056565284729 0.378126502037048 0.141837239265442
0.659353230344131 3.7056565284729 0.42342109978199 0.164294742047787
0.724635828240139 3.7056565284729 0.460616812109947 0.175220280885696
0.796382059575582 3.7056565284729 0.493303000926971 0.194818168878555
0.875231889036086 3.84656143188477 0.57893493771553 0.216095268726349
0.961888644244345 3.84656143188477 0.629301726818085 0.241642504930496
1.05712528932784 3.93300080299377 0.685462012887001 0.266643278300762
1.16179131963283 3.93300080299377 0.746663480997086 0.296043634414673
1.27682033908432 4.04104995727539 0.809084042906761 0.325773060321808
1.4032383877809 4.04104995727539 0.921599984169006 0.359582506120205
1.54217309410505 4.19232761859894 0.994608402252197 0.393037438392639
1.69486373298454 4.19232761859894 1.11305302381516 0.437562376260757
1.86438038854372 4.19232761859894 1.23895472288132 0.478994362056255
2.0489727885339 4.19232761859894 1.33747941255569 0.528386205434799
2.25184169172242 4.19232761859894 1.50037312507629 0.572744518518448
2.4747966556489 4.19232761859894 1.62106628715992 0.629633605480194
2.7198264022398 4.19232761859894 1.80950522422791 0.693747460842133
2.98911655688376 4.19232761859894 1.99932228028774 0.758416324853897
3.28506914385371 4.19232761859894 2.15080474317074 0.838278532028198
3.61032401197175 4.19232761859894 2.42797654867172 0.927474498748779
3.96778238163021 4.19232761859894 2.62182128429413 0.989496141672134
4.36063272320454 4.19232761859894 2.87809018790722 1.12145763635635
4.79237919768918 4.19232761859894 3.22055065631866 1.23036688566208
5.2668729132423 4.19232761859894 3.59176306426525 1.36928153038025
5.78834627644265 4.19232761859894 3.82679027318954 1.46692049503326
6.36145074466621 4.19232761859894 4.05256474018097 1.63609418272972
6.99129831632754 4.19232761859894 4.49140621721745 1.77379190921783
7.68350712907217 4.19232761859894 4.94361490011215 1.92157083749771
8.45199512379247 4.19232761859894 5.47790241241455 2.14044959098101
9.28882760400582 4.19232761859894 5.78263604640961 2.30337271094322
10.2085149119472 4.19232761859894 6.09620130062103 2.50917309522629
11.2192605084528 4.19232761859894 6.57610583305359 2.71897220611572
12.330080079446 4.19232761859894 6.64724230766296 2.93386900424957
13.5508819543863 4.19232761859894 6.66429686546326 3.17442917823792
14.8925554869521 4.19232761859894 6.67215275764465 3.45451104640961
16.3670681863003 4.19232761859894 6.67974448204041 3.62227296829224
17.9875724652967 4.19232761859894 6.6884286403656 3.7141889333725
19.7685229578944 4.19232761859894 6.6884286403656 3.89738643169403
21.7258054521118 4.19232761859894 6.6884286403656 4.19460844993591
23.8768785886714 4.19232761859894 6.6884286403656 4.33615052700043
26.2409295892292 4.19232761859894 6.6884286403656 4.6834853887558
28.8390454032626 4.19232761859894 6.6884286403656 4.6834853887558
31.6944008002223 4.19232761859894 6.6884286403656 5.03465497493744
34.8324650846968 4.19232761859894 6.6884286403656 5.34118187427521
38.3163339475004 4.19232761859894 6.6884286403656 5.43383097648621
42.1100361799719 4.19232761859894 6.6884286403656 5.52641773223877
46.2793530693252 4.19232761859894 6.6884286403656 5.55454528331757
50.8614742424258 4.19232761859894 6.6884286403656 5.9813871383667
55.8972714730444 4.19232761859894 6.6884286403656 6.18814265727997
61.4316632514152 4.19232761859894 6.6884286403656 6.64389026165009
67.5140154498445 4.19232761859894 6.6884286403656 7.38679790496826
74.1985816582434 4.19232761859894 6.6884286403656 7.72202223539352
81.5449871173038 4.19232761859894 6.6884286403656 8.0983904004097
89.6187605659235 4.19232761859894 6.73091650009155 10.4817721843719
98.4919187468734 4.19232761859894 6.73091650009155 11.6689406633377
108.243608784401 4.19232761859894 7.57788252830505 12.8076801300049
118.960814163673 4.19232761859894 7.57788252830505 13.1642484664917
130.739130609284 4.19232761859894 7.57788252830505 13.9145317077637
143.683618783529 4.19232761859894 7.57788252830505 14.6689057350159
157.909741410383 4.19232761859894 7.57788252830505 15.124653339386
173.703536936922 4.19232761859894 7.57788252830505 18.4613475799561
190.901933233621 4.19232761859894 7.57788252830505 18.7679834365845
209.803143649102 4.19232761859894 7.68352746963501 23.9588048458099
230.575763898515 4.19232761859894 7.70389342308044 24.9890813827515
253.405082367608 4.19232761859894 7.70389342308044 25.7434554100037
278.494732854913 4.19232761859894 7.70389342308044 26.1992030143738
306.068510952025 4.19232761859894 7.70389342308044 26.1992030143738
336.372370263797 4.19232761859894 7.8095383644104 32.5390520095825
369.676616274388 4.19232761859894 7.8095383644104 32.5390520095825
370.015617281199 4.19232761859894 7.8095383644104 32.5390520095825
