0.0194894644874591 0.586059033870697 0.00844442844390869 0.0020606517791748
0.0195076157341004 0.586059033870697 0.00844442844390869 0.0020606517791748
0.0214706726399789 0.586059033870697 0.00844442844390869 0.0020606517791748
0.0236312725192399 0.586059033870697 0.00844442844390869 0.0020606517791748
0.0260092941773403 0.586059033870697 0.00844442844390869 0.0020606517791748
0.02862661682957 0.586059033870697 0.00844442844390869 0.0020606517791748
0.0315073214028609 0.586059033870697 0.0171502828598022 0.00565576553344727
0.0346779120946542 0.586059033870697 0.0171502828598022 0.00565576553344727
0.0381675602272991 0.586059033870697 0.0171502828598022 0.00565576553344727
0.0420083726415892 0.586059033870697 0.0171502828598022 0.00565576553344727
0.0462787480746938 0.586059033870697 0.0171502828598022 0.00565576553344727
0.0509357916233132 0.586059033870697 0.0171502828598022 0.00565576553344727
0.056061474785492 0.586059033870697 0.0171502828598022 0.00565576553344727
0.0617029568985016 0.586059033870697 0.0171502828598022 0.00565576553344727
0.0679121429571029 0.586059033870697 0.0280830860137939 0.0128285884857178
0.0747461611704054 0.768446087837219 0.0472617149353027 0.0203270316123962
0.0822678885754094 0.967256665229797 0.0472617149353027 0.0203270316123962
0.0905465295431877 1.00701880455017 0.0472617149353027 0.02925705909729
0.0996582525003081 1.9137766957283 0.0499668121337891 0.0301801860332489
0.109686890723714 1.9137766957283 0.0978140234947205 0.0459321737289429
0.120724713656792 1.9137766957283 0.0979834794998169 0.0459321737289429
0.132873275843195 2.74790793657303 0.0979834794998169 0.0505223125219345
0.146244351289115 2.74790793657303 0.127279043197632 0.0620022416114807
0.160960961850701 2.74790793657303 0.132206499576569 0.0734687447547913
0.177158509108387 2.74790793657303 0.16736564936582 0.081088662147522
0.194986020142061 2.80583125352859 0.211724162101746 0.0889979600906372
0.214807390451206 2.80583125352859 0.218253962695599 0.0956181883811951
0.23642351909587 3.39448344707489 0.244979673996568 0.107046246528625
0.260214884898814 3.51117664575577 0.284363977611065 0.120451837778091
0.286400382592417 3.51117664575577 0.289451770484447 0.133679330348969
0.315220934348083 3.56563341617584 0.333250679075718 0.150624826550484
0.346941706403675 3.56563341617584 0.368527077138424 0.1638343334198
0.381854548750803 3.56563341617584 0.422212660312653 0.183931291103363
0.420280680328535 3.62527656555176 0.448120057582855 0.201018899679184
0.462573644428912 3.84656143188477 0.501087838318199 0.228181004524231
0.509122561505755 3.84656143188477 0.549643522128463 0.246938645839691
0.560355709314554 3.93300080299377 0.623853981494904 0.280650466680527
0.616744463322841 3.98659324645996 0.682337231934071 0.304846286773682
0.678807633645181 3.98659324645996 0.76234376989305 0.330875277519226
0.74711623840516 4.04104995727539 0.848171055316925 0.367435112595558
0.822298757442146 4.06265139579773 0.934609740972519 0.411104172468185
0.90504691470005 4.17070913314819 1.02444756031036 0.448138982057571
0.997049767162749 4.17070913314819 1.13234711438417 0.488021999597549
1.0973831681079 4.17070913314819 1.24988263845444 0.544868409633636
1.207813147656 4.17070913314819 1.36821383982897 0.590963125228882
1.32935572737641 4.17070913314819 1.52212339639664 0.64731901884079
1.46312917137724 4.17070913314819 1.6654024720192 0.714296847581863
1.61036427500108 4.19232761859894 1.79219794273376 0.779032647609711
1.77241568887504 4.19232761859894 1.96642005443573 0.860123097896576
1.95077438250316 4.19232761859894 2.20592898130417 0.947586596012115
2.14708136207369 4.19232761859894 2.40005433559418 1.02539002895355
2.36314276869316 4.19232761859894 2.64419037103653 1.1305105984211
2.60094649596008 4.19232761859894 2.81548798084259 1.25211977958679
2.86268047976978 4.19232761859894 3.10606718063354 1.38700646162033
3.15075282862747 4.19232761859894 3.33881211280823 1.50985598564148
3.46781397968047 4.19232761859894 3.61712431907654 1.66479605436325
3.81678108431816 4.19232761859894 3.90584981441498 1.86334472894669
4.2008648477019 4.19232761859894 4.34590554237366 1.98427802324295
4.62790519502682 4.19232761859894 4.46894478797913 2.2407608628273
5.09361260779729 4.19232761859894 4.86196756362915 2.35098934173584
5.6061842896419 4.19232761859894 5.24454236030579 2.5625815987587
6.17033620525356 4.19232761859894 5.58547282218933 2.87244558334351
6.79125888819023 4.19232761859894 6.06109428405762 3.15824270248413
7.47466519687438 4.19232761859894 6.6886932849884 3.50703120231628
8.22684287629239 4.19232761859894 6.69193458557129 3.65201473236084
9.05471240899251 4.19232761859894 6.72791719436646 3.89564228057861
9.96589068764523 4.19232761859894 6.72791719436646 4.33763885498047
10.9687610949915 4.19232761859894 6.72791719436646 4.64997100830078
12.072550635956 4.19232761859894 6.72791719436646 5.05312514305115
13.2874148315868 4.19232761859894 6.72791719436646 5.34198522567749
14.6245311558961 4.19232761859894 6.72791719436646 5.88764476776123
16.0962018752773 4.19232761859894 6.72791719436646 6.26752090454102
17.7159672366814 4.19232761859894 6.72791719436646 6.6814296245575
19.4987300459514 4.19232761859894 6.72791719436646 7.80035161972046
21.4808800919766 4.19232761859894 6.72791719436646 8.1369366645813
23.6425071500281 4.19232761859894 6.72791719436646 8.3764533996582
26.0216593522121 4.19232761859894 6.72791719436646 9.15870839357376
28.6402263154973 4.19232761859894 6.72791719436646 10.3927502632141
31.5223004152183 4.19232761859894 6.72791719436646 10.9059519767761
34.6943984492749 4.19232761859894 6.72791719436646 12.0497550368309
38.1857056084627 4.19232761859894 6.72791719436646 13.251268863678
42.0283439976073 4.19232761859894 6.72791719436646 14.8167233467102
46.2576681780564 4.19232761859894 6.72791719436646 17.3462219238281
50.9125904506965 4.19232761859894 6.72791719436646 19.69153881073
56.0359388722924 4.19232761859894 6.72791719436646 19.69153881073
61.674851299112 4.19232761859894 6.72791719436646 19.69153881073
67.8812090832727 4.19232761859894 6.72791719436646 20.7983889579773
74.7121144120754 4.19232761859894 6.72791719436646 23.7518889904022
82.2304156821292 4.19232761859894 6.80655550956726 30.0531663894653
90.5052857420251 4.19232761859894 7.16026544570923 34.9160718917847
99.7056313992196 4.19232761859894 7.62741446495056 34.9160718917847
109.739037374665 4.19232761859894 7.62741446495056 39.8924465179443
120.782107840023 4.19232761859894 7.62741446495056 44.7553520202637
132.936445619368 4.19232761859894 8.05976271629333 48.6779346466064
146.313877857786 4.19232761859894 8.05976271629333 48.6779346466064
161.037484897703 4.19232761859894 8.05976271629333 48.6779346466064
177.242732691319 4.19232761859894 8.05976271629333 48.6779346466064
195.078719168039 4.19232761859894 8.05976271629333 48.6779346466064
214.709546024206 4.19232761859894 8.05976271629333 48.6779346466064
214.909512828253 4.19232761859894 8.05976271629333 48.6779346466064
