0.0194894644874591 0.586059033870697 0.0079265832901001 0.00142210721969604
0.0195076157341004 0.586059033870697 0.0079265832901001 0.00142210721969604
0.0214706726399789 0.586059033870697 0.0079265832901001 0.00142210721969604
0.0236312725192399 0.586059033870697 0.0079265832901001 0.00142210721969604
0.0260092941773403 0.586059033870697 0.0079265832901001 0.00142210721969604
0.02862661682957 0.586059033870697 0.0079265832901001 0.00142210721969604
0.0315073214028609 0.586059033870697 0.0165390074253082 0.00423815846443176
0.0346779120946542 0.586059033870697 0.0165390074253082 0.00423815846443176
0.0381675602272991 0.586059033870697 0.0165390074253082 0.00423815846443176
0.0420083726415892 0.586059033870697 0.0165390074253082 0.00423815846443176
0.0462787480746938 0.586059033870697 0.0165390074253082 0.00423815846443176
0.0509357916233132 0.586059033870697 0.0165390074253082 0.00423815846443176
0.056061474785492 0.586059033870697 0.0165390074253082 0.00423815846443176
0.0617029568985016 0.586059033870697 0.0165390074253082 0.00423815846443176
0.0679121429571029 0.586059033870697 0.0263878107070923 0.00968283414840698
0.0747461611704054 0.768446087837219 0.0466763824224472 0.0104193687438965
0.0822678885754094 0.967256665229797 0.0466763824224472 0.0178000926971436
0.0905465295431877 1.00701880455017 0.0466763824224472 0.02192023396492
0.0996582525003081 1.9137766957283 0.049522876739502 0.0234748721122742
0.109686890723714 1.9137766957283 0.094379186630249 0.0368519127368927
0.120724713656792 1.9137766957283 0.0958420634269714 0.0439704656600952
0.132873275843195 2.74790793657303 0.0958420634269714 0.044180765748024
0.146244351289115 2.74790793657303 0.124266028404236 0.0490388870239258
0.160960961850701 2.74790793657303 0.130537465214729 0.0600881576538086
0.177158509108387 2.74790793657303 0.164052525768057 0.0649443864822388
0.194986020142061 2.80583125352859 0.207078576087952 0.0733584687113762
0.214807390451206 2.80583125352859 0.211966510862112 0.0822310000658035
0.23642351909587 3.39448344707489 0.238542074337602 0.0925493538379669
0.260214884898814 3.51117664575577 0.278851248323917 0.104960858821869
0.286400382592417 3.51117664575577 0.283035781234503 0.116467118263245
0.315220934348083 3.56563341617584 0.325167544186115 0.127969846129417
0.346941706403675 3.56563341617584 0.360859341919422 0.14229029417038
0.381854548750803 3.56563341617584 0.41194474697113 0.157449901103973
0.420280680328535 3.62527656555176 0.439800634980202 0.1783577054739
0.462573644428912 3.84656143188477 0.491949776187539 0.188782595098019
0.509122561505755 3.84656143188477 0.539971996098757 0.209876984357834
0.560355709314554 3.93300080299377 0.607038598507643 0.237095683813095
0.616744463322841 3.98659324645996 0.668130002915859 0.260757207870483
0.678807633645181 3.98659324645996 0.746380945667624 0.290378727018833
0.74711623840516 4.04104995727539 0.828020662069321 0.316828586161137
0.822298757442146 4.06265139579773 0.913450539112091 0.343755960464478
0.90504691470005 4.17070913314819 1.00303038954735 0.379182197153568
0.997049767162749 4.17070913314819 1.10774996131659 0.416911587119102
1.0973831681079 4.17070913314819 1.22068908065557 0.465180844068527
1.207813147656 4.17070913314819 1.3370704241097 0.508619368076324
1.32935572737641 4.17070913314819 1.49052619934082 0.552264958620071
1.46312917137724 4.17070913314819 1.62846827507019 0.613493382930756
1.61036427500108 4.19232761859894 1.75592643022537 0.683375887572765
1.77241568887504 4.19232761859894 1.92482668161392 0.742618381977081
1.95077438250316 4.19232761859894 2.16192668676376 0.825296729803085
2.14708136207369 4.19232761859894 2.35219848155975 0.905594766139984
2.36314276869316 4.19232761859894 2.59118008613586 0.980994164943695
2.60094649596008 4.19232761859894 2.76360368728638 1.08464035391808
2.86268047976978 4.19232761859894 3.05256819725037 1.20112374424934
3.15075282862747 4.19232761859894 3.27690947055817 1.29370099306107
3.46781397968047 4.19232761859894 3.55693984031677 1.40482634305954
3.81678108431816 4.19232761859894 3.84299623966217 1.53571367263794
4.2008648477019 4.19232761859894 4.28748726844788 1.71524548530579
4.62790519502682 4.19232761859894 4.42222201824188 1.8453813791275
5.09361260779729 4.19232761859894 4.80922710895538 1.9377378821373
5.6061842896419 4.19232761859894 5.18951392173767 2.19582670927048
6.17033620525356 4.19232761859894 5.53381288051605 2.3068767786026
6.79125888819023 4.19232761859894 6.01224863529205 2.34842920303345
7.47466519687438 4.19232761859894 6.62951898574829 2.5655283331871
8.22684287629239 4.19232761859894 6.64462494850159 2.79874813556671
9.05471240899251 4.19232761859894 6.67389416694641 3.01290476322174
9.96589068764523 4.19232761859894 6.67389416694641 3.3300758600235
10.9687610949915 4.19232761859894 6.67389416694641 3.55834519863129
12.072550635956 4.19232761859894 6.67389416694641 3.9217312335968
13.2874148315868 4.19232761859894 6.67389416694641 4.26748859882355
14.6245311558961 4.19232761859894 6.67389416694641 4.48805785179138
16.0962018752773 4.19232761859894 6.67389416694641 4.85077089071274
17.7159672366814 4.19232761859894 6.67389416694641 5.2881868481636
19.4987300459514 4.19232761859894 6.67389416694641 5.90862238407135
21.4808800919766 4.19232761859894 6.67389416694641 6.4818742275238
23.6425071500281 4.19232761859894 6.67389416694641 6.75250434875488
26.0216593522121 4.19232761859894 6.67389416694641 7.49811887741089
28.6402263154973 4.19232761859894 6.67389416694641 8.1451141834259
31.5223004152183 4.19232761859894 6.67389416694641 9.07648772001266
34.6943984492749 4.19232761859894 6.67389416694641 10.0491133928299
38.1857056084627 4.19232761859894 6.67389416694641 10.7775789499283
42.0283439976073 4.19232761859894 6.67389416694641 10.7775789499283
46.2576681780564 4.19232761859894 6.67389416694641 12.0465264320374
50.9125904506965 4.19232761859894 6.67389416694641 13.8652276992798
56.0359388722924 4.19232761859894 6.67389416694641 14.8436274528503
61.674851299112 4.19232761859894 6.67389416694641 16.2517347335815
67.8812090832727 4.19232761859894 6.67389416694641 18.6067323684692
74.7121144120754 4.19232761859894 6.67389416694641 20.2437388896942
82.2304156821292 4.19232761859894 6.67389416694641 22.6168364882469
90.5052857420251 4.19232761859894 6.67389416694641 23.5001255273819
99.7056313992196 4.19232761859894 7.56590557098389 23.5001255273819
109.739037374665 4.19232761859894 7.56590557098389 23.5001255273819
120.782107840023 4.19232761859894 7.56590557098389 23.5001255273819
132.936445619368 4.19232761859894 7.56590557098389 23.5001255273819
146.313877857786 4.19232761859894 7.56590557098389 23.5001255273819
161.037484897703 4.19232761859894 7.56590557098389 23.5001255273819
177.242732691319 4.19232761859894 7.56590557098389 23.5001255273819
195.078719168039 4.19232761859894 7.56590557098389 23.5001255273819
214.709546024206 4.19232761859894 7.56590557098389 23.5001255273819
214.909512828253 4.19232761859894 7.56590557098389 23.5001255273819
