0.0194894644874591 0.586059033870697 0.00646531581878662 0.00322109460830688
0.0195076157341004 0.586059033870697 0.00646531581878662 0.00322109460830688
0.0214706726399789 0.586059033870697 0.00646531581878662 0.00322109460830688
0.0236312725192399 0.586059033870697 0.00646531581878662 0.00322109460830688
0.0260092941773403 0.586059033870697 0.00646531581878662 0.00322109460830688
0.02862661682957 0.586059033870697 0.00646531581878662 0.00322109460830688
0.0315073214028609 0.586059033870697 0.0147458910942078 0.00322109460830688
0.0346779120946542 0.586059033870697 0.0147458910942078 0.00322109460830688
0.0381675602272991 0.586059033870697 0.0147458910942078 0.00322109460830688
0.0420083726415892 0.586059033870697 0.0147458910942078 0.00322109460830688
0.0462787480746938 0.586059033870697 0.0147458910942078 0.00322109460830688
0.0509357916233132 0.586059033870697 0.0147458910942078 0.00322109460830688
0.056061474785492 0.586059033870697 0.0147458910942078 0.00322109460830688
0.0617029568985016 0.586059033870697 0.0147458910942078 0.00322109460830688
0.0679121429571029 0.586059033870697 0.0226117372512817 0.0114870071411133
0.0747461611704054 0.768446087837219 0.0527393221855164 0.0289342999458313
0.0822678885754094 0.967256665229797 0.0527393221855164 0.0366848707199097
0.0905465295431877 1.00701880455017 0.0527393221855164 0.0366848707199097
0.0996582525003081 1.9137766957283 0.0527393221855164 0.0366848707199097
0.109686890723714 1.9137766957283 0.0949512124061584 0.0418755859136581
0.120724713656792 1.9137766957283 0.0977658033370972 0.0517250448465347
0.132873275843195 2.74790793657303 0.0977658033370972 0.0588537901639938
0.146244351289115 2.74790793657303 0.13088595867157 0.0727935433387756
0.160960961850701 2.74790793657303 0.135955274105072 0.074269711971283
0.177158509108387 2.74790793657303 0.168650170788169 0.0993821024894714
0.194986020142061 2.80583125352859 0.215062737464905 0.106568932533264
0.214807390451206 2.80583125352859 0.215062737464905 0.109843611717224
0.23642351909587 3.39448344707489 0.235961824655533 0.139743506908417
0.260214884898814 3.51117664575577 0.283080607652664 0.14166784286499
0.286400382592417 3.51117664575577 0.289527243003249 0.167169392108917
0.315220934348083 3.56563341617584 0.337874062359333 0.181147456169128
0.346941706403675 3.56563341617584 0.365315027534962 0.210088014602661
0.381854548750803 3.56563341617584 0.412813186645508 0.229236423969269
0.420280680328535 3.62527656555176 0.439343504607677 0.248779252171516
0.462573644428912 3.84656143188477 0.506583690643311 0.277286976575851
0.509122561505755 3.84656143188477 0.548099957406521 0.303706355392933
0.560355709314554 3.93300080299377 0.621848650276661 0.334935292601585
0.616744463322841 3.98659324645996 0.691689163446426 0.366531983017921
0.678807633645181 3.98659324645996 0.761169351637363 0.40532922744751
0.74711623840516 4.04104995727539 0.839091807603836 0.456416845321655
0.822298757442146 4.06265139579773 0.931198418140411 0.500026151537895
0.90504691470005 4.17070913314819 1.02297279238701 0.549463704228401
0.997049767162749 4.17070913314819 1.12756004184484 0.59469747543335
1.0973831681079 4.17070913314819 1.23715588450432 0.653089851140976
1.207813147656 4.17070913314819 1.35556241869926 0.732916295528412
1.32935572737641 4.17070913314819 1.52166420221329 0.805871918797493
1.46312917137724 4.17070913314819 1.6531754732132 0.865837574005127
1.61036427500108 4.19232761859894 1.79151019454002 0.97610379755497
1.77241568887504 4.19232761859894 1.99745097756386 1.05773910880089
1.95077438250316 4.19232761859894 2.19984966516495 1.16447460651398
2.14708136207369 4.19232761859894 2.40346145629883 1.26898866891861
2.36314276869316 4.19232761859894 2.65582174062729 1.36737866699696
2.60094649596008 4.19232761859894 2.79244023561478 1.52268071472645
2.86268047976978 4.19232761859894 3.08745646476746 1.66800859570503
3.15075282862747 4.19232761859894 3.36118412017822 1.82041174173355
3.46781397968047 4.19232761859894 3.62861371040344 1.99653534591198
3.81678108431816 4.19232761859894 3.92271161079407 2.23493020236492
4.2008648477019 4.19232761859894 4.3711211681366 2.40015132725239
4.62790519502682 4.19232761859894 4.50267791748047 2.59450721740723
5.09361260779729 4.19232761859894 4.86172676086426 2.87926822900772
5.6061842896419 4.19232761859894 5.25322318077087 3.15137547254562
6.17033620525356 4.19232761859894 5.62477016448975 3.46240103244781
6.79125888819023 4.19232761859894 6.05486702919006 3.70491087436676
7.47466519687438 4.19232761859894 6.6462299823761 3.96305215358734
8.22684287629239 4.19232761859894 6.65772294998169 4.18207478523254
9.05471240899251 4.19232761859894 6.65772294998169 4.49252200126648
9.96589068764523 4.19232761859894 6.65772294998169 4.84975075721741
10.9687610949915 4.19232761859894 6.65772294998169 5.04173183441162
12.072550635956 4.19232761859894 6.65772294998169 5.40770196914673
13.2874148315868 4.19232761859894 6.65772294998169 5.61030912399292
14.6245311558961 4.19232761859894 6.65772294998169 6.03163242340088
16.0962018752773 4.19232761859894 6.65772294998169 6.03163242340088
17.7159672366814 4.19232761859894 6.65772294998169 6.25629138946533
19.4987300459514 4.19232761859894 6.65772294998169 6.52493023872375
21.4808800919766 4.19232761859894 6.65772294998169 7.22913718223572
23.6425071500281 4.19232761859894 6.65772294998169 7.22913718223572
26.0216593522121 4.19232761859894 6.65772294998169 7.97812962532043
28.6402263154973 4.19232761859894 6.65772294998169 8.28857684135437
31.5223004152183 4.19232761859894 6.65772294998169 9.53456318378448
34.6943984492749 4.19232761859894 6.65772294998169 10.2398102283478
38.1857056084627 4.19232761859894 6.65772294998169 10.2398102283478
42.0283439976073 4.19232761859894 6.65772294998169 11.5629529953003
46.2576681780564 4.19232761859894 6.65772294998169 13.5141863822937
50.9125904506965 4.19232761859894 6.65772294998169 13.5141863822937
56.0359388722924 4.19232761859894 6.65772294998169 13.5141863822937
61.674851299112 4.19232761859894 6.65772294998169 13.5141863822937
67.8812090832727 4.19232761859894 6.65772294998169 13.5141863822937
74.7121144120754 4.19232761859894 6.65772294998169 15.4526501893997
82.2304156821292 4.19232761859894 6.65772294998169 20.7226829528809
90.5052857420251 4.19232761859894 6.65772294998169 22.3148856163025
99.7056313992196 4.19232761859894 7.45922136306763 23.8350524902344
109.739037374665 4.19232761859894 7.45922136306763 23.8350524902344
120.782107840023 4.19232761859894 7.45922136306763 29.5233821868896
132.936445619368 4.19232761859894 7.45922136306763 32.6357517242432
146.313877857786 4.19232761859894 7.45922136306763 32.6357517242432
161.037484897703 4.19232761859894 7.45922136306763 32.6357517242432
177.242732691319 4.19232761859894 7.45922136306763 32.6357517242432
195.078719168039 4.19232761859894 7.45922136306763 32.6357517242432
214.709546024206 4.19232761859894 7.45922136306763 32.6357517242432
214.909512828253 4.19232761859894 7.45922136306763 32.6357517242432
