0.0194894644874591 0.586059033870697 0.00696450471878052 0.00278037786483765
0.0195076157341004 0.586059033870697 0.00696450471878052 0.00278037786483765
0.0214706726399789 0.586059033870697 0.00696450471878052 0.00278037786483765
0.0236312725192399 0.586059033870697 0.00696450471878052 0.00278037786483765
0.0260092941773403 0.586059033870697 0.00696450471878052 0.00278037786483765
0.02862661682957 0.586059033870697 0.00696450471878052 0.00278037786483765
0.0315073214028609 0.586059033870697 0.0153945982456207 0.00278037786483765
0.0346779120946542 0.586059033870697 0.0153945982456207 0.00278037786483765
0.0381675602272991 0.586059033870697 0.0153945982456207 0.00278037786483765
0.0420083726415892 0.586059033870697 0.0153945982456207 0.00278037786483765
0.0462787480746938 0.586059033870697 0.0153945982456207 0.00278037786483765
0.0509357916233132 0.586059033870697 0.0153945982456207 0.00278037786483765
0.056061474785492 0.586059033870697 0.0153945982456207 0.00278037786483765
0.0617029568985016 0.586059033870697 0.0153945982456207 0.00278037786483765
0.0679121429571029 0.586059033870697 0.0234916210174561 0.00278037786483765
0.0747461611704054 0.768446087837219 0.0473957061767578 0.0210987329483032
0.0822678885754094 0.967256665229797 0.0473957061767578 0.0277761816978455
0.0905465295431877 1.00701880455017 0.0473957061767578 0.0277761816978455
0.0996582525003081 1.9137766957283 0.0477510392665863 0.0404735207557678
0.109686890723714 1.9137766957283 0.0902502536773682 0.0490952581167221
0.120724713656792 1.9137766957283 0.0937139987945557 0.0506819188594818
0.132873275843195 2.74790793657303 0.0937139987945557 0.0642885863780975
0.146244351289115 2.74790793657303 0.122255086898804 0.0642885863780975
0.160960961850701 2.74790793657303 0.12962394952774 0.0829795002937317
0.177158509108387 2.74790793657303 0.160924887284636 0.0862316936254501
0.194986020142061 2.80583125352859 0.203416705131531 0.097748339176178
0.214807390451206 2.80583125352859 0.204035168513656 0.104284420609474
0.23642351909587 3.39448344707489 0.228879993781447 0.120041280984879
0.260214884898814 3.51117664575577 0.273202538490295 0.133819177746773
0.286400382592417 3.51117664575577 0.277102446183562 0.153022468090057
0.315220934348083 3.56563341617584 0.320089016109705 0.16561359167099
0.346941706403675 3.56563341617584 0.350580878555775 0.186537005007267
0.381854548750803 3.56563341617584 0.399284303188324 0.203525856137276
0.420280680328535 3.62527656555176 0.428670585155487 0.231004357337952
0.462573644428912 3.84656143188477 0.483868753537536 0.255250155925751
0.509122561505755 3.84656143188477 0.529804047197104 0.275827959179878
0.560355709314554 3.93300080299377 0.594176774844527 0.305460050702095
0.616744463322841 3.98659324645996 0.652866505086422 0.336742609739304
0.678807633645181 3.98659324645996 0.730047905817628 0.376178801059723
0.74711623840516 4.04104995727539 0.805805116891861 0.416156463325024
0.822298757442146 4.06265139579773 0.891939580440521 0.459999620914459
0.90504691470005 4.17070913314819 0.982269257307053 0.504257336258888
0.997049767162749 4.17070913314819 1.08173837512732 0.556149587035179
1.0973831681079 4.17070913314819 1.19070014357567 0.615733236074448
1.207813147656 4.17070913314819 1.29821332916617 0.672783806920052
1.32935572737641 4.17070913314819 1.45927494764328 0.74653947353363
1.46312917137724 4.17070913314819 1.59165716171265 0.824739158153534
1.61036427500108 4.19232761859894 1.71934020519257 0.910200476646423
1.77241568887504 4.19232761859894 1.89728012681007 0.999317646026611
1.95077438250316 4.19232761859894 2.1154573559761 1.09837724268436
2.14708136207369 4.19232761859894 2.30576175451279 1.21940982341766
2.36314276869316 4.19232761859894 2.54077261686325 1.33037634193897
2.60094649596008 4.19232761859894 2.69632506370544 1.45044112205505
2.86268047976978 4.19232761859894 2.99423265457153 1.56835454702377
3.15075282862747 4.19232761859894 3.21869540214539 1.71104770898819
3.46781397968047 4.19232761859894 3.4929176568985 1.8804127573967
3.81678108431816 4.19232761859894 3.79147481918335 2.0303270816803
4.2008648477019 4.19232761859894 4.23392128944397 2.21732580661774
4.62790519502682 4.19232761859894 4.37952351570129 2.3834091424942
5.09361260779729 4.19232761859894 4.75153541564941 2.53457868099213
5.6061842896419 4.19232761859894 5.13160014152527 2.69899380207062
6.17033620525356 4.19232761859894 5.49235439300537 2.92228209972382
6.79125888819023 4.19232761859894 5.95571732521057 3.26449143886566
7.47466519687438 4.19232761859894 6.55262398719788 3.56329572200775
8.22684287629239 4.19232761859894 6.57933974266052 3.85070598125458
9.05471240899251 4.19232761859894 6.57933974266052 4.20357489585876
9.96589068764523 4.19232761859894 6.57933974266052 4.55993056297302
10.9687610949915 4.19232761859894 6.57933974266052 4.69094967842102
12.072550635956 4.19232761859894 6.57933974266052 5.25324320793152
13.2874148315868 4.19232761859894 6.57933974266052 5.38426232337952
14.6245311558961 4.19232761859894 6.57933974266052 5.95072650909424
16.0962018752773 4.19232761859894 6.57933974266052 6.40397000312805
17.7159672366814 4.19232761859894 6.57933974266052 6.96539545059204
19.4987300459514 4.19232761859894 6.57933974266052 7.15724849700928
21.4808800919766 4.19232761859894 6.57933974266052 8.1023223400116
23.6425071500281 4.19232761859894 6.57933974266052 8.15474104881287
26.0216593522121 4.19232761859894 6.57933974266052 9.538081407547
28.6402263154973 4.19232761859894 6.57933974266052 10.6436007022858
31.5223004152183 4.19232761859894 6.57933974266052 11.6859679222107
34.6943984492749 4.19232761859894 6.57933974266052 13.5369629859924
38.1857056084627 4.19232761859894 6.57933974266052 13.9206113815308
42.0283439976073 4.19232761859894 6.57933974266052 15.5358505249023
46.2576681780564 4.19232761859894 6.57933974266052 16.0935912132263
50.9125904506965 4.19232761859894 6.57933974266052 16.0935912132263
56.0359388722924 4.19232761859894 6.57933974266052 16.0935912132263
61.674851299112 4.19232761859894 6.57933974266052 16.0935912132263
67.8812090832727 4.19232761859894 6.57933974266052 16.0935912132263
74.7121144120754 4.19232761859894 6.57933974266052 17.6654515266418
82.2304156821292 4.19232761859894 6.57933974266052 24.045166015625
90.5052857420251 4.19232761859894 6.57933974266052 24.045166015625
99.7056313992196 4.19232761859894 7.58382511138916 24.045166015625
109.739037374665 4.19232761859894 7.58382511138916 24.045166015625
120.782107840023 4.19232761859894 7.58382511138916 24.045166015625
132.936445619368 4.19232761859894 7.58382511138916 24.045166015625
146.313877857786 4.19232761859894 7.58382511138916 24.045166015625
161.037484897703 4.19232761859894 7.58382511138916 24.045166015625
177.242732691319 4.19232761859894 7.58382511138916 24.045166015625
195.078719168039 4.19232761859894 7.58382511138916 24.045166015625
214.709546024206 4.19232761859894 7.58382511138916 24.045166015625
214.909512828253 4.19232761859894 7.58382511138916 24.045166015625
