0.0194894644874591 0.586059033870697 0.00831037759780884 0.00104296207427979
0.0195076157341004 0.586059033870697 0.00831037759780884 0.00104296207427979
0.0214706726399789 0.586059033870697 0.00831037759780884 0.00104296207427979
0.0236312725192399 0.586059033870697 0.00831037759780884 0.00104296207427979
0.0260092941773403 0.586059033870697 0.00831037759780884 0.00104296207427979
0.02862661682957 0.586059033870697 0.00831037759780884 0.00104296207427979
0.0315073214028609 0.586059033870697 0.016930103302002 0.00650036334991455
0.0346779120946542 0.586059033870697 0.016930103302002 0.00650036334991455
0.0381675602272991 0.586059033870697 0.016930103302002 0.00650036334991455
0.0420083726415892 0.586059033870697 0.016930103302002 0.00650036334991455
0.0462787480746938 0.586059033870697 0.016930103302002 0.00650036334991455
0.0509357916233132 0.586059033870697 0.016930103302002 0.00650036334991455
0.056061474785492 0.586059033870697 0.016930103302002 0.00650036334991455
0.0617029568985016 0.586059033870697 0.016930103302002 0.00650036334991455
0.0679121429571029 0.586059033870697 0.0279027819633484 0.0329589545726776
0.0747461611704054 0.768446087837219 0.0494053959846497 0.0347581505775452
0.0822678885754094 0.967256665229797 0.0494053959846497 0.0372016429901123
0.0905465295431877 1.00701880455017 0.0494053959846497 0.0491454303264618
0.0996582525003081 1.9137766957283 0.0494053959846497 0.0491454303264618
0.109686890723714 1.9137766957283 0.100150942802429 0.0494273900985718
0.120724713656792 1.9137766957283 0.100150942802429 0.0675995051860809
0.132873275843195 2.74790793657303 0.100150942802429 0.0675995051860809
0.146244351289115 2.74790793657303 0.130970001220703 0.0796689987182617
0.160960961850701 2.74790793657303 0.134831964969635 0.0909456014633179
0.177158509108387 2.74790793657303 0.170880104182288 0.0976804196834564
0.194986020142061 2.80583125352859 0.21653687953949 0.118086814880371
0.214807390451206 2.80583125352859 0.221647556871176 0.128111392259598
0.23642351909587 3.39448344707489 0.246557648293674 0.143990278244019
0.260214884898814 3.51117664575577 0.28874521702528 0.158350795507431
0.286400382592417 3.51117664575577 0.292256355285645 0.180985689163208
0.315220934348083 3.56563341617584 0.337780587375164 0.200157761573792
0.346941706403675 3.56563341617584 0.374700300395489 0.230951189994812
0.381854548750803 3.56563341617584 0.428470194339752 0.252893447875977
0.420280680328535 3.62527656555176 0.451905757188797 0.265526831150055
0.462573644428912 3.84656143188477 0.510721321217716 0.305522263050079
0.509122561505755 3.84656143188477 0.558807253837585 0.335792198777199
0.560355709314554 3.93300080299377 0.63701331615448 0.368006348609924
0.616744463322841 3.98659324645996 0.695976071059704 0.403379499912262
0.678807633645181 3.98659324645996 0.775437478907406 0.4453484416008
0.74711623840516 4.04104995727539 0.86334228515625 0.48960667848587
0.822298757442146 4.06265139579773 0.951933801174164 0.548253700137138
0.90504691470005 4.17070913314819 1.04252901673317 0.600164592266083
0.997049767162749 4.17070913314819 1.15298280864954 0.674813508987427
1.0973831681079 4.17070913314819 1.27036687731743 0.752688527107239
1.207813147656 4.17070913314819 1.38621682673693 0.815572082996368
1.32935572737641 4.17070913314819 1.54927676916122 0.908839344978333
1.46312917137724 4.17070913314819 1.68770653009415 0.992160886526108
1.61036427500108 4.19232761859894 1.81643527746201 1.08070759475231
1.77241568887504 4.19232761859894 2.00324803590775 1.17016586661339
1.95077438250316 4.19232761859894 2.24314683675766 1.32187521457672
2.14708136207369 4.19232761859894 2.44212800264359 1.4199994802475
2.36314276869316 4.19232761859894 2.69474679231644 1.56114840507507
2.60094649596008 4.19232761859894 2.84469437599182 1.71479514986277
2.86268047976978 4.19232761859894 3.1484546661377 1.90946471691132
3.15075282862747 4.19232761859894 3.39840722084045 2.09324181079865
3.46781397968047 4.19232761859894 3.66114401817322 2.30174195766449
3.81678108431816 4.19232761859894 3.95911645889282 2.51857912540436
4.2008648477019 4.19232761859894 4.40251231193542 2.7559951543808
4.62790519502682 4.19232761859894 4.51820015907288 3.06634163856506
5.09361260779729 4.19232761859894 4.9070246219635 3.32666802406311
5.6061842896419 4.19232761859894 5.29697918891907 3.61059212684631
6.17033620525356 4.19232761859894 5.63063383102417 3.95372354984283
6.79125888819023 4.19232761859894 6.09954237937927 3.95372354984283
7.47466519687438 4.19232761859894 6.72817158699036 4.2050256729126
8.22684287629239 4.19232761859894 6.72817158699036 4.44674563407898
9.05471240899251 4.19232761859894 6.73391127586365 5.04099953174591
9.96589068764523 4.19232761859894 6.73391127586365 5.29230165481567
10.9687610949915 4.19232761859894 6.73391127586365 5.29230165481567
12.072550635956 4.19232761859894 6.73391127586365 5.66713011264801
13.2874148315868 4.19232761859894 6.73391127586365 6.30482339859009
14.6245311558961 4.19232761859894 6.73391127586365 7.18543243408203
16.0962018752773 4.19232761859894 6.73391127586365 7.61914300918579
17.7159672366814 4.19232761859894 6.73391127586365 7.61914300918579
19.4987300459514 4.19232761859894 6.73391127586365 7.61914300918579
21.4808800919766 4.19232761859894 6.73391127586365 7.68626129627228
23.6425071500281 4.19232761859894 6.73391127586365 8.74293231964111
26.0216593522121 4.19232761859894 6.73391127586365 9.3695387840271
28.6402263154973 4.19232761859894 6.73391127586365 12.0236229896545
31.5223004152183 4.19232761859894 6.73391127586365 12.6532570123672
34.6943984492749 4.19232761859894 6.73391127586365 15.0477557182312
38.1857056084627 4.19232761859894 6.73391127586365 16.3620753288269
42.0283439976073 4.19232761859894 6.73391127586365 16.3620753288269
46.2576681780564 4.19232761859894 6.73391127586365 16.3620753288269
50.9125904506965 4.19232761859894 6.73391127586365 16.3620753288269
56.0359388722924 4.19232761859894 6.73391127586365 16.3620753288269
61.674851299112 4.19232761859894 6.73391127586365 18.0687198638916
67.8812090832727 4.19232761859894 6.73391127586365 21.8746366500854
74.7121144120754 4.19232761859894 6.73391127586365 25.7849613428116
82.2304156821292 4.19232761859894 6.73665881156921 29.4937796592712
90.5052857420251 4.19232761859894 7.07526278495789 32.457130163908
99.7056313992196 4.19232761859894 7.65907311439514 34.4307951927185
109.739037374665 4.19232761859894 7.65907311439514 34.4307951927185
120.782107840023 4.19232761859894 7.65907311439514 34.4307951927185
132.936445619368 4.19232761859894 8.00042462348938 34.4307951927185
146.313877857786 4.19232761859894 8.00042462348938 34.4307951927185
161.037484897703 4.19232761859894 8.00042462348938 34.4307951927185
177.242732691319 4.19232761859894 8.00042462348938 34.4307951927185
195.078719168039 4.19232761859894 8.00042462348938 34.4307951927185
214.709546024206 4.19232761859894 8.00042462348938 34.4307951927185
214.909512828253 4.19232761859894 8.00042462348938 34.4307951927185
