0.0387145280838013 0.586059033870697 0.00679695606231689 0.00133800506591797
0.0387500300966981 0.586059033870697 0.00679695606231689 0.00133800506591797
0.0425866726076336 0.586059033870697 0.00679695606231689 0.00133800506591797
0.0468031812946723 0.586059033870697 0.00679695606231689 0.00133800506591797
0.0514371667278207 0.586059033870697 0.00679695606231689 0.00133800506591797
0.0565299633015929 0.586059033870697 0.00679695606231689 0.00133800506591797
0.0621269979310704 0.586059033870697 0.00679695606231689 0.00133800506591797
0.068278195252578 0.586059033870697 0.00679695606231689 0.00133800506591797
0.0750384229432996 0.586059033870697 0.0151534378528595 0.00133800506591797
0.0824679811320132 0.586059033870697 0.0151534378528595 0.00133800506591797
0.0907162527069789 0.586059033870697 0.0151534378528595 0.00133800506591797
0.0996980736423392 0.586059033870697 0.0151534378528595 0.00133800506591797
0.109569185139287 0.586059033870697 0.0151534378528595 0.00133800506591797
0.120417635902936 0.586059033870697 0.0151534378528595 0.00133800506591797
0.132340192345309 0.586059033870697 0.0151534378528595 0.00133800506591797
0.145443201725957 0.586059033870697 0.0151534378528595 0.00133800506591797
0.159843540752169 0.967256665229797 0.0505711436271667 0.0225913524627686
0.175669658100152 0.967256665229797 0.0505711436271667 0.0225913524627686
0.193062720156276 0.967256665229797 0.0771702826023102 0.0346976518630981
0.212177870198225 1.85931992530823 0.085055947303772 0.0409431457519531
0.233185612247737 1.9137766957283 0.085055947303772 0.0479581356048584
0.25627333193868 1.9137766957283 0.100361317396164 0.0573027580976486
0.281646967966354 2.74790793657303 0.137407898902893 0.0696309804916382
0.309532849027073 2.74790793657303 0.147029161453247 0.0751534402370453
0.340179712633237 2.74790793657303 0.180192232131958 0.0751534402370453
0.373860923811385 2.74790793657303 0.199730724096298 0.0888329893350601
0.411253695994416 3.10663169622421 0.233929097652435 0.0970437526702881
0.451971945990459 3.10663169622421 0.278538852930069 0.106811881065369
0.496721712052834 3.12219077348709 0.278538852930069 0.125637888908386
0.54590215479858 3.56563341617584 0.323564678430557 0.133697837591171
0.599951955758347 3.56563341617584 0.369272857904434 0.151647806167603
0.659353230344131 3.56563341617584 0.411325931549072 0.171230584383011
0.724635828240139 3.56563341617584 0.413302719593048 0.180503010749817
0.796382059575582 3.56563341617584 0.47665348649025 0.207756221294403
0.875231889036086 3.84656143188477 0.513046652078629 0.214498430490494
0.961888644244345 3.84656143188477 0.614254087209702 0.241455674171448
1.05712528932784 3.84656143188477 0.652718752622604 0.264304369688034
1.16179131963283 3.84656143188477 0.718641579151154 0.293498277664185
1.27682033908432 3.98659324645996 0.781420707702637 0.319954797625542
1.4032383877809 4.04104137420654 0.897576242685318 0.341165378689766
1.54217309410505 4.04104995727539 0.969091802835464 0.409336447715759
1.69486373298454 4.17070913314819 1.08137184381485 0.419066101312637
1.86438038854372 4.17070913314819 1.20709782838821 0.456817626953125
2.0489727885339 4.17070913314819 1.28443905711174 0.50575515627861
2.25184169172242 4.17070913314819 1.43980932235718 0.556155979633331
2.4747966556489 4.17070913314819 1.57251274585724 0.612654060125351
2.7198264022398 4.17070913314819 1.74003151059151 0.663087725639343
2.98911655688376 4.19232761859894 1.96056348085403 0.69801464676857
3.28506914385371 4.19232761859894 2.09743496775627 0.78215503692627
3.61032401197175 4.19232761859894 2.36391806602478 0.950818568468094
3.96778238163021 4.19232761859894 2.5578705072403 0.960352450609207
4.36063272320454 4.19232761859894 2.79091772437096 1.06724575161934
4.79237919768918 4.19232761859894 3.06922337412834 1.12959614396095
5.2668729132423 4.19232761859894 3.48682197928429 1.25477495789528
5.78834627644265 4.19232761859894 3.7422422170639 1.31293118000031
6.36145074466621 4.19232761859894 3.95175078511238 1.56311568617821
6.99129831632754 4.19232761859894 4.38089737296104 1.57444190979004
7.68350712907217 4.19232761859894 4.84195917844772 1.88901138305664
8.45199512379247 4.19232761859894 5.21323269605637 1.90682780742645
9.28882760400582 4.19232761859894 5.43165373802185 2.10045051574707
10.2085149119472 4.19232761859894 6.0225305557251 2.27399206161499
11.2192605084528 4.19232761859894 6.51848387718201 2.42311859130859
12.330080079446 4.19232761859894 6.587162733078 2.64184927940369
13.5508819543863 4.19232761859894 6.61667418479919 2.9967280626297
14.8925554869521 4.19232761859894 6.63135766983032 3.12643265724182
16.3670681863003 4.19232761859894 6.63135766983032 3.44109082221985
17.9875724652967 4.19232761859894 6.63135766983032 3.73410248756409
19.7685229578944 4.19232761859894 6.63135766983032 4.04383063316345
21.7258054521118 4.19232761859894 6.63135766983032 4.37659025192261
23.8768785886714 4.19232761859894 6.63135766983032 4.73759704828262
26.2409295892292 4.19232761859894 6.63135766983032 5.25038787722588
28.8390454032626 4.19232761859894 6.63135766983032 5.77392196655273
31.6944008002223 4.19232761859894 6.63135766983032 6.38337016105652
34.8324650846968 4.19232761859894 6.63135766983032 6.90501780807972
38.3163339475004 4.19232761859894 6.63135766983032 7.77138996124268
42.1100361799719 4.19232761859894 6.63135766983032 8.3753514289856
46.2793530693252 4.19232761859894 6.63135766983032 8.64446079730988
50.8614742424258 4.19232761859894 6.63135766983032 9.53306436538696
55.8972714730444 4.19232761859894 6.63135766983032 9.81047630310059
61.4316632514152 4.19232761859894 6.63135766983032 10.9415214061737
67.5140154498445 4.19232761859894 6.63135766983032 10.9415214061737
74.1985816582434 4.19232761859894 6.63135766983032 11.6051926612854
81.5449871173038 4.19232761859894 6.63135766983032 13.494204044342
89.6187605659235 4.19232761859894 6.63135766983032 13.6933157444
98.4919187468734 4.19232761859894 6.63135766983032 14.76043176651
108.243608784401 4.19232761859894 7.48147010803223 16.4204453229904
118.960814163673 4.19232761859894 7.48147010803223 17.9901521205902
130.739130609284 4.19232761859894 7.48147010803223 19.0603847503662
143.683618783529 4.19232761859894 7.48147010803223 22.6946330070496
157.909741410383 4.19232761859894 7.48147010803223 22.6946330070496
173.703536936922 4.19232761859894 7.48147010803223 22.6946330070496
190.901933233621 4.19232761859894 7.48147010803223 22.6946330070496
209.803143649102 4.19232761859894 7.48147010803223 22.6946330070496
230.575763898515 4.19232761859894 7.48147010803223 22.6946330070496
253.405082367608 4.19232761859894 7.48147010803223 22.6946330070496
278.494732854913 4.19232761859894 7.48147010803223 22.6946330070496
306.068510952025 4.19232761859894 7.48147010803223 22.6946330070496
336.372370263797 4.19232761859894 7.48147010803223 22.6946330070496
369.676616274388 4.19232761859894 7.48147010803223 22.6946330070496
370.015617281199 4.19232761859894 7.48147010803223 22.6946330070496
