0.0387145280838013 0.586059033870697 0.00900804996490479 0.00485676527023315
0.0387500300966981 0.586059033870697 0.00900804996490479 0.00485676527023315
0.0425866726076336 0.586059033870697 0.00900804996490479 0.00485676527023315
0.0468031812946723 0.586059033870697 0.00900804996490479 0.00485676527023315
0.0514371667278207 0.586059033870697 0.00900804996490479 0.00485676527023315
0.0565299633015929 0.586059033870697 0.00900804996490479 0.00485676527023315
0.0621269979310704 0.586059033870697 0.00900804996490479 0.00485676527023315
0.068278195252578 0.586059033870697 0.00900804996490479 0.00485676527023315
0.0750384229432996 0.586059033870697 0.0178987979888916 0.00485676527023315
0.0824679811320132 0.586059033870697 0.0178987979888916 0.00485676527023315
0.0907162527069789 0.586059033870697 0.0178987979888916 0.00485676527023315
0.0996980736423392 0.586059033870697 0.0178987979888916 0.00485676527023315
0.109569185139287 0.586059033870697 0.0178987979888916 0.00485676527023315
0.120417635902936 0.586059033870697 0.0178987979888916 0.00485676527023315
0.132340192345309 0.586059033870697 0.0178987979888916 0.00485676527023315
0.145443201725957 0.586059033870697 0.0178987979888916 0.00485676527023315
0.159843540752169 0.967256665229797 0.0399421453475952 0.0376990139484406
0.175669658100152 0.967256665229797 0.0535544753074646 0.0376990139484406
0.193062720156276 0.967256665229797 0.0860712230205536 0.0376990139484406
0.212177870198225 1.85931992530823 0.0886445939540863 0.0443310439586639
0.233185612247737 1.9137766957283 0.0886445939540863 0.0581316649913788
0.25627333193868 1.9137766957283 0.103029906749725 0.0648362040519714
0.281646967966354 2.74790793657303 0.146678507328033 0.0792193412780762
0.309532849027073 2.74790793657303 0.159468054771423 0.0887053608894348
0.340179712633237 2.74790793657303 0.178938686847687 0.0925211310386658
0.373860923811385 2.74790793657303 0.209824472665787 0.104502528905869
0.411253695994416 3.10663169622421 0.255047619342804 0.125790238380432
0.451971945990459 3.10663169622421 0.300375133752823 0.139269962906837
0.496721712052834 3.12219077348709 0.300375133752823 0.151369407773018
0.54590215479858 3.56563341617584 0.345798075199127 0.170750066637993
0.599951955758347 3.56563341617584 0.382222503423691 0.186094090342522
0.659353230344131 3.56563341617584 0.43936450779438 0.20347648859024
0.724635828240139 3.56563341617584 0.44422447681427 0.219644457101822
0.796382059575582 3.56563341617584 0.513991832733154 0.248551055788994
0.875231889036086 3.84656143188477 0.54348149895668 0.275166094303131
0.961888644244345 3.84656143188477 0.637899935245514 0.303210377693176
1.05712528932784 3.84656143188477 0.666712045669556 0.337492108345032
1.16179131963283 3.84656143188477 0.768530756235123 0.370430335402489
1.27682033908432 3.98659324645996 0.819958090782166 0.421816006302834
1.4032383877809 4.04104137420654 0.942602127790451 0.452355727553368
1.54217309410505 4.04104995727539 1.0202074944973 0.490877255797386
1.69486373298454 4.17070913314819 1.15367305278778 0.550138577818871
1.86438038854372 4.17070913314819 1.26999622583389 0.609617009758949
2.0489727885339 4.17070913314819 1.35536730289459 0.67356638610363
2.25184169172242 4.17070913314819 1.4980585873127 0.737755060195923
2.4747966556489 4.17070913314819 1.67990365624428 0.815989270806313
2.7198264022398 4.17070913314819 1.83880414068699 0.891284212470055
2.98911655688376 4.19232761859894 2.07675901055336 1.00083756446838
3.28506914385371 4.19232761859894 2.20474395155907 1.08985777199268
3.61032401197175 4.19232761859894 2.50301718711853 1.21899580955505
3.96778238163021 4.19232761859894 2.67626297473907 1.29757016897202
4.36063272320454 4.19232761859894 2.98135033249855 1.41192466020584
4.79237919768918 4.19232761859894 3.251669049263 1.60440748929977
5.2668729132423 4.19232761859894 3.71800008416176 1.75499387085438
5.78834627644265 4.19232761859894 3.88123333454132 1.89905345439911
6.36145074466621 4.19232761859894 4.17154774069786 2.09283578395844
6.99129831632754 4.19232761859894 4.59404046833515 2.31477004289627
7.68350712907217 4.19232761859894 5.02460354566574 2.56549251079559
8.45199512379247 4.19232761859894 5.39032781124115 2.84618878364563
9.28882760400582 4.19232761859894 5.62346005439758 3.05287075042725
10.2085149119472 4.19232761859894 6.04115319252014 3.34800356626511
11.2192605084528 4.19232761859894 6.4530029296875 3.68853062391281
12.330080079446 4.19232761859894 6.5499587059021 4.0031179189682
13.5508819543863 4.19232761859894 6.59487676620483 4.49254614114761
14.8925554869521 4.19232761859894 6.5972843170166 4.72670465707779
16.3670681863003 4.19232761859894 6.71159601211548 5.12385630607605
17.9875724652967 4.19232761859894 6.71159601211548 5.38596302270889
19.7685229578944 4.19232761859894 6.71159601211548 6.39123153686523
21.7258054521118 4.19232761859894 6.71159601211548 6.8996490240097
23.8768785886714 4.19232761859894 6.71159601211548 7.74657602608204
26.2409295892292 4.19232761859894 6.71159601211548 8.60877567529678
28.8390454032626 4.19232761859894 6.71159601211548 9.62031161785126
31.6944008002223 4.19232761859894 6.71159601211548 10.7906629443169
34.8324650846968 4.19232761859894 6.71159601211548 11.4811154603958
38.3163339475004 4.19232761859894 6.71159601211548 11.4811154603958
42.1100361799719 4.19232761859894 6.71159601211548 12.9754964709282
46.2793530693252 4.19232761859894 6.71159601211548 14.2992042303085
50.8614742424258 4.19232761859894 6.71159601211548 14.6746895313263
55.8972714730444 4.19232761859894 6.71159601211548 14.8006962537766
61.4316632514152 4.19232761859894 6.71159601211548 14.8006962537766
67.5140154498445 4.19232761859894 6.71159601211548 17.4707679748535
74.1985816582434 4.19232761859894 6.71159601211548 20.8775196075439
81.5449871173038 4.19232761859894 6.71159601211548 24.6454060077667
89.6187605659235 4.19232761859894 6.71159601211548 27.5877891182899
98.4919187468734 4.19232761859894 6.71159601211548 31.4779697656631
108.243608784401 4.19232761859894 7.36356163024902 32.2714642286301
118.960814163673 4.19232761859894 7.36356163024902 32.2714642286301
130.739130609284 4.19232761859894 7.36356163024902 32.2714642286301
143.683618783529 4.19232761859894 7.36356163024902 32.2714642286301
157.909741410383 4.19232761859894 7.36356163024902 32.2714642286301
173.703536936922 4.19232761859894 7.36356163024902 32.2714642286301
190.901933233621 4.19232761859894 7.36356163024902 32.2714642286301
209.803143649102 4.19232761859894 7.36356163024902 32.2714642286301
230.575763898515 4.19232761859894 7.66128873825073 32.2714642286301
253.405082367608 4.19232761859894 7.66128873825073 32.2714642286301
278.494732854913 4.19232761859894 7.66128873825073 32.2714642286301
306.068510952025 4.19232761859894 7.66128873825073 32.2714642286301
336.372370263797 4.19232761859894 7.66128873825073 32.2714642286301
369.676616274388 4.19232761859894 7.66128873825073 32.2714642286301
370.015617281199 4.19232761859894 7.66128873825073 32.2714642286301
