0.0387145280838013 0.586059033870697 0.00942772626876831 0.00508895516395569
0.0387500300966981 0.586059033870697 0.00942772626876831 0.00508895516395569
0.0425866726076336 0.586059033870697 0.00942772626876831 0.00508895516395569
0.0468031812946723 0.586059033870697 0.00942772626876831 0.00508895516395569
0.0514371667278207 0.586059033870697 0.00942772626876831 0.00508895516395569
0.0565299633015929 0.586059033870697 0.00942772626876831 0.00508895516395569
0.0621269979310704 0.586059033870697 0.00942772626876831 0.00508895516395569
0.068278195252578 0.586059033870697 0.00942772626876831 0.00508895516395569
0.0750384229432996 0.586059033870697 0.0183084607124329 0.00508895516395569
0.0824679811320132 0.586059033870697 0.0183084607124329 0.00508895516395569
0.0907162527069789 0.586059033870697 0.0326150357723236 0.0173309892416
0.0996980736423392 0.586059033870697 0.0326150357723236 0.0173309892416
0.109569185139287 0.586059033870697 0.0326150357723236 0.0173309892416
0.120417635902936 0.586059033870697 0.0326150357723236 0.0173309892416
0.132340192345309 0.586059033870697 0.0326150357723236 0.0173309892416
0.145443201725957 0.99837489426136 0.0694990158081055 0.0240435600280762
0.159843540752169 0.99837489426136 0.0694990158081055 0.0258692800998688
0.175669658100152 0.99837489426136 0.0694990158081055 0.0258692800998688
0.193062720156276 0.99837489426136 0.0856688767671585 0.0402289628982544
0.212177870198225 2.30101633071899 0.110076665878296 0.0439254641532898
0.233185612247737 2.30101633071899 0.110076665878296 0.0500154197216034
0.25627333193868 2.30101633071899 0.124317407608032 0.060238242149353
0.281646967966354 2.74790793657303 0.147456869482994 0.0666917860507965
0.309532849027073 2.74790793657303 0.159231185913086 0.076494038105011
0.340179712633237 2.74790793657303 0.184820115566254 0.0860141515731812
0.373860923811385 2.74790793657303 0.209376811981201 0.0985063910484314
0.411253695994416 3.10663169622421 0.25418983772397 0.110093832015991
0.451971945990459 3.13343650102615 0.299156129360199 0.125376924872398
0.496721712052834 3.13343650102615 0.319949388504028 0.128760576248169
0.54590215479858 3.56563341617584 0.345334380865097 0.14616984128952
0.599951955758347 3.7056565284729 0.390509188175201 0.155407100915909
0.659353230344131 3.7056565284729 0.436339750885963 0.174004256725311
0.724635828240139 3.7056565284729 0.479015424847603 0.199671030044556
0.796382059575582 3.7056565284729 0.511713445186615 0.220139339566231
0.875231889036086 3.84656143188477 0.59817773103714 0.243600904941559
0.961888644244345 3.84656143188477 0.64957270026207 0.260835692286491
1.05712528932784 3.93300080299377 0.705608293414116 0.286637723445892
1.16179131963283 3.93300080299377 0.77376601099968 0.315049976110458
1.27682033908432 4.04104995727539 0.835821077227592 0.348738849163055
1.4032383877809 4.04104995727539 0.95133900642395 0.389530643820763
1.54217309410505 4.19232761859894 1.02490377426147 0.42613323032856
1.69486373298454 4.19232761859894 1.14750975370407 0.473073273897171
1.86438038854372 4.19232761859894 1.27703434228897 0.519865423440933
2.0489727885339 4.19232761859894 1.38172572851181 0.573054939508438
2.25184169172242 4.19232761859894 1.55054658651352 0.630561381578445
2.4747966556489 4.19232761859894 1.67502734065056 0.685151159763336
2.7198264022398 4.19232761859894 1.86787593364716 0.760689437389374
2.98911655688376 4.19232761859894 2.0651700347662 0.84866064786911
3.28506914385371 4.19232761859894 2.21363900601864 0.901241034269333
3.61032401197175 4.19232761859894 2.50007855892181 0.995464146137238
3.96778238163021 4.19232761859894 2.70541548728943 1.08135640621185
4.36063272320454 4.19232761859894 2.97600792720914 1.21338754892349
4.79237919768918 4.19232761859894 3.32506024837494 1.32188767194748
5.2668729132423 4.19232761859894 3.70860980823636 1.4538157582283
5.78834627644265 4.19232761859894 3.93847352266312 1.60046231746674
6.36145074466621 4.19232761859894 4.16546720266342 1.72006204724312
6.99129831632754 4.19232761859894 4.62628208100796 1.85945701599121
7.68350712907217 4.19232761859894 5.07188647985458 1.98032116889954
8.45199512379247 4.19232761859894 5.62420570850372 2.28786683082581
9.28882760400582 4.19232761859894 5.91546285152435 2.34156465530396
10.2085149119472 4.19232761859894 6.23041617870331 2.50070452690125
11.2192605084528 4.19232761859894 6.71183085441589 2.71385908126831
12.330080079446 4.19232761859894 6.7729504108429 2.97245821356773
13.5508819543863 4.19232761859894 6.79459023475647 3.22589364647865
14.8925554869521 4.19232761859894 6.79459023475647 3.52833873033524
16.3670681863003 4.19232761859894 6.85005402565002 3.91500675678253
17.9875724652967 4.19232761859894 6.85005402565002 4.17477476596832
19.7685229578944 4.19232761859894 6.85005402565002 4.41517901420593
21.7258054521118 4.19232761859894 6.85005402565002 4.76287221908569
23.8768785886714 4.19232761859894 6.98033344745636 5.46805095672607
26.2409295892292 4.19232761859894 6.98033344745636 6.11105942726135
28.8390454032626 4.19232761859894 6.98033344745636 6.47716629505157
31.6944008002223 4.19232761859894 6.98033344745636 7.19310915470123
34.8324650846968 4.19232761859894 6.98033344745636 7.90290927886963
38.3163339475004 4.19232761859894 6.98033344745636 8.2283091545105
42.1100361799719 4.19232761859894 6.98033344745636 8.56556487083435
46.2793530693252 4.19232761859894 6.98033344745636 8.56556487083435
50.8614742424258 4.19232761859894 6.98033344745636 8.56556487083435
55.8972714730444 4.19232761859894 6.98033344745636 8.56556487083435
61.4316632514152 4.19232761859894 6.98033344745636 8.56556487083435
67.5140154498445 4.19232761859894 6.98033344745636 8.56556487083435
74.1985816582434 4.19232761859894 6.98033344745636 9.37754034996033
81.5449871173038 4.19232761859894 6.98033344745636 9.37754034996033
89.6187605659235 4.19232761859894 7.7915940284729 10.2887508869171
98.4919187468734 4.19232761859894 7.7915940284729 11.1630697250366
108.243608784401 4.19232761859894 7.7915940284729 13.480655670166
118.960814163673 4.19232761859894 7.7915940284729 14.4669380187988
130.739130609284 4.19232761859894 7.7915940284729 16.2507553100586
143.683618783529 4.19232761859894 7.7915940284729 16.2507553100586
157.909741410383 4.19232761859894 7.7915940284729 16.2507553100586
173.703536936922 4.19232761859894 7.7915940284729 16.30379986763
190.901933233621 4.19232761859894 7.7915940284729 16.30379986763
209.803143649102 4.19232761859894 7.7915940284729 22.3774719238281
230.575763898515 4.19232761859894 8.40259456634521 25.6813402175903
253.405082367608 4.19232761859894 8.40259456634521 25.6813402175903
278.494732854913 4.19232761859894 8.40259456634521 25.6813402175903
306.068510952025 4.19232761859894 8.40259456634521 25.6813402175903
336.372370263797 4.19232761859894 8.40259456634521 25.6813402175903
369.676616274388 4.19232761859894 8.40259456634521 25.6813402175903
370.015617281199 4.19232761859894 8.40259456634521 25.6813402175903
