0.0387145280838013 0.586059033870697 0.00658559799194336 0.0048125684261322
0.0387500300966981 0.586059033870697 0.00658559799194336 0.0048125684261322
0.0425866726076336 0.586059033870697 0.00658559799194336 0.0048125684261322
0.0468031812946723 0.586059033870697 0.00658559799194336 0.0048125684261322
0.0514371667278207 0.586059033870697 0.00658559799194336 0.0048125684261322
0.0565299633015929 0.586059033870697 0.00658559799194336 0.0048125684261322
0.0621269979310704 0.586059033870697 0.00658559799194336 0.0048125684261322
0.068278195252578 0.586059033870697 0.00658559799194336 0.0048125684261322
0.0750384229432996 0.586059033870697 0.0148945152759552 0.00948619842529297
0.0824679811320132 0.586059033870697 0.0148945152759552 0.00948619842529297
0.0907162527069789 0.586059033870697 0.0290496945381165 0.00948619842529297
0.0996980736423392 0.586059033870697 0.0290496945381165 0.00948619842529297
0.109569185139287 0.586059033870697 0.0290496945381165 0.00948619842529297
0.120417635902936 0.586059033870697 0.0290496945381165 0.00948619842529297
0.132340192345309 0.586059033870697 0.0290496945381165 0.00948619842529297
0.145443201725957 0.99837489426136 0.0695667266845703 0.019404873251915
0.159843540752169 0.99837489426136 0.0695667266845703 0.0257459878921509
0.175669658100152 0.99837489426136 0.0695667266845703 0.0257459878921509
0.193062720156276 0.99837489426136 0.0761564373970032 0.0323108434677124
0.212177870198225 2.30101633071899 0.0998871326446533 0.0337069630622864
0.233185612247737 2.30101633071899 0.0998871326446533 0.0397456288337708
0.25627333193868 2.30101633071899 0.116796135902405 0.0493460893630981
0.281646967966354 2.74790793657303 0.136328220367432 0.0502005219459534
0.309532849027073 2.74790793657303 0.145654439926147 0.0592310428619385
0.340179712633237 2.74790793657303 0.181481182575226 0.0655116438865662
0.373860923811385 2.74790793657303 0.198448121547699 0.0731476545333862
0.411253695994416 3.10663169622421 0.231517314910889 0.0891598463058472
0.451971945990459 3.13343650102615 0.275955379009247 0.0891598463058472
0.496721712052834 3.13343650102615 0.306390702724457 0.105963468551636
0.54590215479858 3.56563341617584 0.320865213871002 0.114793807268143
0.599951955758347 3.7056565284729 0.367607831954956 0.124884009361267
0.659353230344131 3.7056565284729 0.407846093177795 0.134561896324158
0.724635828240139 3.7056565284729 0.440980106592178 0.156999230384827
0.796382059575582 3.7056565284729 0.472246170043945 0.17495658993721
0.875231889036086 3.84656143188477 0.561635792255402 0.195095717906952
0.961888644244345 3.84656143188477 0.611275047063828 0.22498083114624
1.05712528932784 3.93300080299377 0.664646983146667 0.238932609558105
1.16179131963283 3.93300080299377 0.715942412614822 0.275280356407166
1.27682033908432 4.04104995727539 0.791029095649719 0.290815353393555
1.4032383877809 4.04104995727539 0.89198100566864 0.328709721565247
1.54217309410505 4.19232761859894 0.962736070156097 0.363668322563171
1.69486373298454 4.19232761859894 1.07244366407394 0.395987376570702
1.86438038854372 4.19232761859894 1.19929271936417 0.444840267300606
2.0489727885339 4.19232761859894 1.28962630033493 0.488534331321716
2.25184169172242 4.19232761859894 1.4463991522789 0.550651699304581
2.4747966556489 4.19232761859894 1.57029640674591 0.606069415807724
2.7198264022398 4.19232761859894 1.74640202522278 0.650650203227997
2.98911655688376 4.19232761859894 1.95587551593781 0.721350103616714
3.28506914385371 4.19232761859894 2.08408397436142 0.790464699268341
3.61032401197175 4.19232761859894 2.34642726182938 0.870889455080032
3.96778238163021 4.19232761859894 2.54441845417023 0.967469304800034
4.36063272320454 4.19232761859894 2.77183270454407 1.07154846191406
4.79237919768918 4.19232761859894 3.11586195230484 1.17166963219643
5.2668729132423 4.19232761859894 3.4586329460144 1.2751644551754
5.78834627644265 4.19232761859894 3.72440123558044 1.40791964530945
6.36145074466621 4.19232761859894 3.93124753236771 1.53240633010864
6.99129831632754 4.19232761859894 4.35374665260315 1.68830442428589
7.68350712907217 4.19232761859894 4.81795990467072 1.87209904193878
8.45199512379247 4.19232761859894 5.35219013690948 2.03833198547363
9.28882760400582 4.19232761859894 5.6966655254364 2.20208251476288
10.2085149119472 4.19232761859894 6.01711547374725 2.38574719429016
11.2192605084528 4.19232761859894 6.52156519889832 2.54801213741302
12.330080079446 4.19232761859894 6.58983063697815 2.74092531204224
13.5508819543863 4.19232761859894 6.62169623374939 2.83615851402283
14.8925554869521 4.19232761859894 6.63643288612366 3.07299554347992
16.3670681863003 4.19232761859894 6.63643288612366 3.19185936450958
17.9875724652967 4.19232761859894 6.63643288612366 3.35303330421448
19.7685229578944 4.19232761859894 6.63643288612366 3.38701975345612
21.7258054521118 4.19232761859894 6.63643288612366 3.38701975345612
23.8768785886714 4.19232761859894 6.63643288612366 4.38959121704102
26.2409295892292 4.19232761859894 6.63643288612366 4.38959121704102
28.8390454032626 4.19232761859894 6.63643288612366 4.38959121704102
31.6944008002223 4.19232761859894 6.63643288612366 4.38959121704102
34.8324650846968 4.19232761859894 6.63643288612366 4.38959121704102
38.3163339475004 4.19232761859894 6.63643288612366 4.38959121704102
42.1100361799719 4.19232761859894 6.63643288612366 4.38959121704102
46.2793530693252 4.19232761859894 6.63643288612366 4.38959121704102
50.8614742424258 4.19232761859894 6.63643288612366 4.38959121704102
55.8972714730444 4.19232761859894 6.63643288612366 4.65149307250977
61.4316632514152 4.19232761859894 6.63643288612366 4.98392724990845
67.5140154498445 4.19232761859894 6.63643288612366 4.98392724990845
74.1985816582434 4.19232761859894 6.63643288612366 5.25529742240906
81.5449871173038 4.19232761859894 6.63643288612366 6.93109583854675
89.6187605659235 4.19232761859894 6.63643288612366 7.60786244273186
98.4919187468734 4.19232761859894 6.63643288612366 8.04515919089317
108.243608784401 4.19232761859894 7.59495639801025 8.38139781355858
118.960814163673 4.19232761859894 7.59495639801025 9.1055999994278
130.739130609284 4.19232761859894 7.59495639801025 9.53892660140991
143.683618783529 4.19232761859894 7.59495639801025 9.53892660140991
157.909741410383 4.19232761859894 7.59495639801025 9.53892660140991
173.703536936922 4.19232761859894 7.59495639801025 9.53892660140991
190.901933233621 4.19232761859894 7.59495639801025 9.53892660140991
209.803143649102 4.19232761859894 7.74775218963623 9.53892660140991
230.575763898515 4.19232761859894 7.74775218963623 9.53892660140991
253.405082367608 4.19232761859894 7.74775218963623 9.53892660140991
278.494732854913 4.19232761859894 7.74775218963623 9.53892660140991
306.068510952025 4.19232761859894 7.74775218963623 9.53892660140991
336.372370263797 4.19232761859894 7.74775218963623 10.3749570846558
369.676616274388 4.19232761859894 7.74775218963623 10.3749570846558
370.015617281199 4.19232761859894 7.74775218963623 10.3749570846558
