0.0387145280838013 0.586059033870697 0.00927591323852539 0.00622522830963135
0.0387500300966981 0.586059033870697 0.00927591323852539 0.00622522830963135
0.0425866726076336 0.586059033870697 0.00927591323852539 0.00622522830963135
0.0468031812946723 0.586059033870697 0.00927591323852539 0.00622522830963135
0.0514371667278207 0.586059033870697 0.00927591323852539 0.00622522830963135
0.0565299633015929 0.586059033870697 0.00927591323852539 0.00622522830963135
0.0621269979310704 0.586059033870697 0.00927591323852539 0.00622522830963135
0.068278195252578 0.586059033870697 0.00927591323852539 0.00622522830963135
0.0750384229432996 0.586059033870697 0.0181615948677063 0.0124623477458954
0.0824679811320132 0.586059033870697 0.0181615948677063 0.0124623477458954
0.0907162527069789 0.586059033870697 0.0321402847766876 0.0124623477458954
0.0996980736423392 0.586059033870697 0.0321402847766876 0.0124623477458954
0.109569185139287 0.586059033870697 0.0321402847766876 0.0124623477458954
0.120417635902936 0.586059033870697 0.0321402847766876 0.0124623477458954
0.132340192345309 0.586059033870697 0.0321402847766876 0.0124623477458954
0.145443201725957 0.99837489426136 0.0655695199966431 0.0194251537322998
0.159843540752169 0.99837489426136 0.0655695199966431 0.0328720510005951
0.175669658100152 0.99837489426136 0.0655695199966431 0.0328720510005951
0.193062720156276 0.99837489426136 0.0860966742038727 0.0340021252632141
0.212177870198225 2.30101633071899 0.110310256481171 0.040391206741333
0.233185612247737 2.30101633071899 0.110310256481171 0.055006742477417
0.25627333193868 2.30101633071899 0.125120848417282 0.0621315389871597
0.281646967966354 2.74790793657303 0.147453129291534 0.0621315389871597
0.309532849027073 2.74790793657303 0.159712553024292 0.063694953918457
0.340179712633237 2.74790793657303 0.186171054840088 0.0745565891265869
0.373860923811385 2.74790793657303 0.209981977939606 0.086668848991394
0.411253695994416 3.10663169622421 0.255196753889322 0.101135969161987
0.451971945990459 3.13343650102615 0.300389885902405 0.101135969161987
0.496721712052834 3.13343650102615 0.31525444239378 0.117384567856789
0.54590215479858 3.56563341617584 0.346249967813492 0.131116390228271
0.599951955758347 3.7056565284729 0.387640237808228 0.141935333609581
0.659353230344131 3.7056565284729 0.43860138207674 0.156383097171783
0.724635828240139 3.7056565284729 0.479525022208691 0.184525817632675
0.796382059575582 3.7056565284729 0.513892859220505 0.195176392793655
0.875231889036086 3.84656143188477 0.594810664653778 0.223582401871681
0.961888644244345 3.84656143188477 0.645685017108917 0.242355704307556
1.05712528932784 3.93300080299377 0.705167829990387 0.27581949532032
1.16179131963283 3.93300080299377 0.776374354958534 0.30550916492939
1.27682033908432 4.04104995727539 0.838338501751423 0.327418711036444
1.4032383877809 4.04104995727539 0.949482917785645 0.371967926621437
1.54217309410505 4.19232761859894 1.0249936580658 0.409258551895618
1.69486373298454 4.19232761859894 1.15288668870926 0.43841814994812
1.86438038854372 4.19232761859894 1.27670764923096 0.502345621585846
2.0489727885339 4.19232761859894 1.38353508710861 0.544880390167236
2.25184169172242 4.19232761859894 1.55214208364487 0.619824707508087
2.4747966556489 4.19232761859894 1.68073710054159 0.663685128092766
2.7198264022398 4.19232761859894 1.87005388736725 0.728181719779968
2.98911655688376 4.19232761859894 2.07470196485519 0.797126397490501
3.28506914385371 4.19232761859894 2.2144562676549 0.879473686218262
3.61032401197175 4.19232761859894 2.50660854578018 0.973117619752884
3.96778238163021 4.19232761859894 2.6939742565155 1.07368910312653
4.36063272320454 4.19232761859894 2.98506975546479 1.20282971858978
4.79237919768918 4.19232761859894 3.33018004894257 1.30061134696007
5.2668729132423 4.19232761859894 3.72115111723542 1.42237478494644
5.78834627644265 4.19232761859894 3.92102080583572 1.577591329813
6.36145074466621 4.19232761859894 4.17688143253326 1.71925288438797
6.99129831632754 4.19232761859894 4.62139490246773 1.87352859973907
7.68350712907217 4.19232761859894 5.06211251020432 2.06942677497864
8.45199512379247 4.19232761859894 5.59126555919647 2.27284348011017
9.28882760400582 4.19232761859894 5.85306990146637 2.49512207508087
10.2085149119472 4.19232761859894 6.15977597236633 2.6461096405983
11.2192605084528 4.19232761859894 6.61046481132507 2.83819186687469
12.330080079446 4.19232761859894 6.68648076057434 3.01540493965149
13.5508819543863 4.19232761859894 6.70077586174011 3.25932383537292
14.8925554869521 4.19232761859894 6.70542931556702 3.50317358970642
16.3670681863003 4.19232761859894 6.80069231987 3.74653506278992
17.9875724652967 4.19232761859894 6.80069231987 3.887943983078
19.7685229578944 4.19232761859894 6.80069231987 4.12809824943542
21.7258054521118 4.19232761859894 6.80069231987 4.4803706407547
23.8768785886714 4.19232761859894 6.83849132061005 5.39671802520752
26.2409295892292 4.19232761859894 6.83849132061005 5.39671802520752
28.8390454032626 4.19232761859894 6.83849132061005 5.39671802520752
31.6944008002223 4.19232761859894 6.83849132061005 5.39671802520752
34.8324650846968 4.19232761859894 6.83849132061005 5.39671802520752
38.3163339475004 4.19232761859894 6.83849132061005 5.71414268016815
42.1100361799719 4.19232761859894 6.83849132061005 5.91131412982941
46.2793530693252 4.19232761859894 6.94368863105774 6.40839526057243
50.8614742424258 4.19232761859894 6.94368863105774 7.0964722931385
55.8972714730444 4.19232761859894 6.94368863105774 7.84516668319702
61.4316632514152 4.19232761859894 6.94368863105774 8.71534502506256
67.5140154498445 4.19232761859894 6.94368863105774 8.71534502506256
74.1985816582434 4.19232761859894 6.94368863105774 9.21080684661865
81.5449871173038 4.19232761859894 6.94368863105774 11.3660702705383
89.6187605659235 4.19232761859894 7.59201455116272 12.5266919136047
98.4919187468734 4.19232761859894 7.59201455116272 13.3966419696808
108.243608784401 4.19232761859894 7.59201455116272 14.4406588673592
118.960814163673 4.19232761859894 7.59201455116272 15.8951161503792
130.739130609284 4.19232761859894 7.59201455116272 16.9413396120071
143.683618783529 4.19232761859894 7.59201455116272 16.9413396120071
157.909741410383 4.19232761859894 7.59201455116272 17.3690676689148
173.703536936922 4.19232761859894 7.59201455116272 17.3690676689148
190.901933233621 4.19232761859894 7.59201455116272 17.3690676689148
209.803143649102 4.19232761859894 7.59201455116272 17.3690676689148
230.575763898515 4.19232761859894 8.16519260406494 17.3690676689148
253.405082367608 4.19232761859894 8.16519260406494 17.3690676689148
278.494732854913 4.19232761859894 8.16519260406494 17.3690676689148
306.068510952025 4.19232761859894 8.16519260406494 17.3690676689148
336.372370263797 4.19232761859894 8.18969464302063 17.3690676689148
369.676616274388 4.19232761859894 8.18969464302063 17.3690676689148
370.015617281199 4.19232761859894 8.18969464302063 17.3690676689148
