0.0194894644874591 0.586059033870697 0.00716835260391235 0.00570622086524963
0.0195076157341004 0.586059033870697 0.00716835260391235 0.00570622086524963
0.0214706726399789 0.586059033870697 0.00716835260391235 0.00570622086524963
0.0236312725192399 0.586059033870697 0.00716835260391235 0.00570622086524963
0.0260092941773403 0.586059033870697 0.00716835260391235 0.00570622086524963
0.02862661682957 0.586059033870697 0.00716835260391235 0.00570622086524963
0.0315073214028609 0.586059033870697 0.0156261920928955 0.00570622086524963
0.0346779120946542 0.586059033870697 0.0156261920928955 0.00570622086524963
0.0381675602272991 0.586059033870697 0.0156261920928955 0.00570622086524963
0.0420083726415892 0.586059033870697 0.0156261920928955 0.00570622086524963
0.0462787480746938 0.586059033870697 0.0298202633857727 0.0128382369875908
0.0509357916233132 0.586059033870697 0.0298202633857727 0.0128382369875908
0.056061474785492 0.586059033870697 0.0298202633857727 0.0128382369875908
0.0617029568985016 0.586059033870697 0.0298202633857727 0.0128382369875908
0.0679121429571029 0.651752918958664 0.0298202633857727 0.0128382369875908
0.0747461611704054 0.768446087837219 0.0508391261100769 0.0277004241943359
0.0822678885754094 0.967256665229797 0.0508391261100769 0.031395435333252
0.0905465295431877 1.00701880455017 0.0508391261100769 0.0464600324630737
0.0996582525003081 1.9137766957283 0.0696513056755066 0.0464600324630737
0.109686890723714 2.30101633071899 0.0961021184921265 0.0546217560768127
0.120724713656792 2.30101633071899 0.097882091999054 0.0546217560768127
0.132873275843195 2.74790793657303 0.101181954145432 0.065934956073761
0.146244351289115 2.74790793657303 0.137003600597382 0.069593757390976
0.160960961850701 2.74790793657303 0.162323534488678 0.0794599950313568
0.177158509108387 2.74790793657303 0.170245319604874 0.0925592482089996
0.194986020142061 2.80583125352859 0.214145183563232 0.100055769085884
0.214807390451206 3.0089550614357 0.225764721632004 0.116443753242493
0.23642351909587 3.39448344707489 0.236032724380493 0.12482912838459
0.260214884898814 3.51117664575577 0.283834159374237 0.139036998152733
0.286400382592417 3.51117664575577 0.288741320371628 0.158809177577496
0.315220934348083 3.7056565284729 0.342015564441681 0.173525154590607
0.346941706403675 3.7056565284729 0.366621971130371 0.195820331573486
0.381854548750803 3.7056565284729 0.421956837177277 0.21128748357296
0.420280680328535 3.70566511154175 0.459844917058945 0.240822687745094
0.462573644428912 3.84656143188477 0.504521280992776 0.262894578278065
0.509122561505755 3.93300080299377 0.559534043073654 0.289354085922241
0.560355709314554 3.93300080299377 0.623024046421051 0.319656297564507
0.616744463322841 4.19232761859894 0.688028603792191 0.346674114465714
0.678807633645181 4.19232761859894 0.761119514703751 0.382942877709866
0.74711623840516 4.19232761859894 0.843298822641373 0.422370538115501
0.822298757442146 4.19232761859894 0.933239936828613 0.472387492656708
0.90504691470005 4.19232761859894 1.02422496676445 0.513745680451393
0.997049767162749 4.19232761859894 1.13026729226112 0.562144234776497
1.0973831681079 4.19232761859894 1.2504765689373 0.616002067923546
1.207813147656 4.19232761859894 1.35651233792305 0.686313450336456
1.32935572737641 4.19232761859894 1.5232589840889 0.748769488185644
1.46312917137724 4.19232761859894 1.65588861703873 0.829992324113846
1.61036427500108 4.19232761859894 1.79639461636543 0.922881469130516
1.77241568887504 4.19232761859894 1.99828016757965 1.03172262012959
1.95077438250316 4.19232761859894 2.20416527986526 1.12360233068466
2.14708136207369 4.19232761859894 2.40438163280487 1.2181733250618
2.36314276869316 4.19232761859894 2.65391707420349 1.33347201347351
2.60094649596008 4.19232761859894 2.80068498849869 1.44160982966423
2.86268047976978 4.19232761859894 3.09622406959534 1.62592105567455
3.15075282862747 4.19232761859894 3.35779082775116 1.76273816823959
3.46781397968047 4.19232761859894 3.61274325847626 1.88545703887939
3.81678108431816 4.19232761859894 3.91243803501129 2.10032290220261
4.2008648477019 4.19232761859894 4.36510729789734 2.37770549952984
4.62790519502682 4.19232761859894 4.55658757686615 2.57891839742661
5.09361260779729 4.19232761859894 4.86447703838348 2.87562018632889
5.6061842896419 4.19232761859894 5.25199484825134 3.05188655853271
6.17033620525356 4.19232761859894 5.60904216766357 3.3283007144928
6.79125888819023 4.19232761859894 6.16719448566437 3.58070290088654
7.47466519687438 4.19232761859894 6.66309404373169 3.83613884449005
8.22684287629239 4.19232761859894 6.67088007926941 4.1683874130249
9.05471240899251 4.19232761859894 6.67088007926941 4.51823449134827
9.96589068764523 4.19232761859894 6.67088007926941 4.83170175552368
10.9687610949915 4.19232761859894 6.67088007926941 5.11562275886536
12.072550635956 4.19232761859894 6.67088007926941 5.51834213733673
13.2874148315868 4.19232761859894 6.67088007926941 6.02954387664795
14.6245311558961 4.19232761859894 6.67088007926941 6.20030450820923
16.0962018752773 4.19232761859894 6.67088007926941 6.29260766506195
17.7159672366814 4.19232761859894 6.67088007926941 6.90958225727081
19.4987300459514 4.19232761859894 6.67088007926941 7.53304004669189
21.4808800919766 4.19232761859894 6.67088007926941 8.21453881263733
23.6425071500281 4.19232761859894 6.67088007926941 8.29388165473938
26.0216593522121 4.19232761859894 6.67088007926941 8.5936541557312
28.6402263154973 4.19232761859894 6.67088007926941 9.1278977394104
31.5223004152183 4.19232761859894 6.67088007926941 10.2010263204575
34.6943984492749 4.19232761859894 6.67088007926941 11.0894336700439
38.1857056084627 4.19232761859894 6.67088007926941 11.6014807224274
42.0283439976073 4.19232761859894 6.67088007926941 11.9012532234192
46.2576681780564 4.19232761859894 6.67088007926941 12.9648818969727
50.9125904506965 4.19232761859894 6.67088007926941 13.9516668319702
56.0359388722924 4.19232761859894 6.67088007926941 13.9516668319702
61.674851299112 4.19232761859894 6.67088007926941 14.9997992515564
67.8812090832727 4.19232761859894 6.67088007926941 16.5012254714966
74.7121144120754 4.19232761859894 6.67088007926941 18.413559794426
82.2304156821292 4.19232761859894 6.67088007926941 23.2536668777466
90.5052857420251 4.19232761859894 6.67088007926941 24.9681558609009
99.7056313992196 4.19232761859894 7.60428619384766 27.4477014541626
109.739037374665 4.19232761859894 7.60428619384766 27.4477014541626
120.782107840023 4.19232761859894 7.60428619384766 27.531831741333
132.936445619368 4.19232761859894 7.60428619384766 27.531831741333
146.313877857786 4.19232761859894 7.60428619384766 27.531831741333
161.037484897703 4.19232761859894 7.60428619384766 38.3375964164734
177.242732691319 4.19232761859894 7.60428619384766 38.3375964164734
195.078719168039 4.19232761859894 7.723628282547 50.7854986190796
214.709546024206 4.19232761859894 7.723628282547 50.7854986190796
214.909512828253 4.19232761859894 7.723628282547 50.7854986190796
