0.0387145280838013 0.586059033870697 0.00846153497695923 0.00489199161529541
0.0387500300966981 0.586059033870697 0.00846153497695923 0.00489199161529541
0.0425866726076336 0.586059033870697 0.00846153497695923 0.00489199161529541
0.0468031812946723 0.586059033870697 0.00846153497695923 0.00489199161529541
0.0514371667278207 0.586059033870697 0.00846153497695923 0.00489199161529541
0.0565299633015929 0.586059033870697 0.00846153497695923 0.00489199161529541
0.0621269979310704 0.586059033870697 0.00846153497695923 0.00489199161529541
0.068278195252578 0.586059033870697 0.00846153497695923 0.00489199161529541
0.0750384229432996 0.586059033870697 0.0171413123607635 0.00489199161529541
0.0824679811320132 0.586059033870697 0.0171413123607635 0.00489199161529541
0.0907162527069789 0.586059033870697 0.0171413123607635 0.00489199161529541
0.0996980736423392 0.586059033870697 0.0171413123607635 0.00489199161529541
0.109569185139287 0.586059033870697 0.0171413123607635 0.00489199161529541
0.120417635902936 0.586059033870697 0.0171413123607635 0.00489199161529541
0.132340192345309 0.586059033870697 0.0171413123607635 0.00489199161529541
0.145443201725957 0.586059033870697 0.0171413123607635 0.00489199161529541
0.159843540752169 0.967256665229797 0.0468060523271561 0.0150560140609741
0.175669658100152 0.967256665229797 0.050254613161087 0.0164746642112732
0.193062720156276 0.967256665229797 0.0829529911279678 0.0296924561262131
0.212177870198225 1.85931992530823 0.0872858762741089 0.0296924561262131
0.233185612247737 1.9137766957283 0.0872858762741089 0.0370227098464966
0.25627333193868 1.9137766957283 0.0980709195137024 0.0417098999023438
0.281646967966354 2.74790793657303 0.143929287791252 0.0460131168365479
0.309532849027073 2.74790793657303 0.155198931694031 0.0491417348384857
0.340179712633237 2.74790793657303 0.179571628570557 0.0658538341522217
0.373860923811385 2.74790793657303 0.206215053796768 0.0734728574752808
0.411253695994416 3.10663169622421 0.247629929333925 0.0782430171966553
0.451971945990459 3.10663169622421 0.292575091123581 0.0909410715103149
0.496721712052834 3.12219077348709 0.292575091123581 0.103555798530579
0.54590215479858 3.56563341617584 0.338161289691925 0.119787991046906
0.599951955758347 3.56563341617584 0.381765276193619 0.122303262352943
0.659353230344131 3.56563341617584 0.428636632859707 0.139168441295624
0.724635828240139 3.56563341617584 0.431388486176729 0.151590168476105
0.796382059575582 3.56563341617584 0.500499397516251 0.16892009973526
0.875231889036086 3.84656143188477 0.528715699911118 0.18426288664341
0.961888644244345 3.84656143188477 0.635453134775162 0.209478229284286
1.05712528932784 3.84656143188477 0.661950334906578 0.237238138914108
1.16179131963283 3.84656143188477 0.74889013171196 0.254436135292053
1.27682033908432 3.98659324645996 0.808525741100311 0.280414670705795
1.4032383877809 4.04104137420654 0.931684762239456 0.304384350776672
1.54217309410505 4.04104995727539 1.00542822480202 0.347541183233261
1.69486373298454 4.17070913314819 1.12690430879593 0.378194451332092
1.86438038854372 4.17070913314819 1.25230371952057 0.424487873911858
2.0489727885339 4.17070913314819 1.32775676250458 0.451554074883461
2.25184169172242 4.17070913314819 1.46460801362991 0.499296993017197
2.4747966556489 4.17070913314819 1.64199811965227 0.553223937749863
2.7198264022398 4.17070913314819 1.79787735641003 0.619927942752838
2.98911655688376 4.19232761859894 2.02524287998676 0.681741997599602
3.28506914385371 4.19232761859894 2.17310615628958 0.746617347002029
3.61032401197175 4.19232761859894 2.45548927783966 0.8304343521595
3.96778238163021 4.19232761859894 2.64794850349426 0.909213900566101
4.36063272320454 4.19232761859894 2.91572376084514 1.00019416213036
4.79237919768918 4.19232761859894 3.19957491755486 1.09823366999626
5.2668729132423 4.19232761859894 3.63670392823406 1.20950990915298
5.78834627644265 4.19232761859894 3.8615431189537 1.32918429374695
6.36145074466621 4.19232761859894 4.0954113304615 1.44908037781715
6.99129831632754 4.19232761859894 4.53864522278309 1.60520777106285
7.68350712907217 4.19232761859894 4.98534154891968 1.78156384825706
8.45199512379247 4.19232761859894 5.35958766937256 1.95477032661438
9.28882760400582 4.19232761859894 5.57262635231018 2.1128263771534
10.2085149119472 4.19232761859894 6.12165725231171 2.3145614862442
11.2192605084528 4.19232761859894 6.59360074996948 2.55478891730309
12.330080079446 4.19232761859894 6.66423368453979 2.78167733550072
13.5508819543863 4.19232761859894 6.67796516418457 3.13307249546051
14.8925554869521 4.19232761859894 6.68371415138245 3.38093492388725
16.3670681863003 4.19232761859894 6.71992611885071 3.6987846493721
17.9875724652967 4.19232761859894 6.73365759849548 3.956463098526
19.7685229578944 4.19232761859894 6.73365759849548 4.26426839828491
21.7258054521118 4.19232761859894 6.73365759849548 4.73085227608681
23.8768785886714 4.19232761859894 6.73365759849548 5.33512732386589
26.2409295892292 4.19232761859894 6.73365759849548 6.03916370868683
28.8390454032626 4.19232761859894 6.73365759849548 6.51252496242523
31.6944008002223 4.19232761859894 6.73365759849548 7.18824836611748
34.8324650846968 4.19232761859894 6.73365759849548 7.9026403427124
38.3163339475004 4.19232761859894 6.73365759849548 8.55341851711273
42.1100361799719 4.19232761859894 6.73365759849548 8.97719442844391
46.2793530693252 4.19232761859894 6.73365759849548 9.30692839622498
50.8614742424258 4.19232761859894 6.73365759849548 9.53416895866394
55.8972714730444 4.19232761859894 6.73365759849548 10.1231696605682
61.4316632514152 4.19232761859894 6.73365759849548 10.1231696605682
67.5140154498445 4.19232761859894 6.73365759849548 11.1664464473724
74.1985816582434 4.19232761859894 6.73365759849548 13.2654395103455
81.5449871173038 4.19232761859894 6.73365759849548 13.2654395103455
89.6187605659235 4.19232761859894 6.73365759849548 15.5915946960449
98.4919187468734 4.19232761859894 6.73365759849548 17.4558084011078
108.243608784401 4.19232761859894 7.46175742149353 19.1724901199341
118.960814163673 4.19232761859894 7.46175742149353 20.4849524497986
130.739130609284 4.19232761859894 7.46175742149353 24.0658478736877
143.683618783529 4.19232761859894 7.46175742149353 24.0658478736877
157.909741410383 4.19232761859894 7.46175742149353 24.0658478736877
173.703536936922 4.19232761859894 7.46175742149353 24.0658478736877
190.901933233621 4.19232761859894 7.46175742149353 24.0658478736877
209.803143649102 4.19232761859894 7.46175742149353 24.0658478736877
230.575763898515 4.19232761859894 7.739985704422 24.0658478736877
253.405082367608 4.19232761859894 7.739985704422 24.0658478736877
278.494732854913 4.19232761859894 7.739985704422 24.0658478736877
306.068510952025 4.19232761859894 7.739985704422 24.0658478736877
336.372370263797 4.19232761859894 7.739985704422 24.0658478736877
369.676616274388 4.19232761859894 7.739985704422 24.0658478736877
370.015617281199 4.19232761859894 7.739985704422 24.0658478736877
