0.0194894644874591 0.586059033870697 0.00733119249343872 0.00333526730537415
0.0195076157341004 0.586059033870697 0.00733119249343872 0.00333526730537415
0.0214706726399789 0.586059033870697 0.00733119249343872 0.00333526730537415
0.0236312725192399 0.586059033870697 0.00733119249343872 0.00333526730537415
0.0260092941773403 0.586059033870697 0.00733119249343872 0.00333526730537415
0.02862661682957 0.586059033870697 0.00733119249343872 0.00333526730537415
0.0315073214028609 0.586059033870697 0.0158281922340393 0.00333526730537415
0.0346779120946542 0.586059033870697 0.0158281922340393 0.00333526730537415
0.0381675602272991 0.586059033870697 0.0158281922340393 0.00333526730537415
0.0420083726415892 0.586059033870697 0.0158281922340393 0.00333526730537415
0.0462787480746938 0.586059033870697 0.0158281922340393 0.00333526730537415
0.0509357916233132 0.586059033870697 0.0158281922340393 0.00333526730537415
0.056061474785492 0.586059033870697 0.0158281922340393 0.00333526730537415
0.0617029568985016 0.586059033870697 0.0158281922340393 0.00333526730537415
0.0679121429571029 0.586059033870697 0.0249471664428711 0.0111587047576904
0.0747461611704054 0.768446087837219 0.0493584871292114 0.0222276970744133
0.0822678885754094 0.967256665229797 0.0493584871292114 0.0222276970744133
0.0905465295431877 1.00701880455017 0.0493584871292114 0.0236747264862061
0.0996582525003081 1.9137766957283 0.0493584871292114 0.0236747264862061
0.109686890723714 1.9137766957283 0.0948294401168823 0.0277393162250519
0.120724713656792 1.9137766957283 0.0967984199523926 0.0339756011962891
0.132873275843195 2.74790793657303 0.0967984199523926 0.0400695726275444
0.146244351289115 2.74790793657303 0.127355933189392 0.0419633984565735
0.160960961850701 2.74790793657303 0.132850885391235 0.0503561496734619
0.177158509108387 2.74790793657303 0.16616449598223 0.0581494122743607
0.194986020142061 2.80583125352859 0.210966229438782 0.0614502131938934
0.214807390451206 2.80583125352859 0.211681447923183 0.0731067955493927
0.23642351909587 3.39448344707489 0.23559092823416 0.0800550580024719
0.260214884898814 3.51117664575577 0.281125240027905 0.0908689349889755
0.286400382592417 3.51117664575577 0.285068654455245 0.0966565907001495
0.315220934348083 3.56563341617584 0.330640397965908 0.108515083789825
0.346941706403675 3.56563341617584 0.36254858225584 0.119663298130035
0.381854548750803 3.56563341617584 0.413035571575165 0.134248584508896
0.420280680328535 3.62527656555176 0.438825190067291 0.148548126220703
0.462573644428912 3.84656143188477 0.498411321081221 0.161448433995247
0.509122561505755 3.84656143188477 0.544049061834812 0.179309472441673
0.560355709314554 3.93300080299377 0.614300541579723 0.200780719518661
0.616744463322841 3.98659324645996 0.677220962941647 0.226575568318367
0.678807633645181 3.98659324645996 0.753016627160832 0.245141014456749
0.74711623840516 4.04104995727539 0.834240168333054 0.26495161652565
0.822298757442146 4.06265139579773 0.922708660364151 0.299309745430946
0.90504691470005 4.17070913314819 1.01306143403053 0.324448861181736
0.997049767162749 4.17070913314819 1.11780039221048 0.363786518573761
1.0973831681079 4.17070913314819 1.22776959091425 0.391964361071587
1.207813147656 4.17070913314819 1.34023195505142 0.435391768813133
1.32935572737641 4.17070913314819 1.50643014907837 0.479391127824783
1.46312917137724 4.17070913314819 1.63914507627487 0.536290302872658
1.61036427500108 4.19232761859894 1.76787841320038 0.580702111124992
1.77241568887504 4.19232761859894 1.9567092359066 0.642163962125778
1.95077438250316 4.19232761859894 2.18100476264954 0.702657431364059
2.14708136207369 4.19232761859894 2.37767207622528 0.771039545536041
2.36314276869316 4.19232761859894 2.62263917922974 0.857469946146011
2.60094649596008 4.19232761859894 2.76403951644897 0.9277203977108
2.86268047976978 4.19232761859894 3.07071650028229 1.02372767031193
3.15075282862747 4.19232761859894 3.31814646720886 1.13683941960335
3.46781397968047 4.19232761859894 3.5778774023056 1.24326530098915
3.81678108431816 4.19232761859894 3.87598621845245 1.38449224829674
4.2008648477019 4.19232761859894 4.32760334014893 1.4896274805069
4.62790519502682 4.19232761859894 4.45876610279083 1.62849962711334
5.09361260779729 4.19232761859894 4.83369958400726 1.8177318572998
5.6061842896419 4.19232761859894 5.21778011322021 1.98819673061371
6.17033620525356 4.19232761859894 5.57169914245605 2.19558143615723
6.79125888819023 4.19232761859894 6.03106105327606 2.40441262722015
7.47466519687438 4.19232761859894 6.63656544685364 2.65663409233093
8.22684287629239 4.19232761859894 6.64857268333435 2.86498761177063
9.05471240899251 4.19232761859894 6.64857268333435 3.06241989135742
9.96589068764523 4.19232761859894 6.64857268333435 3.30630397796631
10.9687610949915 4.19232761859894 6.64857268333435 3.52753663063049
12.072550635956 4.19232761859894 6.64857268333435 3.83656883239746
13.2874148315868 4.19232761859894 6.64857268333435 4.19069373607635
14.6245311558961 4.19232761859894 6.64857268333435 4.51684868335724
16.0962018752773 4.19232761859894 6.64857268333435 4.54049909114838
17.7159672366814 4.19232761859894 6.64857268333435 4.54049909114838
19.4987300459514 4.19232761859894 6.64857268333435 4.54049909114838
21.4808800919766 4.19232761859894 6.64857268333435 5.00596901774406
23.6425071500281 4.19232761859894 6.64857268333435 5.77874362468719
26.0216593522121 4.19232761859894 6.64857268333435 6.31904113292694
28.6402263154973 4.19232761859894 6.64857268333435 7.04216611385345
31.5223004152183 4.19232761859894 6.64857268333435 8.03539216518402
34.6943984492749 4.19232761859894 6.64857268333435 8.03539216518402
38.1857056084627 4.19232761859894 6.64857268333435 8.03539216518402
42.0283439976073 4.19232761859894 6.64857268333435 8.03539216518402
46.2576681780564 4.19232761859894 6.64857268333435 9.4427182674408
50.9125904506965 4.19232761859894 6.64857268333435 9.4427182674408
56.0359388722924 4.19232761859894 6.64857268333435 9.4427182674408
61.674851299112 4.19232761859894 6.64857268333435 9.4427182674408
67.8812090832727 4.19232761859894 6.64857268333435 9.4427182674408
74.7121144120754 4.19232761859894 6.64857268333435 9.4427182674408
82.2304156821292 4.19232761859894 6.64857268333435 13.4001984596252
90.5052857420251 4.19232761859894 6.64857268333435 13.4001984596252
99.7056313992196 4.19232761859894 7.58000421524048 15.6053719520569
109.739037374665 4.19232761859894 7.58000421524048 15.6053719520569
120.782107840023 4.19232761859894 7.58000421524048 15.6053719520569
132.936445619368 4.19232761859894 7.58000421524048 15.6053719520569
146.313877857786 4.19232761859894 7.58000421524048 15.6053719520569
161.037484897703 4.19232761859894 7.58000421524048 15.6053719520569
177.242732691319 4.19232761859894 7.58000421524048 15.6053719520569
195.078719168039 4.19232761859894 7.58000421524048 15.6053719520569
214.709546024206 4.19232761859894 7.58000421524048 15.6053719520569
214.909512828253 4.19232761859894 7.58000421524048 15.6053719520569
