0.0194894644874591 0.586059033870697 0.00880706310272217 0.00334620475769043
0.0195076157341004 0.586059033870697 0.00880706310272217 0.00334620475769043
0.0214706726399789 0.586059033870697 0.00880706310272217 0.00334620475769043
0.0236312725192399 0.586059033870697 0.00880706310272217 0.00334620475769043
0.0260092941773403 0.586059033870697 0.00880706310272217 0.00334620475769043
0.02862661682957 0.586059033870697 0.00880706310272217 0.00334620475769043
0.0315073214028609 0.586059033870697 0.0175245702266693 0.00673896074295044
0.0346779120946542 0.586059033870697 0.0175245702266693 0.00673896074295044
0.0381675602272991 0.586059033870697 0.0175245702266693 0.00673896074295044
0.0420083726415892 0.586059033870697 0.0175245702266693 0.00673896074295044
0.0462787480746938 0.586059033870697 0.0320234894752502 0.0109593272209167
0.0509357916233132 0.586059033870697 0.0320234894752502 0.0109593272209167
0.056061474785492 0.586059033870697 0.0320234894752502 0.0109593272209167
0.0617029568985016 0.586059033870697 0.0320234894752502 0.0109593272209167
0.0679121429571029 0.651752918958664 0.0320234894752502 0.0214882493019104
0.0747461611704054 0.768446087837219 0.0505902916193008 0.0258558988571167
0.0822678885754094 0.967256665229797 0.0505902916193008 0.0258558988571167
0.0905465295431877 1.00701880455017 0.0505902916193008 0.0296748578548431
0.0996582525003081 1.9137766957283 0.072176992893219 0.0298247337341309
0.109686890723714 2.30101633071899 0.104348182678223 0.0482601523399353
0.120724713656792 2.30101633071899 0.104348182678223 0.0560157597064972
0.132873275843195 2.74790793657303 0.104470983147621 0.0560157597064972
0.146244351289115 2.74790793657303 0.144364956766367 0.0754409730434418
0.160960961850701 2.74790793657303 0.17233495414257 0.0792386531829834
0.177158509108387 2.74790793657303 0.18107482790947 0.0888622105121613
0.194986020142061 2.80583125352859 0.222811460494995 0.104159332811832
0.214807390451206 3.0089550614357 0.235864199697971 0.109200447797775
0.23642351909587 3.39448344707489 0.25367880333215 0.128886848688126
0.260214884898814 3.51117664575577 0.295712701976299 0.139541298151016
0.286400382592417 3.51117664575577 0.309744566679001 0.163167476654053
0.315220934348083 3.7056565284729 0.360197000205517 0.175905175507069
0.346941706403675 3.7056565284729 0.385382525622845 0.193011961877346
0.381854548750803 3.7056565284729 0.447440087795258 0.219091020524502
0.420280680328535 3.70566511154175 0.480818290263414 0.238464631140232
0.462573644428912 3.84656143188477 0.523164797574282 0.263443998992443
0.509122561505755 3.93300080299377 0.591093819588423 0.28801042586565
0.560355709314554 3.93300080299377 0.658979713916779 0.323638558387756
0.616744463322841 4.19232761859894 0.716608598828316 0.361484616994858
0.678807633645181 4.19232761859894 0.798597350716591 0.390959478914738
0.74711623840516 4.19232761859894 0.888746947050095 0.432211518287659
0.822298757442146 4.19232761859894 0.983403224498034 0.48085743188858
0.90504691470005 4.19232761859894 1.07330696284771 0.530476771295071
0.997049767162749 4.19232761859894 1.18510986119509 0.590061314404011
1.0973831681079 4.19232761859894 1.32029590010643 0.652015924453735
1.207813147656 4.19232761859894 1.43181782960892 0.707607686519623
1.32935572737641 4.19232761859894 1.59061515331268 0.777347147464752
1.46312917137724 4.19232761859894 1.7377604637295 0.856849402189255
1.61036427500108 4.19232761859894 1.89347468316555 0.936322651803493
1.77241568887504 4.19232761859894 2.0874941945076 1.02863374352455
1.95077438250316 4.19232761859894 2.30142915248871 1.12967610359192
2.14708136207369 4.19232761859894 2.50799751281738 1.24769178032875
2.36314276869316 4.19232761859894 2.76480448246002 1.36960101127625
2.60094649596008 4.19232761859894 2.910564661026 1.48757296800613
2.86268047976978 4.19232761859894 3.22645688056946 1.63180774450302
3.15075282862747 4.19232761859894 3.48254501819611 1.76223903894424
3.46781397968047 4.19232761859894 3.73756551742554 1.88692146539688
3.81678108431816 4.19232761859894 4.04122471809387 2.10583609342575
4.2008648477019 4.19232761859894 4.48407816886902 2.16732478141785
4.62790519502682 4.19232761859894 4.75018787384033 2.28425431251526
5.09361260779729 4.19232761859894 5.0242612361908 2.40971541404724
5.6061842896419 4.19232761859894 5.37260174751282 2.49776542186737
6.17033620525356 4.19232761859894 5.70352697372437 2.62258100509644
6.79125888819023 4.19232761859894 6.28965187072754 2.98069679737091
7.47466519687438 4.19232761859894 6.81575608253479 2.98069679737091
8.22684287629239 4.19232761859894 6.81575608253479 3.16618824005127
9.05471240899251 4.19232761859894 6.81575608253479 3.16618824005127
9.96589068764523 4.19232761859894 6.81575608253479 3.43090450763702
10.9687610949915 4.19232761859894 6.81575608253479 3.5827032327652
12.072550635956 4.19232761859894 6.81575608253479 3.5827032327652
13.2874148315868 4.19232761859894 6.81575608253479 3.90038502216339
14.6245311558961 4.19232761859894 6.81575608253479 4.08587646484375
16.0962018752773 4.19232761859894 6.81575608253479 4.16265174746513
17.7159672366814 4.19232761859894 6.81575608253479 4.39375412464142
19.4987300459514 4.19232761859894 6.81575608253479 4.39375412464142
21.4808800919766 4.19232761859894 6.81575608253479 5.23501408100128
23.6425071500281 4.19232761859894 6.81575608253479 5.42050552368164
26.0216593522121 4.19232761859894 6.81575608253479 5.72838318347931
28.6402263154973 4.19232761859894 6.81575608253479 5.72838318347931
31.5223004152183 4.19232761859894 6.81575608253479 6.00685179233551
34.6943984492749 4.19232761859894 6.81575608253479 7.22143280506134
38.1857056084627 4.19232761859894 6.81575608253479 7.94182026386261
42.0283439976073 4.19232761859894 6.81575608253479 7.94182026386261
46.2576681780564 4.19232761859894 6.81575608253479 8.15788173675537
50.9125904506965 4.19232761859894 6.81575608253479 8.75083017349243
56.0359388722924 4.19232761859894 6.81575608253479 9.95669758319855
61.674851299112 4.19232761859894 7.45885372161865 10.6711741089821
67.8812090832727 4.19232761859894 7.45885372161865 12.0272780656815
74.7121144120754 4.19232761859894 7.45885372161865 12.8185535669327
82.2304156821292 4.19232761859894 7.45885372161865 14.5925999879837
90.5052857420251 4.19232761859894 7.48440337181091 16.4236084222794
99.7056313992196 4.19232761859894 7.62833452224731 17.1439958810806
109.739037374665 4.19232761859894 7.62833452224731 17.1439958810806
120.782107840023 4.19232761859894 7.62833452224731 18.2225008010864
132.936445619368 4.19232761859894 8.29698181152344 18.2225008010864
146.313877857786 4.19232761859894 8.29698181152344 18.2225008010864
161.037484897703 4.19232761859894 8.29698181152344 24.8593544960022
177.242732691319 4.19232761859894 8.29698181152344 24.8593544960022
195.078719168039 4.19232761859894 8.29698181152344 32.8011747598648
214.709546024206 4.19232761859894 8.29698181152344 32.8011747598648
214.909512828253 4.19232761859894 8.29698181152344 32.8011747598648
