0.0387145280838013 0.586059033870697 0.00926887989044189 0.00187051296234131
0.0387500300966981 0.586059033870697 0.00926887989044189 0.00187051296234131
0.0425866726076336 0.586059033870697 0.00926887989044189 0.00187051296234131
0.0468031812946723 0.586059033870697 0.00926887989044189 0.00187051296234131
0.0514371667278207 0.586059033870697 0.00926887989044189 0.00187051296234131
0.0565299633015929 0.586059033870697 0.00926887989044189 0.00187051296234131
0.0621269979310704 0.586059033870697 0.00926887989044189 0.00187051296234131
0.068278195252578 0.586059033870697 0.00926887989044189 0.00187051296234131
0.0750384229432996 0.586059033870697 0.0181970000267029 0.00504410266876221
0.0824679811320132 0.586059033870697 0.0181970000267029 0.00504410266876221
0.0907162527069789 0.586059033870697 0.0181970000267029 0.00504410266876221
0.0996980736423392 0.586059033870697 0.0181970000267029 0.00504410266876221
0.109569185139287 0.586059033870697 0.0181970000267029 0.00504410266876221
0.120417635902936 0.586059033870697 0.0181970000267029 0.00504410266876221
0.132340192345309 0.586059033870697 0.0181970000267029 0.00504410266876221
0.145443201725957 0.586059033870697 0.0181970000267029 0.00504410266876221
0.159843540752169 0.967256665229797 0.0398990362882614 0.0292825698852539
0.175669658100152 0.967256665229797 0.053898423910141 0.0292825698852539
0.193062720156276 0.967256665229797 0.0869474858045578 0.0301432460546494
0.212177870198225 1.85931992530823 0.0891445279121399 0.0326194167137146
0.233185612247737 1.9137766957283 0.0891445279121399 0.0575036332011223
0.25627333193868 1.9137766957283 0.104797899723053 0.0575036332011223
0.281646967966354 2.74790793657303 0.147740438580513 0.0575036332011223
0.309532849027073 2.74790793657303 0.160916566848755 0.0721650198101997
0.340179712633237 2.74790793657303 0.180262207984924 0.0943507552146912
0.373860923811385 2.74790793657303 0.210916608572006 0.0944595336914062
0.411253695994416 3.10663169622421 0.257263137027621 0.106709003448486
0.451971945990459 3.10663169622421 0.302623569965363 0.111559092998505
0.496721712052834 3.12219077348709 0.302623569965363 0.127757295966148
0.54590215479858 3.56563341617584 0.348027944564819 0.149389214813709
0.599951955758347 3.56563341617584 0.3847815990448 0.167425811290741
0.659353230344131 3.56563341617584 0.441960915923119 0.176534034311771
0.724635828240139 3.56563341617584 0.44836987182498 0.194867067039013
0.796382059575582 3.56563341617584 0.517907559871674 0.219389252364635
0.875231889036086 3.84656143188477 0.548307478427887 0.251799948513508
0.961888644244345 3.84656143188477 0.642202526330948 0.278357326984406
1.05712528932784 3.84656143188477 0.670655906200409 0.322905413806438
1.16179131963283 3.84656143188477 0.774320542812347 0.323835581541061
1.27682033908432 3.98659324645996 0.825922504067421 0.368595838546753
1.4032383877809 4.04104137420654 0.94879150390625 0.418197244405746
1.54217309410505 4.04104995727539 1.02669852972031 0.454933404922485
1.69486373298454 4.17070913314819 1.16103607416153 0.481050252914429
1.86438038854372 4.17070913314819 1.27806746959686 0.516592629253864
2.0489727885339 4.17070913314819 1.36548614501953 0.57901531457901
2.25184169172242 4.17070913314819 1.50851303339005 0.663720101118088
2.4747966556489 4.17070913314819 1.6910365074873 0.698966473340988
2.7198264022398 4.17070913314819 1.85071215033531 0.795446686446667
2.98911655688376 4.19232761859894 2.09034635126591 0.850514896214008
3.28506914385371 4.19232761859894 2.21835340559483 0.925114572048187
3.61032401197175 4.19232761859894 2.51784384250641 1.03980123996735
3.96778238163021 4.19232761859894 2.69283485412598 1.13655832409859
4.36063272320454 4.19232761859894 3.0016613714397 1.23466295003891
4.79237919768918 4.19232761859894 3.27458745241165 1.2875828742981
5.2668729132423 4.19232761859894 3.74207861348987 1.40093559026718
5.78834627644265 4.19232761859894 3.90487194061279 1.65173805505037
6.36145074466621 4.19232761859894 4.19455569982529 1.77862934023142
6.99129831632754 4.19232761859894 4.62265354394913 2.0391503572464
7.68350712907217 4.19232761859894 5.05213302373886 2.22218453884125
8.45199512379247 4.19232761859894 5.41928333044052 2.30374580621719
9.28882760400582 4.19232761859894 5.66085934638977 2.76167318224907
10.2085149119472 4.19232761859894 6.07163989543915 2.91441600769758
11.2192605084528 4.19232761859894 6.48426914215088 3.20987296104431
12.330080079446 4.19232761859894 6.5781717300415 3.48910456895828
13.5508819543863 4.19232761859894 6.63283467292786 3.84624421596527
14.8925554869521 4.19232761859894 6.63283467292786 4.33464705944061
16.3670681863003 4.19232761859894 6.74660181999207 4.60531265288591
17.9875724652967 4.19232761859894 6.74660181999207 4.87216866016388
19.7685229578944 4.19232761859894 6.74660181999207 5.07555347681046
21.7258054521118 4.19232761859894 6.74660181999207 5.38955384492874
23.8768785886714 4.19232761859894 6.82611846923828 5.69382393360138
26.2409295892292 4.19232761859894 6.82611846923828 5.94447863101959
28.8390454032626 4.19232761859894 6.82611846923828 6.44964635372162
31.6944008002223 4.19232761859894 6.82611846923828 6.6057550907135
34.8324650846968 4.19232761859894 6.82611846923828 7.25438594818115
38.3163339475004 4.19232761859894 6.82611846923828 9.72182083129883
42.1100361799719 4.19232761859894 6.82611846923828 12.5228918269277
46.2793530693252 4.19232761859894 6.82611846923828 13.3368956446648
50.8614742424258 4.19232761859894 6.82611846923828 13.9275916814804
55.8972714730444 4.19232761859894 6.82611846923828 14.6935284137726
61.4316632514152 4.19232761859894 6.82611846923828 15.7362470626831
67.5140154498445 4.19232761859894 6.82611846923828 18.1857042312622
74.1985816582434 4.19232761859894 6.82611846923828 22.0012989044189
81.5449871173038 4.19232761859894 6.82611846923828 24.7731065750122
89.6187605659235 4.19232761859894 6.82611846923828 27.6715521812439
98.4919187468734 4.19232761859894 6.82611846923828 31.0933937430382
108.243608784401 4.19232761859894 7.63956141471863 32.4588601589203
118.960814163673 4.19232761859894 7.63956141471863 34.2134685516357
130.739130609284 4.19232761859894 7.63956141471863 36.0377759933472
143.683618783529 4.19232761859894 7.63956141471863 37.0610017776489
157.909741410383 4.19232761859894 7.63956141471863 39.1851263046265
173.703536936922 4.19232761859894 7.63956141471863 39.1851263046265
190.901933233621 4.19232761859894 7.63956141471863 39.9939975738525
209.803143649102 4.19232761859894 7.63956141471863 44.9697761535645
230.575763898515 4.19232761859894 8.07928824424744 49.2419548034668
253.405082367608 4.19232761859894 8.07928824424744 49.2419548034668
278.494732854913 4.19232761859894 8.07928824424744 49.2419548034668
306.068510952025 4.19232761859894 8.07928824424744 49.2419548034668
336.372370263797 4.19232761859894 8.07928824424744 49.2419548034668
369.676616274388 4.19232761859894 8.07928824424744 49.2419548034668
370.015617281199 4.19232761859894 8.07928824424744 49.2419548034668
