0.0387145280838013 0.586059033870697 0.00751262903213501 0.00302910804748535
0.0387500300966981 0.586059033870697 0.00751262903213501 0.00302910804748535
0.0425866726076336 0.586059033870697 0.00751262903213501 0.00302910804748535
0.0468031812946723 0.586059033870697 0.00751262903213501 0.00302910804748535
0.0514371667278207 0.586059033870697 0.00751262903213501 0.00302910804748535
0.0565299633015929 0.586059033870697 0.00751262903213501 0.00302910804748535
0.0621269979310704 0.586059033870697 0.00751262903213501 0.00302910804748535
0.068278195252578 0.586059033870697 0.00751262903213501 0.00302910804748535
0.0750384229432996 0.586059033870697 0.0160141289234161 0.00565899908542633
0.0824679811320132 0.586059033870697 0.0160141289234161 0.00565899908542633
0.0907162527069789 0.586059033870697 0.0160141289234161 0.00565899908542633
0.0996980736423392 0.586059033870697 0.0160141289234161 0.00565899908542633
0.109569185139287 0.586059033870697 0.0160141289234161 0.00565899908542633
0.120417635902936 0.586059033870697 0.0160141289234161 0.00565899908542633
0.132340192345309 0.586059033870697 0.0160141289234161 0.00565899908542633
0.145443201725957 0.586059033870697 0.0160141289234161 0.00565899908542633
0.159843540752169 0.967256665229797 0.048185408115387 0.0233159065246582
0.175669658100152 0.967256665229797 0.0482488870620728 0.0321459323167801
0.193062720156276 0.967256665229797 0.0797791481018066 0.0345660448074341
0.212177870198225 1.85931992530823 0.0860375761985779 0.0415399670600891
0.233185612247737 1.9137766957283 0.0860375761985779 0.0550504922866821
0.25627333193868 1.9137766957283 0.0974353849887848 0.0614246726036072
0.281646967966354 2.74790793657303 0.140239179134369 0.0702952146530151
0.309532849027073 2.74790793657303 0.150674104690552 0.0792879164218903
0.340179712633237 2.74790793657303 0.178557813167572 0.0890254825353622
0.373860923811385 2.74790793657303 0.202461630105972 0.103583216667175
0.411253695994416 3.10663169622421 0.240040831267834 0.116623401641846
0.451971945990459 3.10663169622421 0.284798413515091 0.125335454940796
0.496721712052834 3.12219077348709 0.284798413515091 0.147221088409424
0.54590215479858 3.56563341617584 0.329864293336868 0.166325867176056
0.599951955758347 3.56563341617584 0.373727291822433 0.174437880516052
0.659353230344131 3.56563341617584 0.418977193534374 0.203562319278717
0.724635828240139 3.56563341617584 0.418977193534374 0.210717141628265
0.796382059575582 3.56563341617584 0.487255662679672 0.246386528015137
0.875231889036086 3.84656143188477 0.514914482831955 0.266957581043243
0.961888644244345 3.84656143188477 0.622062474489212 0.285272777080536
1.05712528932784 3.84656143188477 0.653089076280594 0.313379108905792
1.16179131963283 3.84656143188477 0.730886399745941 0.352310225367546
1.27682033908432 3.98659324645996 0.792403817176819 0.389703884720802
1.4032383877809 4.04104137420654 0.911267250776291 0.436516001820564
1.54217309410505 4.04104995727539 0.984239846467972 0.483036994934082
1.69486373298454 4.17070913314819 1.10154527425766 0.520823836326599
1.86438038854372 4.17070913314819 1.22575229406357 0.592391446232796
2.0489727885339 4.17070913314819 1.29372807592154 0.625269532203674
2.25184169172242 4.17070913314819 1.43512469530106 0.691299259662628
2.4747966556489 4.17070913314819 1.60306734591722 0.775389902293682
2.7198264022398 4.17070913314819 1.7576987221837 0.859250545501709
2.98911655688376 4.19232761859894 1.97685876488686 0.947823762893677
3.28506914385371 4.19232761859894 2.12904682010412 1.03257256746292
3.61032401197175 4.19232761859894 2.40308272838593 1.12217211723328
3.96778238163021 4.19232761859894 2.59281647205353 1.2359649091959
4.36063272320454 4.19232761859894 2.84506853669882 1.36634492874146
4.79237919768918 4.19232761859894 3.12409207224846 1.52678051590919
5.2668729132423 4.19232761859894 3.55230792611837 1.64970469474792
5.78834627644265 4.19232761859894 3.78727596998215 1.84109234809875
6.36145074466621 4.19232761859894 4.01349899172783 2.01570592820644
6.99129831632754 4.19232761859894 4.44460526108742 2.21840977668762
7.68350712907217 4.19232761859894 4.89860409498215 2.44263938069344
8.45199512379247 4.19232761859894 5.26773518323898 2.69498038291931
9.28882760400582 4.19232761859894 5.48072648048401 2.92949533462524
10.2085149119472 4.19232761859894 6.04497313499451 3.15600419044495
11.2192605084528 4.19232761859894 6.52415418624878 3.40553259849548
12.330080079446 4.19232761859894 6.59704256057739 3.5941846370697
13.5508819543863 4.19232761859894 6.61863708496094 3.79407167434692
14.8925554869521 4.19232761859894 6.63328814506531 4.09473323822021
16.3670681863003 4.19232761859894 6.63328814506531 4.55776184797287
17.9875724652967 4.19232761859894 6.63328814506531 5.06131507456303
19.7685229578944 4.19232761859894 6.63328814506531 5.35295009613037
21.7258054521118 4.19232761859894 6.63328814506531 5.76278528571129
23.8768785886714 4.19232761859894 6.63328814506531 6.34641754627228
26.2409295892292 4.19232761859894 6.63328814506531 6.99813640117645
28.8390454032626 4.19232761859894 6.63328814506531 7.6764931678772
31.6944008002223 4.19232761859894 6.63328814506531 8.40641236305237
34.8324650846968 4.19232761859894 6.63328814506531 9.20261347293854
38.3163339475004 4.19232761859894 6.63328814506531 10.1169017553329
42.1100361799719 4.19232761859894 6.63328814506531 11.1228214502335
46.2793530693252 4.19232761859894 6.63328814506531 12.2973285913467
50.8614742424258 4.19232761859894 6.63328814506531 13.486828327179
55.8972714730444 4.19232761859894 6.63328814506531 14.6422055363655
61.4316632514152 4.19232761859894 6.63328814506531 15.5118143558502
67.5140154498445 4.19232761859894 6.63328814506531 16.2172861099243
74.1985816582434 4.19232761859894 6.63328814506531 18.2452259063721
81.5449871173038 4.19232761859894 6.63328814506531 21.4693460464478
89.6187605659235 4.19232761859894 6.63328814506531 23.4912719726562
98.4919187468734 4.19232761859894 6.63328814506531 25.8797922134399
108.243608784401 4.19232761859894 7.52472400665283 29.0023529529572
118.960814163673 4.19232761859894 7.52472400665283 31.9475748836994
130.739130609284 4.19232761859894 7.52472400665283 33.7570402622223
143.683618783529 4.19232761859894 7.52472400665283 33.7570402622223
157.909741410383 4.19232761859894 7.52472400665283 33.7570402622223
173.703536936922 4.19232761859894 7.52472400665283 33.7570402622223
190.901933233621 4.19232761859894 7.52472400665283 33.7570402622223
209.803143649102 4.19232761859894 7.52472400665283 35.51606798172
230.575763898515 4.19232761859894 7.52472400665283 36.3227484226227
253.405082367608 4.19232761859894 7.52472400665283 36.3227484226227
278.494732854913 4.19232761859894 7.52472400665283 36.3227484226227
306.068510952025 4.19232761859894 7.52472400665283 36.3227484226227
336.372370263797 4.19232761859894 7.52472400665283 36.3227484226227
369.676616274388 4.19232761859894 7.52472400665283 36.3227484226227
370.015617281199 4.19232761859894 7.52472400665283 36.3227484226227
