0.0194894644874591 0.586059033870697 0.00882124900817871 0.0023655891418457
0.0195076157341004 0.586059033870697 0.00882124900817871 0.0023655891418457
0.0214706726399789 0.586059033870697 0.00882124900817871 0.0023655891418457
0.0236312725192399 0.586059033870697 0.00882124900817871 0.0023655891418457
0.0260092941773403 0.586059033870697 0.00882124900817871 0.0023655891418457
0.02862661682957 0.586059033870697 0.00882124900817871 0.0023655891418457
0.0315073214028609 0.586059033870697 0.0176201462745667 0.00299838930368423
0.0346779120946542 0.586059033870697 0.0176201462745667 0.00299838930368423
0.0381675602272991 0.586059033870697 0.0176201462745667 0.00299838930368423
0.0420083726415892 0.586059033870697 0.0176201462745667 0.00299838930368423
0.0462787480746938 0.586059033870697 0.0176201462745667 0.00299838930368423
0.0509357916233132 0.586059033870697 0.0176201462745667 0.00299838930368423
0.056061474785492 0.586059033870697 0.0176201462745667 0.00299838930368423
0.0617029568985016 0.586059033870697 0.0176201462745667 0.00299838930368423
0.0679121429571029 0.586059033870697 0.0288054347038269 0.0133719444274902
0.0747461611704054 0.768446087837219 0.0438861399888992 0.0164760947227478
0.0822678885754094 0.967256665229797 0.0438861399888992 0.0218434780836105
0.0905465295431877 1.00701880455017 0.0469940900802612 0.0259542465209961
0.0996582525003081 1.9137766957283 0.0517605245113373 0.0301932170987129
0.109686890723714 1.9137766957283 0.0952414274215698 0.039936937391758
0.120724713656792 1.9137766957283 0.0955017805099487 0.039936937391758
0.132873275843195 2.74790793657303 0.0955017805099487 0.0505926907062531
0.146244351289115 2.74790793657303 0.122041702270508 0.0546483546495438
0.160960961850701 2.74790793657303 0.128425106406212 0.0579185485839844
0.177158509108387 2.74790793657303 0.164319634437561 0.0665834844112396
0.194986020142061 2.80583125352859 0.204742074012756 0.074499323964119
0.214807390451206 2.80583125352859 0.215155187994242 0.0829449445009232
0.23642351909587 3.39448344707489 0.244353357702494 0.0890844315290451
0.260214884898814 3.51117664575577 0.278487607836723 0.103734627366066
0.286400382592417 3.51117664575577 0.287994038313627 0.116698540747166
0.315220934348083 3.56563341617584 0.329386442899704 0.130512222647667
0.346941706403675 3.56563341617584 0.365317210555077 0.144748255610466
0.381854548750803 3.56563341617584 0.414821445941925 0.158586159348488
0.420280680328535 3.62527656555176 0.443906798958778 0.177273616194725
0.462573644428912 3.84656143188477 0.487916666548699 0.18747889995575
0.509122561505755 3.84656143188477 0.538888078182936 0.210586652159691
0.560355709314554 3.93300080299377 0.606746673583984 0.233399301767349
0.616744463322841 3.98659324645996 0.666807189583778 0.257527112960815
0.678807633645181 3.98659324645996 0.745175313204527 0.27650785446167
0.74711623840516 4.04104995727539 0.829067021608353 0.311576664447784
0.822298757442146 4.06265139579773 0.912318408489227 0.342915639281273
0.90504691470005 4.17070913314819 1.00256218016148 0.369972869753838
0.997049767162749 4.17070913314819 1.10947751998901 0.401162385940552
1.0973831681079 4.17070913314819 1.22440083324909 0.446229413151741
1.207813147656 4.17070913314819 1.34740127623081 0.501999318599701
1.32935572737641 4.17070913314819 1.48512238264084 0.540732800960541
1.46312917137724 4.17070913314819 1.6389953494072 0.598614558577538
1.61036427500108 4.19232761859894 1.76945042610168 0.656408697366714
1.77241568887504 4.19232761859894 1.93299692869186 0.737028270959854
1.95077438250316 4.19232761859894 2.15680146217346 0.811631917953491
2.14708136207369 4.19232761859894 2.35196709632874 0.915603592991829
2.36314276869316 4.19232761859894 2.58662724494934 0.955707848072052
2.60094649596008 4.19232761859894 2.78112363815308 1.05841185152531
2.86268047976978 4.19232761859894 3.05140900611877 1.18730622529984
3.15075282862747 4.19232761859894 3.25539577007294 1.34452272951603
3.46781397968047 4.19232761859894 3.55645942687988 1.39525920152664
3.81678108431816 4.19232761859894 3.83561205863953 1.52478349208832
4.2008648477019 4.19232761859894 4.26241612434387 1.67327052354813
4.62790519502682 4.19232761859894 4.39466845989227 1.86220450699329
5.09361260779729 4.19232761859894 4.79613363742828 2.02150464057922
5.6061842896419 4.19232761859894 5.17211675643921 2.26305651664734
6.17033620525356 4.19232761859894 5.52549302577972 2.45923638343811
6.79125888819023 4.19232761859894 6.00148451328278 2.60111176967621
7.47466519687438 4.19232761859894 6.63382172584534 2.94039708375931
8.22684287629239 4.19232761859894 6.64487218856812 2.94039708375931
9.05471240899251 4.19232761859894 6.73267817497253 3.49153423309326
9.96589068764523 4.19232761859894 6.73267817497253 3.80043721199036
10.9687610949915 4.19232761859894 6.73267817497253 4.26539540290833
12.072550635956 4.19232761859894 6.73267817497253 4.72609198093414
13.2874148315868 4.19232761859894 6.73267817497253 5.13428699970245
14.6245311558961 4.19232761859894 6.73267817497253 5.28296661376953
16.0962018752773 4.19232761859894 6.73267817497253 5.74366319179535
17.7159672366814 4.19232761859894 6.73267817497253 5.79667830467224
19.4987300459514 4.19232761859894 6.73267817497253 7.02613520622253
21.4808800919766 4.19232761859894 6.73267817497253 7.48683178424835
23.6425071500281 4.19232761859894 6.73267817497253 8.10731852054596
26.0216593522121 4.19232761859894 6.73267817497253 8.65708374977112
28.6402263154973 4.19232761859894 6.73267817497253 9.37737572193146
31.5223004152183 4.19232761859894 6.73267817497253 9.92714095115662
34.6943984492749 4.19232761859894 6.73267817497253 10.8249422311783
38.1857056084627 4.19232761859894 6.73267817497253 12.2017117738724
42.0283439976073 4.19232761859894 6.73267817497253 13.7714405059814
46.2576681780564 4.19232761859894 6.73267817497253 15.343074798584
50.9125904506965 4.19232761859894 6.73267817497253 17.8658337593079
56.0359388722924 4.19232761859894 6.73267817497253 17.8658337593079
61.674851299112 4.19232761859894 6.73267817497253 17.8658337593079
67.8812090832727 4.19232761859894 6.73267817497253 18.9906873703003
74.7121144120754 4.19232761859894 6.73267817497253 21.4125516414642
82.2304156821292 4.19232761859894 6.76656413078308 25.9088110923767
90.5052857420251 4.19232761859894 7.14310431480408 31.2823271751404
99.7056313992196 4.19232761859894 7.58580613136292 31.2823271751404
109.739037374665 4.19232761859894 7.58580613136292 35.1324443817139
120.782107840023 4.19232761859894 7.58580613136292 40.5059604644775
132.936445619368 4.19232761859894 7.99623227119446 43.9532318115234
146.313877857786 4.19232761859894 7.99623227119446 43.9532318115234
161.037484897703 4.19232761859894 7.99623227119446 43.9532318115234
177.242732691319 4.19232761859894 7.99623227119446 43.9532318115234
195.078719168039 4.19232761859894 7.99623227119446 43.9532318115234
214.709546024206 4.19232761859894 7.99623227119446 43.9532318115234
214.909512828253 4.19232761859894 7.99623227119446 43.9532318115234
