0.0194894644874591 0.586059033870697 0.0091937780380249 0.00356400012969971
0.0195076157341004 0.586059033870697 0.0091937780380249 0.00356400012969971
0.0214706726399789 0.586059033870697 0.0091937780380249 0.00356400012969971
0.0236312725192399 0.586059033870697 0.0091937780380249 0.00356400012969971
0.0260092941773403 0.586059033870697 0.0091937780380249 0.00356400012969971
0.02862661682957 0.586059033870697 0.0091937780380249 0.00356400012969971
0.0315073214028609 0.586059033870697 0.0180314183235168 0.00441652536392212
0.0346779120946542 0.586059033870697 0.0180314183235168 0.00441652536392212
0.0381675602272991 0.586059033870697 0.0180314183235168 0.00441652536392212
0.0420083726415892 0.586059033870697 0.0180314183235168 0.00441652536392212
0.0462787480746938 0.586059033870697 0.0320956707000732 0.00441652536392212
0.0509357916233132 0.586059033870697 0.0320956707000732 0.00441652536392212
0.056061474785492 0.586059033870697 0.0320956707000732 0.00441652536392212
0.0617029568985016 0.586059033870697 0.0320956707000732 0.00441652536392212
0.0679121429571029 0.651752918958664 0.0320956707000732 0.0277789831161499
0.0747461611704054 0.768446087837219 0.043752983212471 0.0351838171482086
0.0822678885754094 0.967256665229797 0.043752983212471 0.0351838171482086
0.0905465295431877 1.00701880455017 0.047429084777832 0.0351838171482086
0.0996582525003081 1.9137766957283 0.0653660893440247 0.0468703657388687
0.109686890723714 2.30101633071899 0.0972172617912292 0.0717308968305588
0.120724713656792 2.30101633071899 0.0972172617912292 0.0717308968305588
0.132873275843195 2.74790793657303 0.104551553726196 0.0856317281723022
0.146244351289115 2.74790793657303 0.137639530003071 0.0867367386817932
0.160960961850701 2.74790793657303 0.164542302489281 0.104782372713089
0.177158509108387 2.74790793657303 0.174044251441956 0.120473921298981
0.194986020142061 2.80583125352859 0.206575989723206 0.131505258381367
0.214807390451206 3.0089550614357 0.224366523325443 0.146256804466248
0.23642351909587 3.39448344707489 0.248441703617573 0.168404102325439
0.260214884898814 3.51117664575577 0.281066946685314 0.184298649430275
0.286400382592417 3.51117664575577 0.29232681542635 0.210728399455547
0.315220934348083 3.7056565284729 0.342462122440338 0.222153313457966
0.346941706403675 3.7056565284729 0.36966448277235 0.247652530670166
0.381854548750803 3.7056565284729 0.425042688846588 0.280942380428314
0.420280680328535 3.70566511154175 0.456234507262707 0.304727911949158
0.462573644428912 3.84656143188477 0.49385129660368 0.337125957012177
0.509122561505755 3.93300080299377 0.560753859579563 0.376959323883057
0.560355709314554 3.93300080299377 0.621221706271172 0.415397316217422
0.616744463322841 4.19232761859894 0.67407912760973 0.436042010784149
0.678807633645181 4.19232761859894 0.754529759287834 0.499170005321503
0.74711623840516 4.19232761859894 0.842508926987648 0.539790272712708
0.822298757442146 4.19232761859894 0.927342228591442 0.601112544536591
0.90504691470005 4.19232761859894 1.01563788950443 0.665665335953236
0.997049767162749 4.19232761859894 1.12302643060684 0.744366057217121
1.0973831681079 4.19232761859894 1.25255733728409 0.805429339408875
1.207813147656 4.19232761859894 1.36489797383547 0.897201120853424
1.32935572737641 4.19232761859894 1.49966877698898 0.986819572746754
1.46312917137724 4.19232761859894 1.65914624929428 1.05650874972343
1.61036427500108 4.19232761859894 1.81066684424877 1.16969060897827
1.77241568887504 4.19232761859894 1.95966097712517 1.271399974823
1.95077438250316 4.19232761859894 2.1788654923439 1.41117358207703
2.14708136207369 4.19232761859894 2.37553238868713 1.5420755520463
2.36314276869316 4.19232761859894 2.61155438423157 1.76606947183609
2.60094649596008 4.19232761859894 2.81077814102173 1.90385138988495
2.86268047976978 4.19232761859894 3.0781192779541 2.0580495595932
3.15075282862747 4.19232761859894 3.3322194814682 2.23703187704086
3.46781397968047 4.19232761859894 3.58359098434448 2.50882643461227
3.81678108431816 4.19232761859894 3.86596250534058 2.71128606796265
4.2008648477019 4.19232761859894 4.28653812408447 2.96467435359955
4.62790519502682 4.19232761859894 4.58468234539032 3.28007924556732
5.09361260779729 4.19232761859894 4.8536856174469 3.53519010543823
5.6061842896419 4.19232761859894 5.19803309440613 3.91020154953003
6.17033620525356 4.19232761859894 5.55502593517303 4.23662829399109
6.79125888819023 4.19232761859894 6.17468512058258 4.66492164134979
7.47466519687438 4.19232761859894 6.67652297019958 5.07547891139984
8.22684287629239 4.19232761859894 6.68568205833435 5.65667915344238
9.05471240899251 4.19232761859894 6.792475938797 5.89726638793945
9.96589068764523 4.19232761859894 6.792475938797 6.1288480758667
10.9687610949915 4.19232761859894 6.792475938797 6.61519145965576
12.072550635956 4.19232761859894 6.792475938797 7.07643222808838
13.2874148315868 4.19232761859894 6.792475938797 8.1841881275177
14.6245311558961 4.19232761859894 6.792475938797 8.64650917053223
16.0962018752773 4.19232761859894 6.792475938797 9.93066573143005
17.7159672366814 4.19232761859894 6.792475938797 10.2344553470612
19.4987300459514 4.19232761859894 6.792475938797 10.8916635513306
21.4808800919766 4.19232761859894 6.792475938797 11.3677415847778
23.6425071500281 4.19232761859894 6.792475938797 11.3677415847778
26.0216593522121 4.19232761859894 6.95251727104187 13.1592621803284
28.6402263154973 4.19232761859894 6.95251727104187 13.1592621803284
31.5223004152183 4.19232761859894 6.95251727104187 13.3592562675476
34.6943984492749 4.19232761859894 6.95251727104187 15.3389387130737
38.1857056084627 4.19232761859894 6.95251727104187 17.4509477615356
42.0283439976073 4.19232761859894 6.95251727104187 19.2424683570862
46.2576681780564 4.19232761859894 6.95251727104187 19.2424683570862
50.9125904506965 4.19232761859894 6.95251727104187 21.7554979324341
56.0359388722924 4.19232761859894 6.95251727104187 21.7554979324341
61.674851299112 4.19232761859894 7.46143412590027 21.7554979324341
67.8812090832727 4.19232761859894 7.46143412590027 21.7554979324341
74.7121144120754 4.19232761859894 7.46143412590027 25.3750672340393
82.2304156821292 4.19232761859894 7.46143412590027 34.0913395881653
90.5052857420251 4.19232761859894 7.46143412590027 36.6043691635132
99.7056313992196 4.19232761859894 7.63843989372253 37.7988896369934
109.739037374665 4.19232761859894 7.63843989372253 40.3119192123413
120.782107840023 4.19232761859894 7.63843989372253 45.4964408874512
132.936445619368 4.19232761859894 8.14735674858093 49.2039909362793
146.313877857786 4.19232761859894 8.14735674858093 49.2039909362793
161.037484897703 4.19232761859894 8.14735674858093 54.2540588378906
177.242732691319 4.19232761859894 8.14735674858093 54.2540588378906
195.078719168039 4.19232761859894 8.14735674858093 73.4965271949768
214.709546024206 4.19232761859894 8.33279848098755 84.9016284942627
214.909512828253 4.19232761859894 8.33279848098755 84.9016284942627
