0.0387145280838013 0.586059033870697 0.00926887989044189 0.00187051296234131
0.0387500300966981 0.586059033870697 0.00926887989044189 0.00187051296234131
0.0425866726076336 0.586059033870697 0.00926887989044189 0.00187051296234131
0.0468031812946723 0.586059033870697 0.00926887989044189 0.00187051296234131
0.0514371667278207 0.586059033870697 0.00926887989044189 0.00187051296234131
0.0565299633015929 0.586059033870697 0.00926887989044189 0.00187051296234131
0.0621269979310704 0.586059033870697 0.00926887989044189 0.00187051296234131
0.068278195252578 0.586059033870697 0.00926887989044189 0.00187051296234131
0.0750384229432996 0.586059033870697 0.0181970000267029 0.00504410266876221
0.0824679811320132 0.586059033870697 0.0181970000267029 0.00504410266876221
0.0907162527069789 0.586059033870697 0.0318412482738495 0.00776335597038269
0.0996980736423392 0.586059033870697 0.0318412482738495 0.00776335597038269
0.109569185139287 0.586059033870697 0.0318412482738495 0.00776335597038269
0.120417635902936 0.586059033870697 0.0318412482738495 0.00776335597038269
0.132340192345309 0.586059033870697 0.0318412482738495 0.00776335597038269
0.145443201725957 0.99837489426136 0.0609924793243408 0.0282698273658752
0.159843540752169 0.99837489426136 0.0609924793243408 0.0292825698852539
0.175669658100152 0.99837489426136 0.0609924793243408 0.0292825698852539
0.193062720156276 0.99837489426136 0.0869474858045578 0.0301432460546494
0.212177870198225 2.30101633071899 0.111008524894714 0.039572685956955
0.233185612247737 2.30101633071899 0.111008524894714 0.0595056414604187
0.25627333193868 2.30101633071899 0.126204609870911 0.0595056414604187
0.281646967966354 2.74790793657303 0.147740438580513 0.0595056414604187
0.309532849027073 2.74790793657303 0.160916566848755 0.0721650198101997
0.340179712633237 2.74790793657303 0.188205122947693 0.0943507552146912
0.373860923811385 2.74790793657303 0.210916608572006 0.0944595336914062
0.411253695994416 3.10663169622421 0.257263137027621 0.106792271137238
0.451971945990459 3.13343650102615 0.302623569965363 0.111559092998505
0.496721712052834 3.13343650102615 0.309899508953094 0.127757295966148
0.54590215479858 3.56563341617584 0.348027944564819 0.152237296104431
0.599951955758347 3.7056565284729 0.3847815990448 0.167425811290741
0.659353230344131 3.7056565284729 0.441960915923119 0.176534034311771
0.724635828240139 3.7056565284729 0.481374189257622 0.194867067039013
0.796382059575582 3.7056565284729 0.517907559871674 0.219389252364635
0.875231889036086 3.84656143188477 0.59196075797081 0.251799948513508
0.961888644244345 3.84656143188477 0.642202526330948 0.278357326984406
1.05712528932784 3.93300080299377 0.70541875064373 0.322905413806438
1.16179131963283 3.93300080299377 0.781505852937698 0.323835581541061
1.27682033908432 4.04104995727539 0.843139722943306 0.368595838546753
1.4032383877809 4.04104995727539 0.94879150390625 0.418197244405746
1.54217309410505 4.19232761859894 1.02669852972031 0.454933404922485
1.69486373298454 4.19232761859894 1.16103607416153 0.481050252914429
1.86438038854372 4.19232761859894 1.27806746959686 0.537997804582119
2.0489727885339 4.19232761859894 1.38812494277954 0.581915467977524
2.25184169172242 4.19232761859894 1.55704414844513 0.663720101118088
2.4747966556489 4.19232761859894 1.6910365074873 0.706001996994019
2.7198264022398 4.19232761859894 1.87601757049561 0.795446686446667
2.98911655688376 4.19232761859894 2.09034635126591 0.850514896214008
3.28506914385371 4.19232761859894 2.21835340559483 0.925114572048187
3.61032401197175 4.19232761859894 2.51784384250641 1.06341832876205
3.96778238163021 4.19232761859894 2.69283485412598 1.13655832409859
4.36063272320454 4.19232761859894 3.0016613714397 1.23466295003891
4.79237919768918 4.19232761859894 3.34166300296783 1.3049800619483
5.2668729132423 4.19232761859894 3.74207861348987 1.42173987627029
5.78834627644265 4.19232761859894 3.90487194061279 1.65173805505037
6.36145074466621 4.19232761859894 4.19455569982529 1.77862934023142
6.99129831632754 4.19232761859894 4.62265354394913 2.0391503572464
7.68350712907217 4.19232761859894 5.05213302373886 2.22218453884125
8.45199512379247 4.19232761859894 5.55524682998657 2.32285493612289
9.28882760400582 4.19232761859894 5.77829658985138 2.76167318224907
10.2085149119472 4.19232761859894 6.07163989543915 2.98306588083506
11.2192605084528 4.19232761859894 6.48426914215088 3.20987296104431
12.330080079446 4.19232761859894 6.5781717300415 3.48910456895828
13.5508819543863 4.19232761859894 6.63283467292786 3.84624421596527
14.8925554869521 4.19232761859894 6.66562533378601 4.33464705944061
16.3670681863003 4.19232761859894 6.75569605827332 4.60531265288591
17.9875724652967 4.19232761859894 6.75569605827332 4.87216866016388
19.7685229578944 4.19232761859894 6.75569605827332 5.07555347681046
21.7258054521118 4.19232761859894 6.75569605827332 5.38955384492874
23.8768785886714 4.19232761859894 6.82611846923828 5.80394387245178
26.2409295892292 4.19232761859894 6.82611846923828 5.94447863101959
28.8390454032626 4.19232761859894 6.82611846923828 6.4578971862793
31.6944008002223 4.19232761859894 6.82611846923828 6.84736347198486
34.8324650846968 4.19232761859894 6.82611846923828 7.25438594818115
38.3163339475004 4.19232761859894 6.82611846923828 9.72182083129883
42.1100361799719 4.19232761859894 6.82611846923828 12.5228918269277
46.2793530693252 4.19232761859894 6.98403310775757 13.3368956446648
50.8614742424258 4.19232761859894 6.98403310775757 13.9275916814804
55.8972714730444 4.19232761859894 6.98403310775757 14.8576493263245
61.4316632514152 4.19232761859894 6.98403310775757 16.1797180175781
67.5140154498445 4.19232761859894 6.98403310775757 18.1857042312622
74.1985816582434 4.19232761859894 6.98403310775757 22.0012989044189
81.5449871173038 4.19232761859894 6.98403310775757 24.7731065750122
89.6187605659235 4.19232761859894 7.41466569900513 27.6715521812439
98.4919187468734 4.19232761859894 7.41466569900513 31.1383469998837
108.243608784401 4.19232761859894 7.64865565299988 32.4743220806122
118.960814163673 4.19232761859894 7.64865565299988 34.3654222488403
130.739130609284 4.19232761859894 7.64865565299988 38.3639793395996
143.683618783529 4.19232761859894 7.64865565299988 38.3639793395996
157.909741410383 4.19232761859894 7.64865565299988 39.1851263046265
173.703536936922 4.19232761859894 7.64865565299988 52.2775049209595
190.901933233621 4.19232761859894 7.64865565299988 52.2775049209595
209.803143649102 4.19232761859894 7.9748809337616 66.1364721059799
230.575763898515 4.19232761859894 8.07928824424744 68.4964246749878
253.405082367608 4.19232761859894 8.07928824424744 71.1528024673462
278.494732854913 4.19232761859894 8.07928824424744 73.2769269943237
306.068510952025 4.19232761859894 8.07928824424744 73.2769269943237
336.372370263797 4.19232761859894 8.40551352500916 83.3337554931641
369.676616274388 4.19232761859894 8.40551352500916 83.3337554931641
370.015617281199 4.19232761859894 8.40551352500916 83.3337554931641
