0.0194894644874591 0.586059033870697 0.00627708435058594 0.00565987825393677
0.0195076157341004 0.586059033870697 0.00627708435058594 0.00565987825393677
0.0214706726399789 0.586059033870697 0.00627708435058594 0.00565987825393677
0.0236312725192399 0.586059033870697 0.00627708435058594 0.00565987825393677
0.0260092941773403 0.586059033870697 0.00627708435058594 0.00565987825393677
0.02862661682957 0.586059033870697 0.00627708435058594 0.00565987825393677
0.0315073214028609 0.586059033870697 0.0145595073699951 0.00565987825393677
0.0346779120946542 0.586059033870697 0.0145595073699951 0.00565987825393677
0.0381675602272991 0.586059033870697 0.0145595073699951 0.00565987825393677
0.0420083726415892 0.586059033870697 0.0145595073699951 0.00565987825393677
0.0462787480746938 0.586059033870697 0.028588205575943 0.00565987825393677
0.0509357916233132 0.586059033870697 0.028588205575943 0.00565987825393677
0.056061474785492 0.586059033870697 0.028588205575943 0.00565987825393677
0.0617029568985016 0.586059033870697 0.028588205575943 0.00565987825393677
0.0679121429571029 0.651752918958664 0.028588205575943 0.0166980028152466
0.0747461611704054 0.768446087837219 0.0509089231491089 0.0340663194656372
0.0822678885754094 0.967256665229797 0.0509089231491089 0.0340663194656372
0.0905465295431877 1.00701880455017 0.0509089231491089 0.0340663194656372
0.0996582525003081 1.9137766957283 0.0679686665534973 0.0408160537481308
0.109686890723714 2.30101633071899 0.0913712978363037 0.055717945098877
0.120724713656792 2.30101633071899 0.0950968861579895 0.0574541091918945
0.132873275843195 2.74790793657303 0.0992686152458191 0.0774910449981689
0.146244351289115 2.74790793657303 0.132617708761245 0.083697110414505
0.160960961850701 2.74790793657303 0.1567143201828 0.102033853530884
0.177158509108387 2.74790793657303 0.164341628551483 0.109561443328857
0.194986020142061 2.80583125352859 0.208930253982544 0.122817933559418
0.214807390451206 3.0089550614357 0.21994212269783 0.137404680252075
0.23642351909587 3.39448344707489 0.231027990579605 0.14930784702301
0.260214884898814 3.51117664575577 0.276983052492142 0.16772848367691
0.286400382592417 3.51117664575577 0.282653119415045 0.185417890548706
0.315220934348083 3.7056565284729 0.331713140010834 0.206645518541336
0.346941706403675 3.7056565284729 0.355779379606247 0.233921408653259
0.381854548750803 3.7056565284729 0.407358348369598 0.262296319007874
0.420280680328535 3.70566511154175 0.447456981986761 0.283292412757874
0.462573644428912 3.84656143188477 0.494355112314224 0.31342351436615
0.509122561505755 3.93300080299377 0.541264120489359 0.347013473510742
0.560355709314554 3.93300080299377 0.60585206374526 0.384997725486755
0.616744463322841 4.19232761859894 0.671099692583084 0.421358674764633
0.678807633645181 4.19232761859894 0.741421669721603 0.464640617370605
0.74711623840516 4.19232761859894 0.819377746898681 0.512835115194321
0.822298757442146 4.19232761859894 0.90667250752449 0.566992282867432
0.90504691470005 4.19232761859894 0.998665481805801 0.62422513961792
0.997049767162749 4.19232761859894 1.09861528873444 0.683082610368729
1.0973831681079 4.19232761859894 1.21049463748932 0.750581294298172
1.207813147656 4.19232761859894 1.32137742638588 0.833488047122955
1.32935572737641 4.19232761859894 1.48418760299683 0.923168301582336
1.46312917137724 4.19232761859894 1.61569267511368 1.01978024840355
1.61036427500108 4.19232761859894 1.74728095531464 1.11555349826813
1.77241568887504 4.19232761859894 1.94876635074615 1.24417489767075
1.95077438250316 4.19232761859894 2.14921599626541 1.3396332859993
2.14708136207369 4.19232761859894 2.34807759523392 1.46203580498695
2.36314276869316 4.19232761859894 2.59038531780243 1.592145383358
2.60094649596008 4.19232761859894 2.7460190653801 1.75436723232269
2.86268047976978 4.19232761859894 3.02772057056427 1.90725427865982
3.15075282862747 4.19232761859894 3.28312993049622 2.05744963884354
3.46781397968047 4.19232761859894 3.55808627605438 2.27493703365326
3.81678108431816 4.19232761859894 3.85391294956207 2.46863371133804
4.2008648477019 4.19232761859894 4.29588150978088 2.70608985424042
4.62790519502682 4.19232761859894 4.44479370117188 2.96540689468384
5.09361260779729 4.19232761859894 4.79555177688599 3.24946451187134
5.6061842896419 4.19232761859894 5.18619728088379 3.52329111099243
6.17033620525356 4.19232761859894 5.56131815910339 3.78059244155884
6.79125888819023 4.19232761859894 6.09810519218445 4.0805811882019
7.47466519687438 4.19232761859894 6.58196878433228 4.41644310951233
8.22684287629239 4.19232761859894 6.60256695747375 4.59923434257507
9.05471240899251 4.19232761859894 6.60256695747375 4.88408541679382
9.96589068764523 4.19232761859894 6.60256695747375 5.26531434059143
10.9687610949915 4.19232761859894 6.60256695747375 5.45467042922974
12.072550635956 4.19232761859894 6.60256695747375 5.90759968757629
13.2874148315868 4.19232761859894 6.60256695747375 5.91192317008972
14.6245311558961 4.19232761859894 6.60256695747375 6.20976877212524
16.0962018752773 4.19232761859894 6.60256695747375 6.76775765419006
17.7159672366814 4.19232761859894 6.60256695747375 6.76775765419006
19.4987300459514 4.19232761859894 6.60256695747375 6.76775765419006
21.4808800919766 4.19232761859894 6.60256695747375 7.08209303021431
23.6425071500281 4.19232761859894 6.60256695747375 8.10167217254639
26.0216593522121 4.19232761859894 6.60256695747375 9.43306851387024
28.6402263154973 4.19232761859894 6.60256695747375 9.43306851387024
31.5223004152183 4.19232761859894 6.60256695747375 9.94155764579773
34.6943984492749 4.19232761859894 6.60256695747375 9.94457077980042
38.1857056084627 4.19232761859894 6.60256695747375 9.94457077980042
42.0283439976073 4.19232761859894 6.60256695747375 9.94457077980042
46.2576681780564 4.19232761859894 6.60256695747375 9.94457077980042
50.9125904506965 4.19232761859894 6.60256695747375 9.94457077980042
56.0359388722924 4.19232761859894 6.60256695747375 9.94457077980042
61.674851299112 4.19232761859894 6.60256695747375 9.94457077980042
67.8812090832727 4.19232761859894 6.60256695747375 9.94457077980042
74.7121144120754 4.19232761859894 6.60256695747375 9.94457077980042
82.2304156821292 4.19232761859894 6.60256695747375 9.94457077980042
90.5052857420251 4.19232761859894 6.60256695747375 9.94457077980042
99.7056313992196 4.19232761859894 7.5018846988678 9.94457077980042
109.739037374665 4.19232761859894 7.5018846988678 9.94457077980042
120.782107840023 4.19232761859894 7.5018846988678 9.94457077980042
132.936445619368 4.19232761859894 7.5018846988678 9.94457077980042
146.313877857786 4.19232761859894 7.5018846988678 9.94457077980042
161.037484897703 4.19232761859894 7.5018846988678 9.94457077980042
177.242732691319 4.19232761859894 7.5018846988678 9.94457077980042
195.078719168039 4.19232761859894 7.60951447486877 14.5788424015045
214.709546024206 4.19232761859894 7.60951447486877 14.5788424015045
214.909512828253 4.19232761859894 7.60951447486877 14.5788424015045
