0.0387145280838013 0.586059033870697 0.00616973638534546 0.00473743677139282
0.0387500300966981 0.586059033870697 0.00616973638534546 0.00473743677139282
0.0425866726076336 0.586059033870697 0.00616973638534546 0.00473743677139282
0.0468031812946723 0.586059033870697 0.00616973638534546 0.00473743677139282
0.0514371667278207 0.586059033870697 0.00616973638534546 0.00473743677139282
0.0565299633015929 0.586059033870697 0.00616973638534546 0.00473743677139282
0.0621269979310704 0.586059033870697 0.00616973638534546 0.00473743677139282
0.068278195252578 0.586059033870697 0.00616973638534546 0.00473743677139282
0.0750384229432996 0.586059033870697 0.0143293738365173 0.00473743677139282
0.0824679811320132 0.586059033870697 0.0143293738365173 0.00473743677139282
0.0907162527069789 0.586059033870697 0.0143293738365173 0.00473743677139282
0.0996980736423392 0.586059033870697 0.0143293738365173 0.00473743677139282
0.109569185139287 0.586059033870697 0.0143293738365173 0.00473743677139282
0.120417635902936 0.586059033870697 0.0143293738365173 0.00473743677139282
0.132340192345309 0.586059033870697 0.0143293738365173 0.00473743677139282
0.145443201725957 0.586059033870697 0.0143293738365173 0.00473743677139282
0.159843540752169 0.967256665229797 0.0564095228910446 0.0392197370529175
0.175669658100152 0.967256665229797 0.0564095228910446 0.0392197370529175
0.193062720156276 0.967256665229797 0.0739415138959885 0.0410079658031464
0.212177870198225 1.85931992530823 0.0835995078086853 0.0419372320175171
0.233185612247737 1.9137766957283 0.0835995078086853 0.0527651309967041
0.25627333193868 1.9137766957283 0.111787497997284 0.0589951276779175
0.281646967966354 2.74790793657303 0.140058472752571 0.0731735527515411
0.309532849027073 2.74790793657303 0.142524480819702 0.0792804658412933
0.340179712633237 2.74790793657303 0.188587427139282 0.0971673130989075
0.373860923811385 2.74790793657303 0.196618370711803 0.0971673130989075
0.411253695994416 3.10663169622421 0.226172216236591 0.110716044902802
0.451971945990459 3.10663169622421 0.27035528421402 0.121816575527191
0.496721712052834 3.12219077348709 0.282828561961651 0.134691163897514
0.54590215479858 3.56563341617584 0.321546673774719 0.151334822177887
0.599951955758347 3.56563341617584 0.366833090782166 0.181820392608643
0.659353230344131 3.56563341617584 0.400202967226505 0.189215362071991
0.724635828240139 3.56563341617584 0.413881249725819 0.202296912670135
0.796382059575582 3.56563341617584 0.469117403030396 0.227016985416412
0.875231889036086 3.84656143188477 0.524799518287182 0.24995231628418
0.961888644244345 3.84656143188477 0.6087646484375 0.269455879926682
1.05712528932784 3.84656143188477 0.666934594511986 0.301419422030449
1.16179131963283 3.84656143188477 0.724555477499962 0.330157816410065
1.27682033908432 3.98659324645996 0.774247774388641 0.37662261724472
1.4032383877809 4.04104137420654 0.883582830429077 0.413641780614853
1.54217309410505 4.04104995727539 0.970938488841057 0.444481015205383
1.69486373298454 4.17070913314819 1.08831918239594 0.49877955019474
1.86438038854372 4.17070913314819 1.18978367745876 0.548678904771805
2.0489727885339 4.17070913314819 1.31533217430115 0.603028148412704
2.25184169172242 4.17070913314819 1.48330545425415 0.661128669977188
2.4747966556489 4.17070913314819 1.58721674233675 0.742177903652191
2.7198264022398 4.17070913314819 1.77776978909969 0.815175592899323
2.98911655688376 4.19232761859894 1.96536159515381 0.845417767763138
3.28506914385371 4.19232761859894 2.10582596063614 0.948283612728119
3.61032401197175 4.19232761859894 2.31806629896164 1.04156044125557
3.96778238163021 4.19232761859894 2.53030347824097 1.14843660593033
4.36063272320454 4.19232761859894 2.7393429428339 1.24687364697456
4.79237919768918 4.19232761859894 3.02676844596863 1.36975157260895
5.2668729132423 4.19232761859894 3.40050292760134 1.48186677694321
5.78834627644265 4.19232761859894 3.70705527067184 1.60654783248901
6.36145074466621 4.19232761859894 3.94238007068634 1.77392905950546
6.99129831632754 4.19232761859894 4.31109656393528 1.95893314480782
7.68350712907217 4.19232761859894 4.78874093294144 2.04971188306808
8.45199512379247 4.19232761859894 5.16430568695068 2.23822912573814
9.28882760400582 4.19232761859894 5.41298449039459 2.42123919725418
10.2085149119472 4.19232761859894 6.06838345527649 2.56460183858871
11.2192605084528 4.19232761859894 6.61363816261292 2.83038312196732
12.330080079446 4.19232761859894 6.66277241706848 3.08816176652908
13.5508819543863 4.19232761859894 6.70382952690125 3.7218005657196
14.8925554869521 4.19232761859894 6.70476818084717 3.7218005657196
16.3670681863003 4.19232761859894 6.70476818084717 3.84023684263229
17.9875724652967 4.19232761859894 6.70476818084717 4.04445546865463
19.7685229578944 4.19232761859894 6.70476818084717 4.44986766576767
21.7258054521118 4.19232761859894 6.70476818084717 4.86882916092873
23.8768785886714 4.19232761859894 6.70476818084717 5.76472091674805
26.2409295892292 4.19232761859894 6.70476818084717 5.8365404009819
28.8390454032626 4.19232761859894 6.70476818084717 6.37380748987198
31.6944008002223 4.19232761859894 6.70476818084717 7.18942707777023
34.8324650846968 4.19232761859894 6.70476818084717 7.68275618553162
38.3163339475004 4.19232761859894 6.70476818084717 8.19534659385681
42.1100361799719 4.19232761859894 6.70476818084717 8.51847243309021
46.2793530693252 4.19232761859894 6.70476818084717 9.2893009185791
50.8614742424258 4.19232761859894 6.70476818084717 10.5928947627544
55.8972714730444 4.19232761859894 6.70476818084717 11.5643089413643
61.4316632514152 4.19232761859894 6.70476818084717 12.0702483654022
67.5140154498445 4.19232761859894 6.70476818084717 12.0702483654022
74.1985816582434 4.19232761859894 6.70476818084717 14.1688108444214
81.5449871173038 4.19232761859894 6.70476818084717 17.5168128013611
89.6187605659235 4.19232761859894 6.70476818084717 17.5168128013611
98.4919187468734 4.19232761859894 6.70476818084717 20.5551919937134
108.243608784401 4.19232761859894 7.58715605735779 22.545116186142
118.960814163673 4.19232761859894 7.58715605735779 24.8122698068619
130.739130609284 4.19232761859894 7.58715605735779 26.2390592098236
143.683618783529 4.19232761859894 7.58715605735779 26.2390592098236
157.909741410383 4.19232761859894 7.58715605735779 26.2390592098236
173.703536936922 4.19232761859894 7.58715605735779 26.2390592098236
190.901933233621 4.19232761859894 7.58715605735779 26.2390592098236
209.803143649102 4.19232761859894 7.58715605735779 26.2390592098236
230.575763898515 4.19232761859894 7.58715605735779 26.2390592098236
253.405082367608 4.19232761859894 7.58715605735779 26.2390592098236
278.494732854913 4.19232761859894 7.58715605735779 26.2390592098236
306.068510952025 4.19232761859894 7.58715605735779 26.2390592098236
336.372370263797 4.19232761859894 7.58715605735779 26.2390592098236
369.676616274388 4.19232761859894 7.58715605735779 26.2390592098236
370.015617281199 4.19232761859894 7.58715605735779 26.2390592098236
