0.0194894644874591 0.586059033870697 0.00733119249343872 0.00333526730537415
0.0195076157341004 0.586059033870697 0.00733119249343872 0.00333526730537415
0.0214706726399789 0.586059033870697 0.00733119249343872 0.00333526730537415
0.0236312725192399 0.586059033870697 0.00733119249343872 0.00333526730537415
0.0260092941773403 0.586059033870697 0.00733119249343872 0.00333526730537415
0.02862661682957 0.586059033870697 0.00733119249343872 0.00333526730537415
0.0315073214028609 0.586059033870697 0.0158281922340393 0.00333526730537415
0.0346779120946542 0.586059033870697 0.0158281922340393 0.00333526730537415
0.0381675602272991 0.586059033870697 0.0158281922340393 0.00333526730537415
0.0420083726415892 0.586059033870697 0.0158281922340393 0.00333526730537415
0.0462787480746938 0.586059033870697 0.0298672914505005 0.00333526730537415
0.0509357916233132 0.586059033870697 0.0298672914505005 0.00333526730537415
0.056061474785492 0.586059033870697 0.0298672914505005 0.00333526730537415
0.0617029568985016 0.586059033870697 0.0298672914505005 0.00333526730537415
0.0679121429571029 0.651752918958664 0.0298672914505005 0.0111587047576904
0.0747461611704054 0.768446087837219 0.0493584871292114 0.0222276970744133
0.0822678885754094 0.967256665229797 0.0493584871292114 0.0222276970744133
0.0905465295431877 1.00701880455017 0.0493584871292114 0.0236747264862061
0.0996582525003081 1.9137766957283 0.0681614875793457 0.0236747264862061
0.109686890723714 2.30101633071899 0.0948294401168823 0.0312203168869019
0.120724713656792 2.30101633071899 0.0967984199523926 0.0339756011962891
0.132873275843195 2.74790793657303 0.100374549627304 0.0400695726275444
0.146244351289115 2.74790793657303 0.135669225826859 0.0419633984565735
0.160960961850701 2.74790793657303 0.16105592250824 0.0503561496734619
0.177158509108387 2.74790793657303 0.169227242469788 0.0581494122743607
0.194986020142061 2.80583125352859 0.210966229438782 0.0623202323913574
0.214807390451206 3.0089550614357 0.223687522113323 0.0731067955493927
0.23642351909587 3.39448344707489 0.23559092823416 0.0800550580024719
0.260214884898814 3.51117664575577 0.281125240027905 0.0908689349889755
0.286400382592417 3.51117664575577 0.285322219133377 0.0966565907001495
0.315220934348083 3.7056565284729 0.338731497526169 0.108515083789825
0.346941706403675 3.7056565284729 0.36254858225584 0.12330387532711
0.381854548750803 3.7056565284729 0.418021678924561 0.134248584508896
0.420280680328535 3.70566511154175 0.455241912975907 0.149383552372456
0.462573644428912 3.84656143188477 0.498411321081221 0.163451254367828
0.509122561505755 3.93300080299377 0.554080940783024 0.180472135543823
0.560355709314554 3.93300080299377 0.616315692663193 0.200780719518661
0.616744463322841 4.19232761859894 0.677220962941647 0.226575568318367
0.678807633645181 4.19232761859894 0.753035366535187 0.24754610657692
0.74711623840516 4.19232761859894 0.834240168333054 0.269633121788502
0.822298757442146 4.19232761859894 0.922708660364151 0.299309745430946
0.90504691470005 4.19232761859894 1.01306143403053 0.324448861181736
0.997049767162749 4.19232761859894 1.11780039221048 0.363786518573761
1.0973831681079 4.19232761859894 1.23843297362328 0.392735600471497
1.207813147656 4.19232761859894 1.34138798713684 0.435391768813133
1.32935572737641 4.19232761859894 1.50643014907837 0.489445388317108
1.46312917137724 4.19232761859894 1.63914507627487 0.536290302872658
1.61036427500108 4.19232761859894 1.78270995616913 0.583453521132469
1.77241568887504 4.19232761859894 1.97267776727676 0.642163962125778
1.95077438250316 4.19232761859894 2.18100476264954 0.702657431364059
2.14708136207369 4.19232761859894 2.37767207622528 0.776921361684799
2.36314276869316 4.19232761859894 2.62263917922974 0.857469946146011
2.60094649596008 4.19232761859894 2.77446615695953 0.9277203977108
2.86268047976978 4.19232761859894 3.07071650028229 1.02372767031193
3.15075282862747 4.19232761859894 3.31814646720886 1.13683941960335
3.46781397968047 4.19232761859894 3.5778774023056 1.24326530098915
3.81678108431816 4.19232761859894 3.87598621845245 1.38449224829674
4.2008648477019 4.19232761859894 4.32760334014893 1.50512564182281
4.62790519502682 4.19232761859894 4.52741181850433 1.62849962711334
5.09361260779729 4.19232761859894 4.83369958400726 1.83288490772247
5.6061842896419 4.19232761859894 5.21778011322021 2.01878416538239
6.17033620525356 4.19232761859894 5.57169914245605 2.23877394199371
6.79125888819023 4.19232761859894 6.13946235179901 2.45668041706085
7.47466519687438 4.19232761859894 6.63656544685364 2.65663409233093
8.22684287629239 4.19232761859894 6.64857268333435 2.88281226158142
9.05471240899251 4.19232761859894 6.64857268333435 3.11751973628998
9.96589068764523 4.19232761859894 6.64857268333435 3.38749182224274
10.9687610949915 4.19232761859894 6.64857268333435 3.55007660388947
12.072550635956 4.19232761859894 6.64857268333435 3.83699285984039
13.2874148315868 4.19232761859894 6.64857268333435 4.19069373607635
14.6245311558961 4.19232761859894 6.64857268333435 4.51684868335724
16.0962018752773 4.19232761859894 6.64857268333435 4.85687577724457
17.7159672366814 4.19232761859894 6.64857268333435 4.85687577724457
19.4987300459514 4.19232761859894 6.64857268333435 4.85687577724457
21.4808800919766 4.19232761859894 6.64857268333435 5.18660548329353
23.6425071500281 4.19232761859894 6.64857268333435 5.77874362468719
26.0216593522121 4.19232761859894 6.64857268333435 6.31904113292694
28.6402263154973 4.19232761859894 6.64857268333435 7.04216611385345
31.5223004152183 4.19232761859894 6.64857268333435 8.03539216518402
34.6943984492749 4.19232761859894 6.64857268333435 8.03539216518402
38.1857056084627 4.19232761859894 6.64857268333435 8.03539216518402
42.0283439976073 4.19232761859894 6.64857268333435 8.03539216518402
46.2576681780564 4.19232761859894 6.64857268333435 9.4427182674408
50.9125904506965 4.19232761859894 6.64857268333435 9.4427182674408
56.0359388722924 4.19232761859894 6.64857268333435 9.4427182674408
61.674851299112 4.19232761859894 6.64857268333435 9.4427182674408
67.8812090832727 4.19232761859894 6.64857268333435 9.4427182674408
74.7121144120754 4.19232761859894 6.64857268333435 9.4427182674408
82.2304156821292 4.19232761859894 6.64857268333435 13.4001984596252
90.5052857420251 4.19232761859894 6.64857268333435 13.4001984596252
99.7056313992196 4.19232761859894 7.58000421524048 15.6053719520569
109.739037374665 4.19232761859894 7.58000421524048 15.6053719520569
120.782107840023 4.19232761859894 7.58000421524048 15.6053719520569
132.936445619368 4.19232761859894 7.58000421524048 15.6053719520569
146.313877857786 4.19232761859894 7.58000421524048 15.6053719520569
161.037484897703 4.19232761859894 7.58000421524048 15.6053719520569
177.242732691319 4.19232761859894 7.58000421524048 15.6053719520569
195.078719168039 4.19232761859894 7.71385979652405 24.4655051231384
214.709546024206 4.19232761859894 7.71385979652405 24.4655051231384
214.909512828253 4.19232761859894 7.71385979652405 24.4655051231384
