0.0194894644874591 0.586059033870697 0.00867241621017456 0.00178372859954834
0.0195076157341004 0.586059033870697 0.00867241621017456 0.00178372859954834
0.0214706726399789 0.586059033870697 0.00867241621017456 0.00178372859954834
0.0236312725192399 0.586059033870697 0.00867241621017456 0.00178372859954834
0.0260092941773403 0.586059033870697 0.00867241621017456 0.00178372859954834
0.02862661682957 0.586059033870697 0.00867241621017456 0.00178372859954834
0.0315073214028609 0.586059033870697 0.0174504518508911 0.0127222537994385
0.0346779120946542 0.586059033870697 0.0174504518508911 0.0127222537994385
0.0381675602272991 0.586059033870697 0.0174504518508911 0.0127222537994385
0.0420083726415892 0.586059033870697 0.0174504518508911 0.0127222537994385
0.0462787480746938 0.586059033870697 0.0314195156097412 0.0127222537994385
0.0509357916233132 0.586059033870697 0.0314195156097412 0.0127222537994385
0.056061474785492 0.586059033870697 0.0314195156097412 0.0127222537994385
0.0617029568985016 0.586059033870697 0.0314195156097412 0.0127222537994385
0.0679121429571029 0.651752918958664 0.0314195156097412 0.0317243337631226
0.0747461611704054 0.768446087837219 0.0448835641145706 0.0331375002861023
0.0822678885754094 0.967256665229797 0.0448835641145706 0.0334799885749817
0.0905465295431877 1.00701880455017 0.0468284487724304 0.0334799885749817
0.0996582525003081 1.9137766957283 0.0654684901237488 0.0492149144411087
0.109686890723714 2.30101633071899 0.0957549214363098 0.0492149144411087
0.120724713656792 2.30101633071899 0.0959748029708862 0.065942794084549
0.132873275843195 2.74790793657303 0.101641654968262 0.0660859942436218
0.146244351289115 2.74790793657303 0.136434201151133 0.0841231346130371
0.160960961850701 2.74790793657303 0.162873670458794 0.0985672473907471
0.177158509108387 2.74790793657303 0.17212301492691 0.106763184070587
0.194986020142061 2.80583125352859 0.206591606140137 0.112319231033325
0.214807390451206 3.0089550614357 0.223422728478909 0.135089755058289
0.23642351909587 3.39448344707489 0.244282606989145 0.148758113384247
0.260214884898814 3.51117664575577 0.280082605779171 0.17003720998764
0.286400382592417 3.51117664575577 0.289319157600403 0.188939034938812
0.315220934348083 3.7056565284729 0.338934928178787 0.204663529992104
0.346941706403675 3.7056565284729 0.366011194884777 0.236880242824554
0.381854548750803 3.7056565284729 0.421195507049561 0.256678581237793
0.420280680328535 3.70566511154175 0.454138625413179 0.285961270332336
0.462573644428912 3.84656143188477 0.491451222915202 0.310157239437103
0.509122561505755 3.93300080299377 0.556177418678999 0.343999564647675
0.560355709314554 3.93300080299377 0.616462573409081 0.377350866794586
0.616744463322841 4.19232761859894 0.67072743922472 0.423284828662872
0.678807633645181 4.19232761859894 0.75090865790844 0.456829786300659
0.74711623840516 4.19232761859894 0.833871513605118 0.511336863040924
0.822298757442146 4.19232761859894 0.921085648238659 0.574335038661957
0.90504691470005 4.19232761859894 1.00789142400026 0.624685704708099
0.997049767162749 4.19232761859894 1.1143651008606 0.687440752983093
1.0973831681079 4.19232761859894 1.2425981760025 0.764463901519775
1.207813147656 4.19232761859894 1.35186679288745 0.837250113487244
1.32935572737641 4.19232761859894 1.49464243650436 0.912927910685539
1.46312917137724 4.19232761859894 1.6449139714241 0.996594607830048
1.61036427500108 4.19232761859894 1.796675786376 1.10454434156418
1.77241568887504 4.19232761859894 1.95250523090363 1.20497614145279
1.95077438250316 4.19232761859894 2.16946351528168 1.33020633459091
2.14708136207369 4.19232761859894 2.36424589157104 1.45454339683056
2.36314276869316 4.19232761859894 2.60077744722366 1.61887039244175
2.60094649596008 4.19232761859894 2.78957784175873 1.7629708647728
2.86268047976978 4.19232761859894 3.06668388843536 1.93364948034286
3.15075282862747 4.19232761859894 3.31744194030762 2.14237415790558
3.46781397968047 4.19232761859894 3.57389879226685 2.39536184072495
3.81678108431816 4.19232761859894 3.85747671127319 2.62074585258961
4.2008648477019 4.19232761859894 4.28688526153564 2.85505576431751
4.62790519502682 4.19232761859894 4.55943644046783 3.06992775201797
5.09361260779729 4.19232761859894 4.8330864906311 3.33269047737122
5.6061842896419 4.19232761859894 5.19823741912842 3.66524994373322
6.17033620525356 4.19232761859894 5.54488790035248 3.9711856842041
6.79125888819023 4.19232761859894 6.15157115459442 4.34780883789062
7.47466519687438 4.19232761859894 6.65845036506653 4.79033946990967
8.22684287629239 4.19232761859894 6.66677403450012 5.05594968795776
9.05471240899251 4.19232761859894 6.73791861534119 5.45110106468201
9.96589068764523 4.19232761859894 6.73791861534119 5.51355290412903
10.9687610949915 4.19232761859894 6.73791861534119 5.51355290412903
12.072550635956 4.19232761859894 6.73791861534119 5.51355290412903
13.2874148315868 4.19232761859894 6.73791861534119 5.70779085159302
14.6245311558961 4.19232761859894 6.73791861534119 6.71965289115906
16.0962018752773 4.19232761859894 6.73791861534119 7.67102670669556
17.7159672366814 4.19232761859894 6.73791861534119 7.67102670669556
19.4987300459514 4.19232761859894 6.73791861534119 7.84602665901184
21.4808800919766 4.19232761859894 6.73791861534119 7.84602665901184
23.6425071500281 4.19232761859894 6.73791861534119 8.2819197177887
26.0216593522121 4.19232761859894 6.81096053123474 8.43713188171387
28.6402263154973 4.19232761859894 6.81096053123474 8.43713188171387
31.5223004152183 4.19232761859894 6.81096053123474 10.9737008213997
34.6943984492749 4.19232761859894 6.81096053123474 12.0729588270187
38.1857056084627 4.19232761859894 6.81096053123474 13.9255745410919
42.0283439976073 4.19232761859894 6.81096053123474 14.5166797637939
46.2576681780564 4.19232761859894 6.81096053123474 14.9146943092346
50.9125904506965 4.19232761859894 6.81096053123474 17.1529874801636
56.0359388722924 4.19232761859894 6.81096053123474 17.1529874801636
61.674851299112 4.19232761859894 7.12265563011169 17.1529874801636
67.8812090832727 4.19232761859894 7.12265563011169 18.3521938323975
74.7121144120754 4.19232761859894 7.12265563011169 23.2463467717171
82.2304156821292 4.19232761859894 7.12265563011169 27.0958251953125
90.5052857420251 4.19232761859894 7.12265563011169 29.425633430481
99.7056313992196 4.19232761859894 7.55588269233704 34.2738695144653
109.739037374665 4.19232761859894 7.55588269233704 34.2738695144653
120.782107840023 4.19232761859894 7.55588269233704 38.2390785217285
132.936445619368 4.19232761859894 7.86757779121399 41.4157419204712
146.313877857786 4.19232761859894 7.86757779121399 41.4157419204712
161.037484897703 4.19232761859894 7.86757779121399 46.0552654266357
177.242732691319 4.19232761859894 7.86757779121399 46.0552654266357
195.078719168039 4.19232761859894 7.86757779121399 60.9699597358704
214.709546024206 4.19232761859894 7.97952818870544 70.3501253128052
214.909512828253 4.19232761859894 7.97952818870544 70.3501253128052
