0.0194894644874591 0.586059033870697 0.0079265832901001 0.00142210721969604
0.0195076157341004 0.586059033870697 0.0079265832901001 0.00142210721969604
0.0214706726399789 0.586059033870697 0.0079265832901001 0.00142210721969604
0.0236312725192399 0.586059033870697 0.0079265832901001 0.00142210721969604
0.0260092941773403 0.586059033870697 0.0079265832901001 0.00142210721969604
0.02862661682957 0.586059033870697 0.0079265832901001 0.00142210721969604
0.0315073214028609 0.586059033870697 0.0165390074253082 0.00423815846443176
0.0346779120946542 0.586059033870697 0.0165390074253082 0.00423815846443176
0.0381675602272991 0.586059033870697 0.0165390074253082 0.00423815846443176
0.0420083726415892 0.586059033870697 0.0165390074253082 0.00423815846443176
0.0462787480746938 0.586059033870697 0.0305508077144623 0.00423815846443176
0.0509357916233132 0.586059033870697 0.0305508077144623 0.00423815846443176
0.056061474785492 0.586059033870697 0.0305508077144623 0.00423815846443176
0.0617029568985016 0.586059033870697 0.0305508077144623 0.00423815846443176
0.0679121429571029 0.651752918958664 0.0305508077144623 0.021397665143013
0.0747461611704054 0.768446087837219 0.0466763824224472 0.021397665143013
0.0822678885754094 0.967256665229797 0.0466763824224472 0.021397665143013
0.0905465295431877 1.00701880455017 0.0466763824224472 0.02192023396492
0.0996582525003081 1.9137766957283 0.0662053823471069 0.0234748721122742
0.109686890723714 2.30101633071899 0.094379186630249 0.0380180180072784
0.120724713656792 2.30101633071899 0.0958420634269714 0.0439704656600952
0.132873275843195 2.74790793657303 0.100007146596909 0.044180765748024
0.146244351289115 2.74790793657303 0.135214561596513 0.0535815060138702
0.160960961850701 2.74790793657303 0.160832241177559 0.0600881576538086
0.177158509108387 2.74790793657303 0.169547557830811 0.0666007995605469
0.194986020142061 2.80583125352859 0.207078576087952 0.0760298371315002
0.214807390451206 3.0089550614357 0.22211005538702 0.0822310000658035
0.23642351909587 3.39448344707489 0.238542074337602 0.0925493538379669
0.260214884898814 3.51117664575577 0.278851248323917 0.104960858821869
0.286400382592417 3.51117664575577 0.285613566637039 0.116467118263245
0.315220934348083 3.7056565284729 0.336485214531422 0.127969846129417
0.346941706403675 3.7056565284729 0.360859341919422 0.14229029417038
0.381854548750803 3.7056565284729 0.416604220867157 0.160239577293396
0.420280680328535 3.70566511154175 0.451662579551339 0.1783577054739
0.462573644428912 3.84656143188477 0.491949776187539 0.196482077240944
0.509122561505755 3.93300080299377 0.551107425242662 0.211337000131607
0.560355709314554 3.93300080299377 0.611735865473747 0.237095683813095
0.616744463322841 4.19232761859894 0.668130002915859 0.260757207870483
0.678807633645181 4.19232761859894 0.746749237179756 0.290378727018833
0.74711623840516 4.19232761859894 0.828020662069321 0.316828586161137
0.822298757442146 4.19232761859894 0.914460577070713 0.343755960464478
0.90504691470005 4.19232761859894 1.00303038954735 0.379182197153568
0.997049767162749 4.19232761859894 1.10774996131659 0.416911587119102
1.0973831681079 4.19232761859894 1.23217350244522 0.465180844068527
1.207813147656 4.19232761859894 1.3370704241097 0.511291727423668
1.32935572737641 4.19232761859894 1.49052619934082 0.554370313882828
1.46312917137724 4.19232761859894 1.62846827507019 0.613493382930756
1.61036427500108 4.19232761859894 1.77845893800259 0.683375887572765
1.77241568887504 4.19232761859894 1.94733491539955 0.743051812052727
1.95077438250316 4.19232761859894 2.16192668676376 0.825296729803085
2.14708136207369 4.19232761859894 2.35219848155975 0.905594766139984
2.36314276869316 4.19232761859894 2.59118008613586 0.980994164943695
2.60094649596008 4.19232761859894 2.76360368728638 1.08464035391808
2.86268047976978 4.19232761859894 3.05256819725037 1.20112374424934
3.15075282862747 4.19232761859894 3.2963672876358 1.29370099306107
3.46781397968047 4.19232761859894 3.55693984031677 1.40991449356079
3.81678108431816 4.19232761859894 3.84299623966217 1.57213175296783
4.2008648477019 4.19232761859894 4.28748726844788 1.71524548530579
4.62790519502682 4.19232761859894 4.52087914943695 1.84667903184891
5.09361260779729 4.19232761859894 4.80922710895538 1.99915397167206
5.6061842896419 4.19232761859894 5.18951392173767 2.19582670927048
6.17033620525356 4.19232761859894 5.53381288051605 2.3068767786026
6.79125888819023 4.19232761859894 6.12296307086945 2.35754108428955
7.47466519687438 4.19232761859894 6.62951898574829 2.5676304101944
8.22684287629239 4.19232761859894 6.64462494850159 2.79874813556671
9.05471240899251 4.19232761859894 6.67389416694641 3.03698647022247
9.96589068764523 4.19232761859894 6.67389416694641 3.3300758600235
10.9687610949915 4.19232761859894 6.67389416694641 3.59999525547028
12.072550635956 4.19232761859894 6.67389416694641 3.9217312335968
13.2874148315868 4.19232761859894 6.67389416694641 4.26748859882355
14.6245311558961 4.19232761859894 6.67389416694641 4.48805785179138
16.0962018752773 4.19232761859894 6.67389416694641 5.00184208154678
17.7159672366814 4.19232761859894 6.67389416694641 5.3852117061615
19.4987300459514 4.19232761859894 6.67389416694641 5.90862238407135
21.4808800919766 4.19232761859894 6.67389416694641 6.4818742275238
23.6425071500281 4.19232761859894 6.67389416694641 6.86562764644623
26.0216593522121 4.19232761859894 6.67389416694641 7.49811887741089
28.6402263154973 4.19232761859894 6.67389416694641 8.30954134464264
31.5223004152183 4.19232761859894 6.67389416694641 9.10226160287857
34.6943984492749 4.19232761859894 6.67389416694641 10.0491133928299
38.1857056084627 4.19232761859894 6.67389416694641 10.7775789499283
42.0283439976073 4.19232761859894 6.67389416694641 10.7775789499283
46.2576681780564 4.19232761859894 6.67389416694641 12.0465264320374
50.9125904506965 4.19232761859894 6.67389416694641 13.8652276992798
56.0359388722924 4.19232761859894 6.67389416694641 14.8436274528503
61.674851299112 4.19232761859894 6.67389416694641 16.4344515800476
67.8812090832727 4.19232761859894 6.67389416694641 18.6067323684692
74.7121144120754 4.19232761859894 6.67389416694641 20.2437388896942
82.2304156821292 4.19232761859894 6.67389416694641 22.6685034036636
90.5052857420251 4.19232761859894 6.67389416694641 23.5001255273819
99.7056313992196 4.19232761859894 7.56590557098389 23.5001255273819
109.739037374665 4.19232761859894 7.56590557098389 23.5001255273819
120.782107840023 4.19232761859894 7.56590557098389 23.5001255273819
132.936445619368 4.19232761859894 7.56590557098389 23.5001255273819
146.313877857786 4.19232761859894 7.56590557098389 23.5001255273819
161.037484897703 4.19232761859894 7.56590557098389 23.5001255273819
177.242732691319 4.19232761859894 7.56590557098389 23.5001255273819
195.078719168039 4.19232761859894 7.71066498756409 23.5001255273819
214.709546024206 4.19232761859894 7.71066498756409 23.5001255273819
214.909512828253 4.19232761859894 7.71066498756409 23.5001255273819
