0.0194894644874591 0.586059033870697 0.0094064474105835 0.00798332691192627
0.0195076157341004 0.586059033870697 0.0094064474105835 0.00798332691192627
0.0214706726399789 0.586059033870697 0.0094064474105835 0.00798332691192627
0.0236312725192399 0.586059033870697 0.0094064474105835 0.00798332691192627
0.0260092941773403 0.586059033870697 0.0094064474105835 0.00798332691192627
0.02862661682957 0.586059033870697 0.0094064474105835 0.00798332691192627
0.0315073214028609 0.586059033870697 0.0182382464408875 0.00798332691192627
0.0346779120946542 0.586059033870697 0.0182382464408875 0.00798332691192627
0.0381675602272991 0.586059033870697 0.0182382464408875 0.00798332691192627
0.0420083726415892 0.586059033870697 0.0182382464408875 0.00798332691192627
0.0462787480746938 0.586059033870697 0.0326257646083832 0.0106515288352966
0.0509357916233132 0.586059033870697 0.0326257646083832 0.0106515288352966
0.056061474785492 0.586059033870697 0.0326257646083832 0.0106515288352966
0.0617029568985016 0.586059033870697 0.0326257646083832 0.0106515288352966
0.0679121429571029 0.651752918958664 0.0326257646083832 0.0229238271713257
0.0747461611704054 0.768446087837219 0.0471240729093552 0.0327596664428711
0.0822678885754094 0.967256665229797 0.0471240729093552 0.0327596664428711
0.0905465295431877 1.00701880455017 0.0471635162830353 0.0327596664428711
0.0996582525003081 1.9137766957283 0.069485068321228 0.0356099307537079
0.109686890723714 2.30101633071899 0.102814614772797 0.0460593104362488
0.120724713656792 2.30101633071899 0.102814614772797 0.047923743724823
0.132873275843195 2.74790793657303 0.104976952075958 0.0624734610319138
0.146244351289115 2.74790793657303 0.142910238355398 0.0698781907558441
0.160960961850701 2.74790793657303 0.170762494206429 0.0811333954334259
0.177158509108387 2.74790793657303 0.180101305246353 0.0969314277172089
0.194986020142061 2.80583125352859 0.216881394386292 0.108602404594421
0.214807390451206 3.0089550614357 0.232597574591637 0.122986003756523
0.23642351909587 3.39448344707489 0.255350705236197 0.129708230495453
0.260214884898814 3.51117664575577 0.291187927126884 0.149393737316132
0.286400382592417 3.51117664575577 0.305207639932632 0.163036346435547
0.315220934348083 3.7056565284729 0.355531543493271 0.188462689518929
0.346941706403675 3.7056565284729 0.380020599812269 0.203002706170082
0.381854548750803 3.7056565284729 0.442644536495209 0.222293883562088
0.420280680328535 3.70566511154175 0.473688643425703 0.254380345344543
0.462573644428912 3.84656143188477 0.512361537665129 0.273484349250793
0.509122561505755 3.93300080299377 0.583622056990862 0.297666326165199
0.560355709314554 3.93300080299377 0.64880208671093 0.331903949379921
0.616744463322841 4.19232761859894 0.701510980725288 0.363667964935303
0.678807633645181 4.19232761859894 0.785923525691032 0.406128346920013
0.74711623840516 4.19232761859894 0.875179201364517 0.44912114739418
0.822298757442146 4.19232761859894 0.968239173293114 0.496810764074326
0.90504691470005 4.19232761859894 1.05846045911312 0.545408755540848
0.997049767162749 4.19232761859894 1.16607487201691 0.603582948446274
1.0973831681079 4.19232761859894 1.30335834622383 0.657528400421143
1.207813147656 4.19232761859894 1.41331680119038 0.735668927431107
1.32935572737641 4.19232761859894 1.56154054403305 0.800254344940186
1.46312917137724 4.19232761859894 1.71790474653244 0.876926094293594
1.61036427500108 4.19232761859894 1.87550275027752 0.966024547815323
1.77241568887504 4.19232761859894 2.04678720235825 1.07430052757263
1.95077438250316 4.19232761859894 2.26415210962296 1.1896179318428
2.14708136207369 4.19232761859894 2.46385359764099 1.26719006896019
2.36314276869316 4.19232761859894 2.70977956056595 1.4401368200779
2.60094649596008 4.19232761859894 2.89282858371735 1.51500287652016
2.86268047976978 4.19232761859894 3.17649900913239 1.72745168209076
3.15075282862747 4.19232761859894 3.42744815349579 1.81510105729103
3.46781397968047 4.19232761859894 3.69208526611328 2.03973659873009
3.81678108431816 4.19232761859894 3.98811948299408 2.11936235427856
4.2008648477019 4.19232761859894 4.4139256477356 2.39090403914452
4.62790519502682 4.19232761859894 4.71617531776428 2.46340394020081
5.09361260779729 4.19232761859894 4.98510074615479 2.74180638790131
5.6061842896419 4.19232761859894 5.31519603729248 3.00462102890015
6.17033620525356 4.19232761859894 5.66292238235474 3.27226316928864
6.79125888819023 4.19232761859894 6.27220749855042 3.37459754943848
7.47466519687438 4.19232761859894 6.78935885429382 3.60131061077118
8.22684287629239 4.19232761859894 6.78935885429382 3.64117121696472
9.05471240899251 4.19232761859894 6.85159754753113 3.76383185386658
9.96589068764523 4.19232761859894 6.85159754753113 4.02944982051849
10.9687610949915 4.19232761859894 6.85159754753113 4.09681785106659
12.072550635956 4.19232761859894 6.85159754753113 4.09681785106659
13.2874148315868 4.19232761859894 6.85159754753113 4.44723916053772
14.6245311558961 4.19232761859894 6.85159754753113 4.59778785705566
16.0962018752773 4.19232761859894 6.85159754753113 4.90301275253296
17.7159672366814 4.19232761859894 6.954061627388 6.20971488952637
19.4987300459514 4.19232761859894 6.954061627388 6.20971488952637
21.4808800919766 4.19232761859894 6.954061627388 6.20971488952637
23.6425071500281 4.19232761859894 6.954061627388 6.20971488952637
26.0216593522121 4.19232761859894 6.98602271080017 6.20971488952637
28.6402263154973 4.19232761859894 6.98602271080017 6.20971488952637
31.5223004152183 4.19232761859894 6.98602271080017 6.68974566459656
34.6943984492749 4.19232761859894 6.98602271080017 6.68974566459656
38.1857056084627 4.19232761859894 6.98602271080017 6.78911185264587
42.0283439976073 4.19232761859894 6.98602271080017 6.78911185264587
46.2576681780564 4.19232761859894 6.98602271080017 8.29108643531799
50.9125904506965 4.19232761859894 6.98602271080017 8.29108643531799
56.0359388722924 4.19232761859894 6.98602271080017 8.29108643531799
61.674851299112 4.19232761859894 7.71247887611389 8.29108643531799
67.8812090832727 4.19232761859894 7.71247887611389 8.29108643531799
74.7121144120754 4.19232761859894 7.71247887611389 8.29108643531799
82.2304156821292 4.19232761859894 7.71247887611389 12.3144021034241
90.5052857420251 4.19232761859894 7.71247887611389 12.3144021034241
99.7056313992196 4.19232761859894 7.71247887611389 14.3617825508118
109.739037374665 4.19232761859894 7.71247887611389 14.3617825508118
120.782107840023 4.19232761859894 7.71247887611389 14.3617825508118
132.936445619368 4.19232761859894 8.18620920181274 14.3617825508118
146.313877857786 4.19232761859894 8.18620920181274 14.3617825508118
161.037484897703 4.19232761859894 8.18620920181274 16.3010265827179
177.242732691319 4.19232761859894 8.18620920181274 16.3010265827179
195.078719168039 4.19232761859894 8.18620920181274 24.5921130180359
214.709546024206 4.19232761859894 8.18620920181274 24.5921130180359
214.909512828253 4.19232761859894 8.18620920181274 24.5921130180359
