0.0387145280838013 0.586059033870697 0.0079265832901001 0.00142210721969604
0.0387500300966981 0.586059033870697 0.0079265832901001 0.00142210721969604
0.0425866726076336 0.586059033870697 0.0079265832901001 0.00142210721969604
0.0468031812946723 0.586059033870697 0.0079265832901001 0.00142210721969604
0.0514371667278207 0.586059033870697 0.0079265832901001 0.00142210721969604
0.0565299633015929 0.586059033870697 0.0079265832901001 0.00142210721969604
0.0621269979310704 0.586059033870697 0.0079265832901001 0.00142210721969604
0.068278195252578 0.586059033870697 0.0079265832901001 0.00142210721969604
0.0750384229432996 0.586059033870697 0.0165390074253082 0.00423815846443176
0.0824679811320132 0.586059033870697 0.0165390074253082 0.00423815846443176
0.0907162527069789 0.586059033870697 0.0165390074253082 0.00423815846443176
0.0996980736423392 0.586059033870697 0.0165390074253082 0.00423815846443176
0.109569185139287 0.586059033870697 0.0165390074253082 0.00423815846443176
0.120417635902936 0.586059033870697 0.0165390074253082 0.00423815846443176
0.132340192345309 0.586059033870697 0.0165390074253082 0.00423815846443176
0.145443201725957 0.586059033870697 0.0165390074253082 0.00423815846443176
0.159843540752169 0.967256665229797 0.0466763824224472 0.0178000926971436
0.175669658100152 0.967256665229797 0.049522876739502 0.0226415693759918
0.193062720156276 0.967256665229797 0.0814947336912155 0.0226477384567261
0.212177870198225 1.85931992530823 0.0868796110153198 0.0357953161001205
0.233185612247737 1.9137766957283 0.0868796110153198 0.0439704656600952
0.25627333193868 1.9137766957283 0.0952548682689667 0.0439704656600952
0.281646967966354 2.74790793657303 0.142179027199745 0.0542663633823395
0.309532849027073 2.74790793657303 0.153210878372192 0.0623940080404282
0.340179712633237 2.74790793657303 0.177478790283203 0.0623940080404282
0.373860923811385 2.74790793657303 0.204712957143784 0.0720671415328979
0.411253695994416 3.10663169622421 0.244267292320728 0.0864733457565308
0.451971945990459 3.10663169622421 0.289232045412064 0.091601550579071
0.496721712052834 3.12219077348709 0.289232045412064 0.104639552533627
0.54590215479858 3.56563341617584 0.334497779607773 0.116971671581268
0.599951955758347 3.56563341617584 0.377162784337997 0.126654505729675
0.659353230344131 3.56563341617584 0.424766756594181 0.140249639749527
0.724635828240139 3.56563341617584 0.424921821802855 0.160409897565842
0.796382059575582 3.56563341617584 0.494872182607651 0.171091854572296
0.875231889036086 3.84656143188477 0.521269410848618 0.196689188480377
0.961888644244345 3.84656143188477 0.628098636865616 0.212205022573471
1.05712528932784 3.84656143188477 0.653874590992928 0.230537831783295
1.16179131963283 3.84656143188477 0.740263640880585 0.263900279998779
1.27682033908432 3.98659324645996 0.80086362361908 0.288897484540939
1.4032383877809 4.04104137420654 0.921593815088272 0.318902134895325
1.54217309410505 4.04104995727539 0.995650559663773 0.344500347971916
1.69486373298454 4.17070913314819 1.11658585071564 0.377306684851646
1.86438038854372 4.17070913314819 1.23988527059555 0.426133871078491
2.0489727885339 4.17070913314819 1.3120129108429 0.469179481267929
2.25184169172242 4.17070913314819 1.44898828864098 0.516751974821091
2.4747966556489 4.17070913314819 1.62539177387953 0.577984660863876
2.7198264022398 4.17070913314819 1.77970074117184 0.627158105373383
2.98911655688376 4.19232761859894 2.00534836947918 0.69743812084198
3.28506914385371 4.19232761859894 2.15312687307596 0.74786964058876
3.61032401197175 4.19232761859894 2.43297547101974 0.836590051651001
3.96778238163021 4.19232761859894 2.61904633045197 0.913111925125122
4.36063272320454 4.19232761859894 2.88493690825999 1.00486791133881
4.79237919768918 4.19232761859894 3.16384109854698 1.12108561396599
5.2668729132423 4.19232761859894 3.60069833137095 1.23213046789169
5.78834627644265 4.19232761859894 3.82240283489227 1.34051319956779
6.36145074466621 4.19232761859894 4.06099006533623 1.49079549312592
6.99129831632754 4.19232761859894 4.49356091022491 1.63511794805527
7.68350712907217 4.19232761859894 4.94335651397705 1.79253423213959
8.45199512379247 4.19232761859894 5.31343179941177 1.99734419584274
9.28882760400582 4.19232761859894 5.5226833820343 2.16181695461273
10.2085149119472 4.19232761859894 6.0685795545578 2.36872017383575
11.2192605084528 4.19232761859894 6.53609371185303 2.61999487876892
12.330080079446 4.19232761859894 6.61285400390625 2.86190158128738
13.5508819543863 4.19232761859894 6.62951898574829 3.13506454229355
14.8925554869521 4.19232761859894 6.64462494850159 3.43186104297638
16.3670681863003 4.19232761859894 6.65722918510437 3.64997005462646
17.9875724652967 4.19232761859894 6.67389416694641 3.73035478591919
19.7685229578944 4.19232761859894 6.67389416694641 4.34741342067719
21.7258054521118 4.19232761859894 6.67389416694641 4.99441027641296
23.8768785886714 4.19232761859894 6.67389416694641 5.50653380155563
26.2409295892292 4.19232761859894 6.67389416694641 6.14032229781151
28.8390454032626 4.19232761859894 6.67389416694641 6.73499503731728
31.6944008002223 4.19232761859894 6.67389416694641 7.50542107224464
34.8324650846968 4.19232761859894 6.67389416694641 7.98088794946671
38.3163339475004 4.19232761859894 6.67389416694641 8.10220873355865
42.1100361799719 4.19232761859894 6.67389416694641 8.10220873355865
46.2793530693252 4.19232761859894 6.67389416694641 8.57276022434235
50.8614742424258 4.19232761859894 6.67389416694641 9.44959568977356
55.8972714730444 4.19232761859894 6.67389416694641 10.261018037796
61.4316632514152 4.19232761859894 6.67389416694641 10.7775789499283
67.5140154498445 4.19232761859894 6.67389416694641 11.6203112602234
74.1985816582434 4.19232761859894 6.67389416694641 12.7225465774536
81.5449871173038 4.19232761859894 6.67389416694641 15.6365008354187
89.6187605659235 4.19232761859894 6.67389416694641 16.2145915031433
98.4919187468734 4.19232761859894 6.67389416694641 18.2922797203064
108.243608784401 4.19232761859894 7.56590557098389 20.2336144447327
118.960814163673 4.19232761859894 7.56590557098389 22.3683220595121
130.739130609284 4.19232761859894 7.56590557098389 23.5001255273819
143.683618783529 4.19232761859894 7.56590557098389 23.5001255273819
157.909741410383 4.19232761859894 7.56590557098389 23.5001255273819
173.703536936922 4.19232761859894 7.56590557098389 23.5001255273819
190.901933233621 4.19232761859894 7.56590557098389 23.5001255273819
209.803143649102 4.19232761859894 7.56590557098389 23.5001255273819
230.575763898515 4.19232761859894 7.56590557098389 23.5001255273819
253.405082367608 4.19232761859894 7.56590557098389 23.5001255273819
278.494732854913 4.19232761859894 7.56590557098389 23.5001255273819
306.068510952025 4.19232761859894 7.56590557098389 23.5001255273819
336.372370263797 4.19232761859894 7.56590557098389 23.5001255273819
369.676616274388 4.19232761859894 7.56590557098389 23.5001255273819
370.015617281199 4.19232761859894 7.56590557098389 23.5001255273819
