0.0194894644874591 0.586059033870697 0.00665271282196045 0.00651700794696808
0.0195076157341004 0.586059033870697 0.00665271282196045 0.00651700794696808
0.0214706726399789 0.586059033870697 0.00665271282196045 0.00651700794696808
0.0236312725192399 0.586059033870697 0.00665271282196045 0.00651700794696808
0.0260092941773403 0.586059033870697 0.00665271282196045 0.00651700794696808
0.02862661682957 0.586059033870697 0.00665271282196045 0.00651700794696808
0.0315073214028609 0.586059033870697 0.0150033831596375 0.0100697129964828
0.0346779120946542 0.586059033870697 0.0150033831596375 0.0100697129964828
0.0381675602272991 0.586059033870697 0.0150033831596375 0.0100697129964828
0.0420083726415892 0.586059033870697 0.0150033831596375 0.0100697129964828
0.0462787480746938 0.586059033870697 0.0290686786174774 0.0100697129964828
0.0509357916233132 0.586059033870697 0.0290686786174774 0.0100697129964828
0.056061474785492 0.586059033870697 0.0290686786174774 0.0100697129964828
0.0617029568985016 0.586059033870697 0.0290686786174774 0.0100697129964828
0.0679121429571029 0.651752918958664 0.0290686786174774 0.0201445370912552
0.0747461611704054 0.768446087837219 0.0512153506278992 0.0201445370912552
0.0822678885754094 0.967256665229797 0.0512153506278992 0.0274856612086296
0.0905465295431877 1.00701880455017 0.0512153506278992 0.0274856612086296
0.0996582525003081 1.9137766957283 0.069086492061615 0.029715433716774
0.109686890723714 2.30101633071899 0.0938540697097778 0.0459594130516052
0.120724713656792 2.30101633071899 0.0966975688934326 0.0459594130516052
0.132873275843195 2.74790793657303 0.100233860313892 0.0552087426185608
0.146244351289115 2.74790793657303 0.134784452617168 0.0615619570016861
0.160960961850701 2.74790793657303 0.159579157829285 0.0723683387041092
0.177158509108387 2.74790793657303 0.167240411043167 0.0723683387041092
0.194986020142061 2.80583125352859 0.212059617042542 0.0828690379858017
0.214807390451206 3.0089550614357 0.222975395619869 0.0938599780201912
0.23642351909587 3.39448344707489 0.233611106872559 0.100525923073292
0.260214884898814 3.51117664575577 0.280628859996796 0.120276749134064
0.286400382592417 3.51117664575577 0.285903476178646 0.127499975264072
0.315220934348083 3.7056565284729 0.33724045753479 0.142267666757107
0.346941706403675 3.7056565284729 0.361479245126247 0.154820293188095
0.381854548750803 3.7056565284729 0.414723336696625 0.166678130626678
0.420280680328535 3.70566511154175 0.454007111489773 0.190100885927677
0.462573644428912 3.84656143188477 0.50019645690918 0.21140556037426
0.509122561505755 3.93300080299377 0.550824142992496 0.229267202317715
0.560355709314554 3.93300080299377 0.614510349929333 0.253837257623672
0.616744463322841 4.19232761859894 0.68130999058485 0.281856760382652
0.678807633645181 4.19232761859894 0.751740641891956 0.310962282121181
0.74711623840516 4.19232761859894 0.830890595912933 0.337614700198174
0.822298757442146 4.19232761859894 0.921195030212402 0.373861446976662
0.90504691470005 4.19232761859894 1.01239892840385 0.409460067749023
0.997049767162749 4.19232761859894 1.11559433490038 0.448615893721581
1.0973831681079 4.19232761859894 1.23121628165245 0.485910758376122
1.207813147656 4.19232761859894 1.33957690000534 0.539474807679653
1.32935572737641 4.19232761859894 1.50561279058456 0.594424068927765
1.46312917137724 4.19232761859894 1.63719940185547 0.656089648604393
1.61036427500108 4.19232761859894 1.76919609308243 0.70950448513031
1.77241568887504 4.19232761859894 1.97697359323502 0.801469922065735
1.95077438250316 4.19232761859894 2.18017095327377 0.843489825725555
2.14708136207369 4.19232761859894 2.3781321644783 0.948151528835297
2.36314276869316 4.19232761859894 2.62530332803726 1.01452182233334
2.60094649596008 4.19232761859894 2.77828073501587 1.09445723891258
2.86268047976978 4.19232761859894 3.06248915195465 1.20575344562531
3.15075282862747 4.19232761859894 3.32387292385101 1.2915466427803
3.46781397968047 4.19232761859894 3.58918011188507 1.40872812271118
3.81678108431816 4.19232761859894 3.88499128818512 1.56313389539719
4.2008648477019 4.19232761859894 4.3327465057373 1.78557866811752
4.62790519502682 4.19232761859894 4.49747121334076 1.89364677667618
5.09361260779729 4.19232761859894 4.82833015918732 2.09535753726959
5.6061842896419 4.19232761859894 5.21551179885864 2.28258830308914
6.17033620525356 4.19232761859894 5.582439661026 2.53217899799347
6.79125888819023 4.19232761859894 6.12683594226837 2.68557322025299
7.47466519687438 4.19232761859894 6.61407351493835 2.96967267990112
8.22684287629239 4.19232761859894 6.62777209281921 3.25562447309494
9.05471240899251 4.19232761859894 6.62777209281921 3.49313008785248
9.96589068764523 4.19232761859894 6.62777209281921 3.8517040014267
10.9687610949915 4.19232761859894 6.62777209281921 4.2906448841095
12.072550635956 4.19232761859894 6.62777209281921 4.65518188476562
13.2874148315868 4.19232761859894 6.62777209281921 5.1471860408783
14.6245311558961 4.19232761859894 6.62777209281921 5.54922103881836
16.0962018752773 4.19232761859894 6.62777209281921 5.94825983047485
17.7159672366814 4.19232761859894 6.62777209281921 6.10084986686707
19.4987300459514 4.19232761859894 6.62777209281921 6.17667460441589
21.4808800919766 4.19232761859894 6.62777209281921 8.28226214647293
23.6425071500281 4.19232761859894 6.62777209281921 8.28226214647293
26.0216593522121 4.19232761859894 6.62777209281921 9.29451203346252
28.6402263154973 4.19232761859894 6.62777209281921 10.1174886822701
31.5223004152183 4.19232761859894 6.62777209281921 11.1297385692596
34.6943984492749 4.19232761859894 6.62777209281921 11.1297385692596
38.1857056084627 4.19232761859894 6.62777209281921 11.1297385692596
42.0283439976073 4.19232761859894 6.62777209281921 14.1803269386292
46.2576681780564 4.19232761859894 6.62777209281921 16.0155534744263
50.9125904506965 4.19232761859894 6.62777209281921 16.0155534744263
56.0359388722924 4.19232761859894 6.62777209281921 16.0155534744263
61.674851299112 4.19232761859894 6.62777209281921 16.0155534744263
67.8812090832727 4.19232761859894 6.62777209281921 16.0155534744263
74.7121144120754 4.19232761859894 6.62777209281921 16.0155534744263
82.2304156821292 4.19232761859894 6.62777209281921 25.7732048034668
90.5052857420251 4.19232761859894 6.62777209281921 25.7732048034668
99.7056313992196 4.19232761859894 7.62765336036682 30.4220390319824
109.739037374665 4.19232761859894 7.62765336036682 30.4220390319824
120.782107840023 4.19232761859894 7.62765336036682 30.4220390319824
132.936445619368 4.19232761859894 7.62765336036682 30.4220390319824
146.313877857786 4.19232761859894 7.62765336036682 30.4220390319824
161.037484897703 4.19232761859894 7.62765336036682 37.2617616653442
177.242732691319 4.19232761859894 7.62765336036682 37.2617616653442
195.078719168039 4.19232761859894 7.82796192169189 53.2773151397705
214.709546024206 4.19232761859894 7.82796192169189 53.2773151397705
214.909512828253 4.19232761859894 7.82796192169189 53.2773151397705
