0.0387145280838013 0.586059033870697 0.00858509540557861 0.00256204605102539
0.0387500300966981 0.586059033870697 0.00858509540557861 0.00256204605102539
0.0425866726076336 0.586059033870697 0.00858509540557861 0.00256204605102539
0.0468031812946723 0.586059033870697 0.00858509540557861 0.00256204605102539
0.0514371667278207 0.586059033870697 0.00858509540557861 0.00256204605102539
0.0565299633015929 0.586059033870697 0.00858509540557861 0.00256204605102539
0.0621269979310704 0.586059033870697 0.00858509540557861 0.00256204605102539
0.068278195252578 0.586059033870697 0.00858509540557861 0.00256204605102539
0.0750384229432996 0.586059033870697 0.0173649191856384 0.00591987371444702
0.0824679811320132 0.586059033870697 0.0173649191856384 0.00591987371444702
0.0907162527069789 0.586059033870697 0.0312012732028961 0.0104014873504639
0.0996980736423392 0.586059033870697 0.0312012732028961 0.0104014873504639
0.109569185139287 0.586059033870697 0.0312012732028961 0.0104014873504639
0.120417635902936 0.586059033870697 0.0312012732028961 0.0104014873504639
0.132340192345309 0.586059033870697 0.0312012732028961 0.0104014873504639
0.145443201725957 0.99837489426136 0.063962459564209 0.0104014873504639
0.159843540752169 0.99837489426136 0.063962459564209 0.0219299793243408
0.175669658100152 0.99837489426136 0.063962459564209 0.0219299793243408
0.193062720156276 0.99837489426136 0.0839655548334122 0.0309050977230072
0.212177870198225 2.30101633071899 0.108008027076721 0.0397831797599792
0.233185612247737 2.30101633071899 0.108008027076721 0.052600085735321
0.25627333193868 2.30101633071899 0.123519450426102 0.052600085735321
0.281646967966354 2.74790793657303 0.144689843058586 0.0780187249183655
0.309532849027073 2.74790793657303 0.156762719154358 0.0780187249183655
0.340179712633237 2.74790793657303 0.182981431484222 0.0780187249183655
0.373860923811385 2.74790793657303 0.207450091838837 0.0923005342483521
0.411253695994416 3.10663169622421 0.250183209776878 0.105467021465302
0.451971945990459 3.13343650102615 0.295254588127136 0.111802011728287
0.496721712052834 3.13343650102615 0.309677064418793 0.135728776454926
0.54590215479858 3.56563341617584 0.340587824583054 0.150906682014465
0.599951955758347 3.7056565284729 0.380574941635132 0.171468377113342
0.659353230344131 3.7056565284729 0.432388082146645 0.194839432835579
0.724635828240139 3.7056565284729 0.470380708575249 0.209233999252319
0.796382059575582 3.7056565284729 0.50520321726799 0.232386827468872
0.875231889036086 3.84656143188477 0.584339618682861 0.277010202407837
0.961888644244345 3.84656143188477 0.634481370449066 0.298738583922386
1.05712528932784 3.93300080299377 0.694489374756813 0.338905692100525
1.16179131963283 3.93300080299377 0.763534501194954 0.360723555088043
1.27682033908432 4.04104995727539 0.825385332107544 0.395127803087234
1.4032383877809 4.04104995727539 0.933728396892548 0.443088054656982
1.54217309410505 4.19232761859894 1.00943011045456 0.490282341837883
1.69486373298454 4.19232761859894 1.13615238666534 0.549009367823601
1.86438038854372 4.19232761859894 1.25678360462189 0.588857874274254
2.0489727885339 4.19232761859894 1.36139917373657 0.65710312128067
2.25184169172242 4.19232761859894 1.52688997983932 0.721274316310883
2.4747966556489 4.19232761859894 1.65480981767178 0.815175175666809
2.7198264022398 4.19232761859894 1.84077107906342 0.876910805702209
2.98911655688376 4.19232761859894 2.04347322881222 0.963318273425102
3.28506914385371 4.19232761859894 2.18193833529949 1.05883476138115
3.61032401197175 4.19232761859894 2.47047030925751 1.16670125722885
3.96778238163021 4.19232761859894 2.64737963676453 1.28188860416412
4.36063272320454 4.19232761859894 2.93698982894421 1.41417829692364
4.79237919768918 4.19232761859894 3.27731788158417 1.52862477302551
5.2668729132423 4.19232761859894 3.66345147788525 1.66966599225998
5.78834627644265 4.19232761859894 3.85898542404175 1.77437847852707
6.36145074466621 4.19232761859894 4.11946094036102 1.9251936674118
6.99129831632754 4.19232761859894 4.55078448355198 2.07038426399231
7.68350712907217 4.19232761859894 4.9897785782814 2.17514687776566
8.45199512379247 4.19232761859894 5.50544035434723 2.33296090364456
9.28882760400582 4.19232761859894 5.76539695262909 2.49617898464203
10.2085149119472 4.19232761859894 6.06690633296967 2.69842606782913
11.2192605084528 4.19232761859894 6.50926661491394 2.88330292701721
12.330080079446 4.19232761859894 6.59622597694397 3.01614141464233
13.5508819543863 4.19232761859894 6.61499166488647 3.2506947517395
14.8925554869521 4.19232761859894 6.62380933761597 3.44871979951859
16.3670681863003 4.19232761859894 6.70795226097107 3.67624628543854
17.9875724652967 4.19232761859894 6.70795226097107 3.94202315807343
19.7685229578944 4.19232761859894 6.70795226097107 4.24570715427399
21.7258054521118 4.19232761859894 6.70795226097107 4.53916049003601
23.8768785886714 4.19232761859894 6.70795226097107 4.97842335700989
26.2409295892292 4.19232761859894 6.70795226097107 5.28168821334839
28.8390454032626 4.19232761859894 6.70795226097107 5.51692056655884
31.6944008002223 4.19232761859894 6.70795226097107 6.01889383792877
34.8324650846968 4.19232761859894 6.70795226097107 6.60237097740173
38.3163339475004 4.19232761859894 6.70795226097107 7.01929569244385
42.1100361799719 4.19232761859894 6.70795226097107 9.56196904182434
46.2793530693252 4.19232761859894 6.81637668609619 10.1219921112061
50.8614742424258 4.19232761859894 6.81637668609619 11.0314388275146
55.8972714730444 4.19232761859894 6.81637668609619 11.0314388275146
61.4316632514152 4.19232761859894 6.81637668609619 11.0314388275146
67.5140154498445 4.19232761859894 6.81637668609619 12.5613522529602
74.1985816582434 4.19232761859894 6.81637668609619 16.5597106218338
81.5449871173038 4.19232761859894 6.81637668609619 16.6364742517471
89.6187605659235 4.19232761859894 6.96647834777832 20.2569642066956
98.4919187468734 4.19232761859894 6.96647834777832 21.934926867485
108.243608784401 4.19232761859894 7.66069293022156 22.9765820503235
118.960814163673 4.19232761859894 7.66069293022156 23.5173110961914
130.739130609284 4.19232761859894 7.66069293022156 25.3112020492554
143.683618783529 4.19232761859894 7.66069293022156 25.3112020492554
157.909741410383 4.19232761859894 7.66069293022156 25.3112020492554
173.703536936922 4.19232761859894 7.66069293022156 35.07301902771
190.901933233621 4.19232761859894 7.66069293022156 35.07301902771
209.803143649102 4.19232761859894 7.95337986946106 46.1044578552246
230.575763898515 4.19232761859894 7.95337986946106 47.8983488082886
253.405082367608 4.19232761859894 7.95337986946106 47.8983488082886
278.494732854913 4.19232761859894 7.95337986946106 47.8983488082886
306.068510952025 4.19232761859894 7.95337986946106 47.8983488082886
336.372370263797 4.19232761859894 8.10348153114319 47.8983488082886
369.676616274388 4.19232761859894 8.10348153114319 47.8983488082886
370.015617281199 4.19232761859894 8.10348153114319 47.8983488082886
