0.0194894644874591 0.586059033870697 0.00793468952178955 0.00139021873474121
0.0195076157341004 0.586059033870697 0.00793468952178955 0.00139021873474121
0.0214706726399789 0.586059033870697 0.00793468952178955 0.00139021873474121
0.0236312725192399 0.586059033870697 0.00793468952178955 0.00139021873474121
0.0260092941773403 0.586059033870697 0.00793468952178955 0.00139021873474121
0.02862661682957 0.586059033870697 0.00793468952178955 0.00139021873474121
0.0315073214028609 0.586059033870697 0.0165431797504425 0.00412744283676147
0.0346779120946542 0.586059033870697 0.0165431797504425 0.00412744283676147
0.0381675602272991 0.586059033870697 0.0165431797504425 0.00412744283676147
0.0420083726415892 0.586059033870697 0.0165431797504425 0.00412744283676147
0.0462787480746938 0.586059033870697 0.0165431797504425 0.00412744283676147
0.0509357916233132 0.586059033870697 0.0165431797504425 0.00412744283676147
0.056061474785492 0.586059033870697 0.0165431797504425 0.00412744283676147
0.0617029568985016 0.586059033870697 0.0165431797504425 0.00412744283676147
0.0679121429571029 0.586059033870697 0.0264307260513306 0.0139529407024384
0.0747461611704054 0.768446087837219 0.0467682480812073 0.020865797996521
0.0822678885754094 0.967256665229797 0.0467682480812073 0.0211656093597412
0.0905465295431877 1.00701880455017 0.0467682480812073 0.0211656093597412
0.0996582525003081 1.9137766957283 0.0493737459182739 0.0404194891452789
0.109686890723714 1.9137766957283 0.0945147275924683 0.0404194891452789
0.120724713656792 1.9137766957283 0.0960730910301208 0.0659104585647583
0.132873275843195 2.74790793657303 0.0960730910301208 0.0659104585647583
0.146244351289115 2.74790793657303 0.124495148658752 0.0837530493736267
0.160960961850701 2.74790793657303 0.130618870258331 0.0837530493736267
0.177158509108387 2.74790793657303 0.164273345377296 0.0915108919143677
0.194986020142061 2.80583125352859 0.207448959350586 0.0920072793960571
0.214807390451206 2.80583125352859 0.212031088769436 0.11107212305069
0.23642351909587 3.39448344707489 0.238540225662291 0.133207857608795
0.260214884898814 3.51117664575577 0.278954617679119 0.145705804228783
0.286400382592417 3.51117664575577 0.283057682216167 0.152434349060059
0.315220934348083 3.56563341617584 0.325202293694019 0.179943114519119
0.346941706403675 3.56563341617584 0.360913448035717 0.19735062122345
0.381854548750803 3.56563341617584 0.412219166755676 0.211716771125793
0.420280680328535 3.62527656555176 0.439970374107361 0.238453388214111
0.462573644428912 3.84656143188477 0.492441171314567 0.25806450843811
0.509122561505755 3.84656143188477 0.539967902004719 0.288714706897736
0.560355709314554 3.93300080299377 0.607609897851944 0.314800024032593
0.616744463322841 3.98659324645996 0.66876695305109 0.349960207939148
0.678807633645181 3.98659324645996 0.746864116750658 0.382185310125351
0.74711623840516 4.04104995727539 0.828649252653122 0.438998430967331
0.822298757442146 4.06265139579773 0.91469794511795 0.477144345641136
0.90504691470005 4.17070913314819 1.00370773673058 0.525142312049866
0.997049767162749 4.17070913314819 1.10895151644945 0.593071341514587
1.0973831681079 4.17070913314819 1.2215336933732 0.648153841495514
1.207813147656 4.17070913314819 1.33828333765268 0.716122388839722
1.32935572737641 4.17070913314819 1.49219340085983 0.776336789131165
1.46312917137724 4.17070913314819 1.62977600097656 0.854596704244614
1.61036427500108 4.19232761859894 1.75627386569977 0.945216715335846
1.77241568887504 4.19232761859894 1.92711913585663 1.03087317943573
1.95077438250316 4.19232761859894 2.16391253471375 1.12688105553389
2.14708136207369 4.19232761859894 2.35378706455231 1.26203596591949
2.36314276869316 4.19232761859894 2.59300518035889 1.37863290309906
2.60094649596008 4.19232761859894 2.76511669158936 1.5212259888649
2.86268047976978 4.19232761859894 3.05340528488159 1.65868330001831
3.15075282862747 4.19232761859894 3.27883577346802 1.83460414409637
3.46781397968047 4.19232761859894 3.55782067775726 2.01788538694382
3.81678108431816 4.19232761859894 3.84202444553375 2.22737419605255
4.2008648477019 4.19232761859894 4.28965139389038 2.4168461561203
4.62790519502682 4.19232761859894 4.42280066013336 2.63541054725647
5.09361260779729 4.19232761859894 4.81012213230133 2.84739995002747
5.6061842896419 4.19232761859894 5.18572998046875 3.07129383087158
6.17033620525356 4.19232761859894 5.5311518907547 3.31363892555237
6.79125888819023 4.19232761859894 6.01071608066559 3.53329503536224
7.47466519687438 4.19232761859894 6.62577390670776 3.65641617774963
8.22684287629239 4.19232761859894 6.6416323184967 3.77663254737854
9.05471240899251 4.19232761859894 6.67132568359375 4.17132687568665
9.96589068764523 4.19232761859894 6.67132568359375 4.17132687568665
10.9687610949915 4.19232761859894 6.67132568359375 4.29789185523987
12.072550635956 4.19232761859894 6.67132568359375 4.29789185523987
13.2874148315868 4.19232761859894 6.67132568359375 4.68593573570251
14.6245311558961 4.19232761859894 6.67132568359375 5.45036029815674
16.0962018752773 4.19232761859894 6.67132568359375 5.64921259880066
17.7159672366814 4.19232761859894 6.67132568359375 5.64921259880066
19.4987300459514 4.19232761859894 6.67132568359375 5.64921259880066
21.4808800919766 4.19232761859894 6.67132568359375 5.64921259880066
23.6425071500281 4.19232761859894 6.67132568359375 5.65874719619751
26.0216593522121 4.19232761859894 6.67132568359375 5.65874719619751
28.6402263154973 4.19232761859894 6.67132568359375 7.13663291931152
31.5223004152183 4.19232761859894 6.67132568359375 9.34427225589752
34.6943984492749 4.19232761859894 6.67132568359375 10.083615899086
38.1857056084627 4.19232761859894 6.67132568359375 11.3079597949982
42.0283439976073 4.19232761859894 6.67132568359375 11.3079597949982
46.2576681780564 4.19232761859894 6.67132568359375 11.3079597949982
50.9125904506965 4.19232761859894 6.67132568359375 11.3079597949982
56.0359388722924 4.19232761859894 6.67132568359375 11.3079597949982
61.674851299112 4.19232761859894 6.67132568359375 16.0931911468506
67.8812090832727 4.19232761859894 6.67132568359375 16.7593712806702
74.7121144120754 4.19232761859894 6.67132568359375 20.4448963403702
82.2304156821292 4.19232761859894 6.67132568359375 22.4085838794708
90.5052857420251 4.19232761859894 6.70648241043091 26.0317204445601
99.7056313992196 4.19232761859894 7.50554966926575 27.4011509418488
109.739037374665 4.19232761859894 7.50554966926575 27.4011509418488
120.782107840023 4.19232761859894 7.50554966926575 27.4011509418488
132.936445619368 4.19232761859894 7.54070639610291 27.4011509418488
146.313877857786 4.19232761859894 7.54070639610291 27.4011509418488
161.037484897703 4.19232761859894 7.54070639610291 27.4011509418488
177.242732691319 4.19232761859894 7.54070639610291 27.4011509418488
195.078719168039 4.19232761859894 7.54070639610291 27.4011509418488
214.709546024206 4.19232761859894 7.54070639610291 27.4011509418488
214.909512828253 4.19232761859894 7.54070639610291 27.4011509418488
