0.0387145280838013 0.586059033870697 0.00795650482177734 0.00252002477645874
0.0387500300966981 0.586059033870697 0.00795650482177734 0.00252002477645874
0.0425866726076336 0.586059033870697 0.00795650482177734 0.00252002477645874
0.0468031812946723 0.586059033870697 0.00795650482177734 0.00252002477645874
0.0514371667278207 0.586059033870697 0.00795650482177734 0.00252002477645874
0.0565299633015929 0.586059033870697 0.00795650482177734 0.00252002477645874
0.0621269979310704 0.586059033870697 0.00795650482177734 0.00252002477645874
0.068278195252578 0.586059033870697 0.00795650482177734 0.00252002477645874
0.0750384229432996 0.586059033870697 0.0165517926216125 0.00443021953105927
0.0824679811320132 0.586059033870697 0.0165517926216125 0.00443021953105927
0.0907162527069789 0.586059033870697 0.0165517926216125 0.00443021953105927
0.0996980736423392 0.586059033870697 0.0165517926216125 0.00443021953105927
0.109569185139287 0.586059033870697 0.0165517926216125 0.00443021953105927
0.120417635902936 0.586059033870697 0.0165517926216125 0.00443021953105927
0.132340192345309 0.586059033870697 0.0165517926216125 0.00443021953105927
0.145443201725957 0.586059033870697 0.0165517926216125 0.00443021953105927
0.159843540752169 0.967256665229797 0.0491538196802139 0.0160030722618103
0.175669658100152 0.967256665229797 0.0491538196802139 0.0313814431428909
0.193062720156276 0.967256665229797 0.0809101611375809 0.0313814431428909
0.212177870198225 1.85931992530823 0.0865104198455811 0.0400322824716568
0.233185612247737 1.9137766957283 0.0865104198455811 0.0505991578102112
0.25627333193868 1.9137766957283 0.101094722747803 0.0537308901548386
0.281646967966354 2.74790793657303 0.141852781176567 0.0572557002305984
0.309532849027073 2.74790793657303 0.152419805526733 0.0617698356509209
0.340179712633237 2.74790793657303 0.182190418243408 0.0661195442080498
0.373860923811385 2.74790793657303 0.204039216041565 0.0815674960613251
0.411253695994416 3.10663169622421 0.242872402071953 0.0893616080284119
0.451971945990459 3.10663169622421 0.287604510784149 0.0955751538276672
0.496721712052834 3.12219077348709 0.287604510784149 0.109224624931812
0.54590215479858 3.56563341617584 0.333170115947723 0.123620063066483
0.599951955758347 3.56563341617584 0.378713607788086 0.133065342903137
0.659353230344131 3.56563341617584 0.422370091080666 0.150525480508804
0.724635828240139 3.56563341617584 0.422833606600761 0.16944620013237
0.796382059575582 3.56563341617584 0.492104351520538 0.177609086036682
0.875231889036086 3.84656143188477 0.524082988500595 0.197969004511833
0.961888644244345 3.84656143188477 0.629894971847534 0.222618244588375
1.05712528932784 3.84656143188477 0.664227977395058 0.237947538495064
1.16179131963283 3.84656143188477 0.73608261346817 0.260635614395142
1.27682033908432 3.98659324645996 0.800478875637054 0.293162822723389
1.4032383877809 4.04104137420654 0.921398222446442 0.319805562496185
1.54217309410505 4.04104995727539 0.993720769882202 0.354904513806105
1.69486373298454 4.17070913314819 1.11058962345123 0.409482944756746
1.86438038854372 4.17070913314819 1.23817050457001 0.438101246953011
2.0489727885339 4.17070913314819 1.31045398116112 0.484557524323463
2.25184169172242 4.17070913314819 1.46129709482193 0.54773760586977
2.4747966556489 4.17070913314819 1.61752893030643 0.599707551300526
2.7198264022398 4.17070913314819 1.77230003476143 0.63715261220932
2.98911655688376 4.19232761859894 2.00238865613937 0.713801994919777
3.28506914385371 4.19232761859894 2.14896230399609 0.78210774064064
3.61032401197175 4.19232761859894 2.42401736974716 0.864407531917095
3.96778238163021 4.19232761859894 2.62389063835144 0.961324214935303
4.36063272320454 4.19232761859894 2.87270419299603 1.04147712886333
4.79237919768918 4.19232761859894 3.15820240974426 1.13245694339275
5.2668729132423 4.19232761859894 3.58508412539959 1.26609602570534
5.78834627644265 4.19232761859894 3.82921272516251 1.41345775127411
6.36145074466621 4.19232761859894 4.04633831977844 1.54394851624966
6.99129831632754 4.19232761859894 4.48890168964863 1.67968375980854
7.68350712907217 4.19232761859894 4.94492095708847 1.82488188892603
8.45199512379247 4.19232761859894 5.32057738304138 2.07165691256523
9.28882760400582 4.19232761859894 5.53995931148529 2.30398820340633
10.2085149119472 4.19232761859894 6.11803984642029 2.53931188583374
11.2192605084528 4.19232761859894 6.60694026947021 2.81113040447235
12.330080079446 4.19232761859894 6.6725640296936 3.06061410903931
13.5508819543863 4.19232761859894 6.69063663482666 3.40255333483219
14.8925554869521 4.19232761859894 6.69344067573547 3.75065684318542
16.3670681863003 4.19232761859894 6.69344067573547 4.11105167865753
17.9875724652967 4.19232761859894 6.69447779655457 4.56255938112736
19.7685229578944 4.19232761859894 6.69447779655457 5.09808731079102
21.7258054521118 4.19232761859894 6.69447779655457 5.44223874807358
23.8768785886714 4.19232761859894 6.69447779655457 5.95329803228378
26.2409295892292 4.19232761859894 6.69447779655457 6.66582372784615
28.8390454032626 4.19232761859894 6.69447779655457 7.43044829368591
31.6944008002223 4.19232761859894 6.69447779655457 7.98970425128937
34.8324650846968 4.19232761859894 6.69447779655457 8.9692770242691
38.3163339475004 4.19232761859894 6.69447779655457 9.78169645369053
42.1100361799719 4.19232761859894 6.69447779655457 10.6659731268883
46.2793530693252 4.19232761859894 6.69447779655457 11.6694134473801
50.8614742424258 4.19232761859894 6.69447779655457 13.0926749259233
55.8972714730444 4.19232761859894 6.69447779655457 13.9823741316795
61.4316632514152 4.19232761859894 6.69447779655457 14.2666231393814
67.5140154498445 4.19232761859894 6.69447779655457 15.8049087524414
74.1985816582434 4.19232761859894 6.69447779655457 17.8639450073242
81.5449871173038 4.19232761859894 6.69447779655457 20.8395175933838
89.6187605659235 4.19232761859894 6.69447779655457 22.5857372283936
98.4919187468734 4.19232761859894 6.69447779655457 24.7970218658447
108.243608784401 4.19232761859894 7.54523754119873 28.1622846126556
118.960814163673 4.19232761859894 7.54523754119873 30.9743133708835
130.739130609284 4.19232761859894 7.54523754119873 32.1305681467056
143.683618783529 4.19232761859894 7.54523754119873 32.1305681467056
157.909741410383 4.19232761859894 7.54523754119873 32.1305681467056
173.703536936922 4.19232761859894 7.54523754119873 32.1305681467056
190.901933233621 4.19232761859894 7.54523754119873 32.1305681467056
209.803143649102 4.19232761859894 7.54523754119873 32.4751039743423
230.575763898515 4.19232761859894 7.81135749816895 33.5564239025116
253.405082367608 4.19232761859894 7.81135749816895 33.5564239025116
278.494732854913 4.19232761859894 7.81135749816895 33.5564239025116
306.068510952025 4.19232761859894 7.81135749816895 33.5564239025116
336.372370263797 4.19232761859894 7.81135749816895 33.5564239025116
369.676616274388 4.19232761859894 7.81135749816895 33.5564239025116
370.015617281199 4.19232761859894 7.81135749816895 33.5564239025116
