0.0194894644874591 0.586059033870697 0.00953692197799683 0.00386211276054382
0.0195076157341004 0.586059033870697 0.00953692197799683 0.00386211276054382
0.0214706726399789 0.586059033870697 0.00953692197799683 0.00386211276054382
0.0236312725192399 0.586059033870697 0.00953692197799683 0.00386211276054382
0.0260092941773403 0.586059033870697 0.00953692197799683 0.00386211276054382
0.02862661682957 0.586059033870697 0.00953692197799683 0.00386211276054382
0.0315073214028609 0.586059033870697 0.0184950232505798 0.00832946598529816
0.0346779120946542 0.586059033870697 0.0184950232505798 0.00832946598529816
0.0381675602272991 0.586059033870697 0.0184950232505798 0.00832946598529816
0.0420083726415892 0.586059033870697 0.0184950232505798 0.00832946598529816
0.0462787480746938 0.586059033870697 0.0323254764080048 0.00832946598529816
0.0509357916233132 0.586059033870697 0.0323254764080048 0.00832946598529816
0.056061474785492 0.586059033870697 0.0323254764080048 0.00832946598529816
0.0617029568985016 0.586059033870697 0.0323254764080048 0.00832946598529816
0.0679121429571029 0.651752918958664 0.0323254764080048 0.0258636772632599
0.0747461611704054 0.768446087837219 0.0409634560346603 0.0258636772632599
0.0822678885754094 0.967256665229797 0.043932318687439 0.0258636772632599
0.0905465295431877 1.00701880455017 0.0480621755123138 0.0258636772632599
0.0996582525003081 1.9137766957283 0.0627138018608093 0.0300407111644745
0.109686890723714 2.30101633071899 0.0968487858772278 0.0392392575740814
0.120724713656792 2.30101633071899 0.0968487858772278 0.0392392575740814
0.132873275843195 2.74790793657303 0.106896549463272 0.0530371963977814
0.146244351289115 2.74790793657303 0.135660700500011 0.0593622028827667
0.160960961850701 2.74790793657303 0.162424936890602 0.064013883471489
0.177158509108387 2.74790793657303 0.172373503446579 0.0670276582241058
0.194986020142061 2.80583125352859 0.201019048690796 0.0812276899814606
0.214807390451206 3.0089550614357 0.221006356179714 0.0928028523921967
0.23642351909587 3.39448344707489 0.248262636363506 0.10212567448616
0.260214884898814 3.51117664575577 0.276574857532978 0.111163556575775
0.286400382592417 3.51117664575577 0.29302953928709 0.121905028820038
0.315220934348083 3.7056565284729 0.337951958179474 0.140323683619499
0.346941706403675 3.7056565284729 0.367692835628986 0.160238429903984
0.381854548750803 3.7056565284729 0.418851017951965 0.164203405380249
0.420280680328535 3.70566511154175 0.448819883167744 0.183944597840309
0.462573644428912 3.84656143188477 0.489719726145267 0.202171832323074
0.509122561505755 3.93300080299377 0.556084655225277 0.223657637834549
0.560355709314554 3.93300080299377 0.609762534499168 0.251581981778145
0.616744463322841 4.19232761859894 0.661786995828152 0.271522283554077
0.678807633645181 4.19232761859894 0.746041737496853 0.291475102305412
0.74711623840516 4.19232761859894 0.834583654999733 0.337281286716461
0.822298757442146 4.19232761859894 0.91487779468298 0.361601978540421
0.90504691470005 4.19232761859894 1.00200340151787 0.394955813884735
0.997049767162749 4.19232761859894 1.10763812065125 0.430192947387695
1.0973831681079 4.19232761859894 1.23260566592216 0.478961706161499
1.207813147656 4.19232761859894 1.34906121343374 0.52644756436348
1.32935572737641 4.19232761859894 1.47087448835373 0.57500433921814
1.46312917137724 4.19232761859894 1.63928079605103 0.614703088998795
1.61036427500108 4.19232761859894 1.7887440174818 0.680091202259064
1.77241568887504 4.19232761859894 1.94083321094513 0.77293998003006
1.95077438250316 4.19232761859894 2.14021003246307 0.801672369241714
2.14708136207369 4.19232761859894 2.33886957168579 0.883978098630905
2.36314276869316 4.19232761859894 2.57088649272919 1.01666045188904
2.60094649596008 4.19232761859894 2.78584289550781 1.04732894897461
2.86268047976978 4.19232761859894 3.036696434021 1.12043929100037
3.15075282862747 4.19232761859894 3.29788589477539 1.34557342529297
3.46781397968047 4.19232761859894 3.53994607925415 1.38842642307281
3.81678108431816 4.19232761859894 3.81326615810394 1.4545795917511
4.2008648477019 4.19232761859894 4.2242648601532 1.63953399658203
4.62790519502682 4.19232761859894 4.54467117786407 1.66481781005859
5.09361260779729 4.19232761859894 4.81585192680359 1.86742866039276
5.6061842896419 4.19232761859894 5.14594483375549 2.09548020362854
6.17033620525356 4.19232761859894 5.51699459552765 2.26763665676117
6.79125888819023 4.19232761859894 6.1587860584259 2.39803767204285
7.47466519687438 4.19232761859894 6.64796948432922 2.63563632965088
8.22684287629239 4.19232761859894 6.70143795013428 2.77682375907898
9.05471240899251 4.19232761859894 6.80456781387329 3.20917773246765
9.96589068764523 4.19232761859894 6.80456781387329 3.43722927570343
10.9687610949915 4.19232761859894 6.80456781387329 3.84940874576569
12.072550635956 4.19232761859894 6.80456781387329 3.9523104429245
13.2874148315868 4.19232761859894 6.80456781387329 4.22415101528168
14.6245311558961 4.19232761859894 6.80456781387329 4.90819752216339
16.0962018752773 4.19232761859894 6.80456781387329 5.60593688488007
17.7159672366814 4.19232761859894 7.05035495758057 5.60593688488007
19.4987300459514 4.19232761859894 7.05035495758057 6.53608083724976
21.4808800919766 4.19232761859894 7.05035495758057 6.53608083724976
23.6425071500281 4.19232761859894 7.05035495758057 6.53608083724976
26.0216593522121 4.19232761859894 7.06258249282837 7.26296472549438
28.6402263154973 4.19232761859894 7.06258249282837 7.26296472549438
31.5223004152183 4.19232761859894 7.06258249282837 8.05105674266815
34.6943984492749 4.19232761859894 7.06258249282837 9.26786077022552
38.1857056084627 4.19232761859894 7.06258249282837 11.5797905921936
42.0283439976073 4.19232761859894 7.06258249282837 12.3066744804382
46.2576681780564 4.19232761859894 7.06258249282837 12.3066744804382
50.9125904506965 4.19232761859894 7.06258249282837 13.7531137466431
56.0359388722924 4.19232761859894 7.06258249282837 13.7531137466431
61.674851299112 4.19232761859894 7.60539293289185 13.7868480682373
67.8812090832727 4.19232761859894 7.60539293289185 15.6792993545532
74.7121144120754 4.19232761859894 7.60539293289185 18.6866463422775
82.2304156821292 4.19232761859894 7.60539293289185 22.9422640800476
90.5052857420251 4.19232761859894 7.60539293289185 24.3887033462524
99.7056313992196 4.19232761859894 7.60539293289185 27.2052145004272
109.739037374665 4.19232761859894 7.60539293289185 27.5399618148804
120.782107840023 4.19232761859894 7.60539293289185 30.358250617981
132.936445619368 4.19232761859894 8.11708617210388 33.5095090866089
146.313877857786 4.19232761859894 8.11708617210388 33.5095090866089
161.037484897703 4.19232761859894 8.11708617210388 38.8661651611328
177.242732691319 4.19232761859894 8.11708617210388 38.8661651611328
195.078719168039 4.19232761859894 8.11708617210388 51.172839641571
214.709546024206 4.19232761859894 8.28550672531128 58.5888261795044
214.909512828253 4.19232761859894 8.28550672531128 58.5888261795044
