0.0387145280838013 0.586059033870697 0.00831389427185059 0.00162588059902191
0.0387500300966981 0.586059033870697 0.00831389427185059 0.00162588059902191
0.0425866726076336 0.586059033870697 0.00831389427185059 0.00162588059902191
0.0468031812946723 0.586059033870697 0.00831389427185059 0.00162588059902191
0.0514371667278207 0.586059033870697 0.00831389427185059 0.00162588059902191
0.0565299633015929 0.586059033870697 0.00831389427185059 0.00162588059902191
0.0621269979310704 0.586059033870697 0.00831389427185059 0.00162588059902191
0.068278195252578 0.586059033870697 0.00831389427185059 0.00162588059902191
0.0750384229432996 0.586059033870697 0.0170080065727234 0.00309059023857117
0.0824679811320132 0.586059033870697 0.0170080065727234 0.00309059023857117
0.0907162527069789 0.586059033870697 0.0309388935565948 0.00933235883712769
0.0996980736423392 0.586059033870697 0.0309388935565948 0.00933235883712769
0.109569185139287 0.586059033870697 0.0309388935565948 0.00933235883712769
0.120417635902936 0.586059033870697 0.0309388935565948 0.00933235883712769
0.132340192345309 0.586059033870697 0.0309388935565948 0.00933235883712769
0.145443201725957 0.99837489426136 0.0646292567253113 0.0182688236236572
0.159843540752169 0.99837489426136 0.0646292567253113 0.0211189538240433
0.175669658100152 0.99837489426136 0.0646292567253113 0.0301819443702698
0.193062720156276 0.99837489426136 0.0830903649330139 0.0301819443702698
0.212177870198225 2.30101633071899 0.107075750827789 0.0357444286346436
0.233185612247737 2.30101633071899 0.107075750827789 0.046439528465271
0.25627333193868 2.30101633071899 0.122880667448044 0.0559666752815247
0.281646967966354 2.74790793657303 0.143770813941956 0.0606808960437775
0.309532849027073 2.74790793657303 0.155369758605957 0.0757587552070618
0.340179712633237 2.74790793657303 0.181586861610413 0.0781822204589844
0.373860923811385 2.74790793657303 0.206461757421494 0.0846506953239441
0.411253695994416 3.10663169622421 0.247998412698507 0.0944012403488159
0.451971945990459 3.13343650102615 0.293117076158524 0.105039596557617
0.496721712052834 3.13343650102615 0.309479832649231 0.120873004198074
0.54590215479858 3.56563341617584 0.33844855427742 0.129271864891052
0.599951955758347 3.7056565284729 0.379270285367966 0.145322054624557
0.659353230344131 3.7056565284729 0.429788380861282 0.159879505634308
0.724635828240139 3.7056565284729 0.467027932405472 0.179418087005615
0.796382059575582 3.7056565284729 0.501472622156143 0.201412633061409
0.875231889036086 3.84656143188477 0.581998586654663 0.222610056400299
0.961888644244345 3.84656143188477 0.632029742002487 0.237717807292938
1.05712528932784 3.93300080299377 0.691344261169434 0.263868615031242
1.16179131963283 3.93300080299377 0.758111521601677 0.295047461986542
1.27682033908432 4.04104995727539 0.820184171199799 0.32280570268631
1.4032383877809 4.04104995727539 0.929323881864548 0.358073592185974
1.54217309410505 4.19232761859894 1.00452902913094 0.39260059595108
1.69486373298454 4.19232761859894 1.1294276714325 0.432453259825706
1.86438038854372 4.19232761859894 1.25067496299744 0.482591778039932
2.0489727885339 4.19232761859894 1.35371804237366 0.528527498245239
2.25184169172242 4.19232761859894 1.51798430085182 0.572472482919693
2.4747966556489 4.19232761859894 1.64451770484447 0.626920998096466
2.7198264022398 4.19232761859894 1.83063638210297 0.688990592956543
2.98911655688376 4.19232761859894 2.02994748950005 0.775619238615036
3.28506914385371 4.19232761859894 2.17155674099922 0.844120681285858
3.61032401197175 4.19232761859894 2.45763343572617 0.936024904251099
3.96778238163021 4.19232761859894 2.63645577430725 1.0237549841404
4.36063272320454 4.19232761859894 2.91864618426189 1.13302981853485
4.79237919768918 4.19232761859894 3.25893878936768 1.2438739836216
5.2668729132423 4.19232761859894 3.64136370783672 1.38775455951691
5.78834627644265 4.19232761859894 3.84555453062057 1.50312685966492
6.36145074466621 4.19232761859894 4.09954872727394 1.64939081668854
6.99129831632754 4.19232761859894 4.53083319962025 1.81903730332851
7.68350712907217 4.19232761859894 4.97322463989258 2.00839458405972
8.45199512379247 4.19232761859894 5.49047100543976 2.20441591739655
9.28882760400582 4.19232761859894 5.76191544532776 2.41973865032196
10.2085149119472 4.19232761859894 6.0652642250061 2.61700659990311
11.2192605084528 4.19232761859894 6.51621842384338 2.92768317461014
12.330080079446 4.19232761859894 6.59966158866882 3.17037269473076
13.5508819543863 4.19232761859894 6.61860084533691 3.51934885978699
14.8925554869521 4.19232761859894 6.63072490692139 3.75916939973831
16.3670681863003 4.19232761859894 6.69584465026855 4.07084378600121
17.9875724652967 4.19232761859894 6.69926166534424 4.19772762060165
19.7685229578944 4.19232761859894 6.69926166534424 4.93495094776154
21.7258054521118 4.19232761859894 6.69926166534424 5.52394366264343
23.8768785886714 4.19232761859894 6.69926166534424 6.10539501905441
26.2409295892292 4.19232761859894 6.69926166534424 6.9200667142868
28.8390454032626 4.19232761859894 6.69926166534424 7.36825561523438
31.6944008002223 4.19232761859894 6.69926166534424 8.18654605746269
34.8324650846968 4.19232761859894 6.69926166534424 8.79619723558426
38.3163339475004 4.19232761859894 6.69926166534424 9.4971399307251
42.1100361799719 4.19232761859894 6.69926166534424 10.1943167448044
46.2793530693252 4.19232761859894 6.76730465888977 10.380225777626
50.8614742424258 4.19232761859894 6.76730465888977 10.380225777626
55.8972714730444 4.19232761859894 6.76730465888977 10.6344108581543
61.4316632514152 4.19232761859894 6.76730465888977 11.7787874937057
67.5140154498445 4.19232761859894 6.76730465888977 14.889618396759
74.1985816582434 4.19232761859894 6.76730465888977 15.3785648345947
81.5449871173038 4.19232761859894 6.76730465888977 16.1748863458633
89.6187605659235 4.19232761859894 6.76730465888977 19.4455323219299
98.4919187468734 4.19232761859894 6.76730465888977 22.823657989502
108.243608784401 4.19232761859894 7.46250247955322 24.6510014533997
118.960814163673 4.19232761859894 7.46250247955322 25.5240292549133
130.739130609284 4.19232761859894 7.46250247955322 30.0811738967896
143.683618783529 4.19232761859894 7.46250247955322 30.0811738967896
157.909741410383 4.19232761859894 7.46250247955322 31.6656446456909
173.703536936922 4.19232761859894 7.46250247955322 37.9352421760559
190.901933233621 4.19232761859894 7.46250247955322 37.9352421760559
209.803143649102 4.19232761859894 7.52867007255554 48.099268913269
230.575763898515 4.19232761859894 7.52867007255554 53.1267976760864
253.405082367608 4.19232761859894 7.52867007255554 53.1267976760864
278.494732854913 4.19232761859894 7.52867007255554 54.7112684249878
306.068510952025 4.19232761859894 7.52867007255554 54.7112684249878
336.372370263797 4.19232761859894 7.52867007255554 67.6739444732666
369.676616274388 4.19232761859894 7.52867007255554 67.6739444732666
370.015617281199 4.19232761859894 7.52867007255554 67.6739444732666
