0.0387145280838013 0.586059033870697 0.00832200050354004 0.000745862722396851
0.0387500300966981 0.586059033870697 0.00832200050354004 0.000745862722396851
0.0425866726076336 0.586059033870697 0.00832200050354004 0.000745862722396851
0.0468031812946723 0.586059033870697 0.00832200050354004 0.000745862722396851
0.0514371667278207 0.586059033870697 0.00832200050354004 0.000745862722396851
0.0565299633015929 0.586059033870697 0.00832200050354004 0.000745862722396851
0.0621269979310704 0.586059033870697 0.00832200050354004 0.000745862722396851
0.068278195252578 0.586059033870697 0.00832200050354004 0.000745862722396851
0.0750384229432996 0.586059033870697 0.0170517265796661 0.00181519985198975
0.0824679811320132 0.586059033870697 0.0170517265796661 0.00181519985198975
0.0907162527069789 0.586059033870697 0.0170517265796661 0.00181519985198975
0.0996980736423392 0.586059033870697 0.0170517265796661 0.00181519985198975
0.109569185139287 0.586059033870697 0.0170517265796661 0.00181519985198975
0.120417635902936 0.586059033870697 0.0170517265796661 0.00181519985198975
0.132340192345309 0.586059033870697 0.0170517265796661 0.00181519985198975
0.145443201725957 0.586059033870697 0.0170517265796661 0.00181519985198975
0.159843540752169 0.967256665229797 0.0447014421224594 0.0156681537628174
0.175669658100152 0.967256665229797 0.0508886277675629 0.0356818437576294
0.193062720156276 0.967256665229797 0.0830712765455246 0.0429333448410034
0.212177870198225 1.85931992530823 0.0874513983726501 0.0429333448410034
0.233185612247737 1.9137766957283 0.0874513983726501 0.0510818064212799
0.25627333193868 1.9137766957283 0.0978807210922241 0.0609016418457031
0.281646967966354 2.74790793657303 0.143867567181587 0.0739261209964752
0.309532849027073 2.74790793657303 0.155332565307617 0.0789614617824554
0.340179712633237 2.74790793657303 0.175526738166809 0.0829527378082275
0.373860923811385 2.74790793657303 0.206521302461624 0.10151994228363
0.411253695994416 3.10663169622421 0.247972682118416 0.115705654025078
0.451971945990459 3.10663169622421 0.293082505464554 0.124795198440552
0.496721712052834 3.12219077348709 0.293082505464554 0.143813133239746
0.54590215479858 3.56563341617584 0.338543802499771 0.152050018310547
0.599951955758347 3.56563341617584 0.379398435354233 0.17137598991394
0.659353230344131 3.56563341617584 0.429829940199852 0.189414530992508
0.724635828240139 3.56563341617584 0.431573823094368 0.203192710876465
0.796382059575582 3.56563341617584 0.501389563083649 0.233059167861938
0.875231889036086 3.84656143188477 0.528930574655533 0.249520659446716
0.961888644244345 3.84656143188477 0.632139682769775 0.272759914398193
1.05712528932784 3.84656143188477 0.654592514038086 0.308260083198547
1.16179131963283 3.84656143188477 0.749910205602646 0.335157126188278
1.27682033908432 3.98659324645996 0.807214319705963 0.371339201927185
1.4032383877809 4.04104137420654 0.929510027170181 0.411228895187378
1.54217309410505 4.04104995727539 1.00458958745003 0.45730447769165
1.69486373298454 4.17070913314819 1.1293198466301 0.490924373269081
1.86438038854372 4.17070913314819 1.25096184015274 0.551515698432922
2.0489727885339 4.17070913314819 1.32762253284454 0.604292616248131
2.25184169172242 4.17070913314819 1.46609678864479 0.667773962020874
2.4747966556489 4.17070913314819 1.64448098838329 0.7243472635746
2.7198264022398 4.17070913314819 1.80032105743885 0.807802885770798
2.98911655688376 4.19232761859894 2.03006879985332 0.885671317577362
3.28506914385371 4.19232761859894 2.17195020616055 0.96023690700531
3.61032401197175 4.19232761859894 2.45784509181976 1.06252324581146
3.96778238163021 4.19232761859894 2.63791537284851 1.18424960970879
4.36063272320454 4.19232761859894 2.91861985437572 1.28167510032654
4.79237919768918 4.19232761859894 3.19604882597923 1.43424320220947
5.2668729132423 4.19232761859894 3.6419722866267 1.56012800335884
5.78834627644265 4.19232761859894 3.84651440382004 1.67448282241821
6.36145074466621 4.19232761859894 4.10090199112892 1.85761527717113
6.99129831632754 4.19232761859894 4.53070099651814 2.03461623191833
7.68350712907217 4.19232761859894 4.97584706544876 2.23383891582489
8.45199512379247 4.19232761859894 5.34495276212692 2.44091954827309
9.28882760400582 4.19232761859894 5.54823744297028 2.67236992716789
10.2085149119472 4.19232761859894 6.07038295269012 2.94502058625221
11.2192605084528 4.19232761859894 6.52310609817505 3.17651557922363
12.330080079446 4.19232761859894 6.60403537750244 3.51395988464355
13.5508819543863 4.19232761859894 6.62007474899292 3.89806768298149
14.8925554869521 4.19232761859894 6.63052940368652 4.22711104154587
16.3670681863003 4.19232761859894 6.67739176750183 4.62577605247498
17.9875724652967 4.19232761859894 6.68784642219543 5.07079458236694
19.7685229578944 4.19232761859894 6.68784642219543 5.53008484840393
21.7258054521118 4.19232761859894 6.68784642219543 5.82907557487488
23.8768785886714 4.19232761859894 6.68784642219543 6.44021153450012
26.2409295892292 4.19232761859894 6.68784642219543 7.41358375549316
28.8390454032626 4.19232761859894 6.68784642219543 8.14216268062592
31.6944008002223 4.19232761859894 6.68784642219543 8.98159404098988
34.8324650846968 4.19232761859894 6.68784642219543 9.85831427574158
38.3163339475004 4.19232761859894 6.68784642219543 10.7737230062485
42.1100361799719 4.19232761859894 6.68784642219543 11.3220522403717
46.2793530693252 4.19232761859894 6.68784642219543 11.7389900684357
50.8614742424258 4.19232761859894 6.68784642219543 11.7389900684357
55.8972714730444 4.19232761859894 6.68784642219543 12.7977035045624
61.4316632514152 4.19232761859894 6.68784642219543 12.7977035045624
67.5140154498445 4.19232761859894 6.68784642219543 13.5650882720947
74.1985816582434 4.19232761859894 6.68784642219543 14.0495128631592
81.5449871173038 4.19232761859894 6.68784642219543 15.4625341892242
89.6187605659235 4.19232761859894 6.68784642219543 18.4399180412292
98.4919187468734 4.19232761859894 6.68784642219543 19.9537986516953
108.243608784401 4.19232761859894 7.39072012901306 21.6932413578033
118.960814163673 4.19232761859894 7.39072012901306 22.7519547939301
130.739130609284 4.19232761859894 7.39072012901306 23.5193395614624
143.683618783529 4.19232761859894 7.39072012901306 24.1247801780701
157.909741410383 4.19232761859894 7.39072012901306 25.6130924224854
173.703536936922 4.19232761859894 7.39072012901306 25.6130924224854
190.901933233621 4.19232761859894 7.39072012901306 28.3884086608887
209.803143649102 4.19232761859894 7.39072012901306 30.464391708374
230.575763898515 4.19232761859894 7.42906975746155 31.8268508911133
253.405082367608 4.19232761859894 7.42906975746155 31.8268508911133
278.494732854913 4.19232761859894 7.42906975746155 31.8268508911133
306.068510952025 4.19232761859894 7.42906975746155 31.8268508911133
336.372370263797 4.19232761859894 7.42906975746155 31.8268508911133
369.676616274388 4.19232761859894 7.42906975746155 31.8268508911133
370.015617281199 4.19232761859894 7.42906975746155 31.8268508911133
