0.0194894644874591 0.586059033870697 0.00902688503265381 0.00165069103240967
0.0195076157341004 0.586059033870697 0.00902688503265381 0.00165069103240967
0.0214706726399789 0.586059033870697 0.00902688503265381 0.00165069103240967
0.0236312725192399 0.586059033870697 0.00902688503265381 0.00165069103240967
0.0260092941773403 0.586059033870697 0.00902688503265381 0.00165069103240967
0.02862661682957 0.586059033870697 0.00902688503265381 0.00165069103240967
0.0315073214028609 0.586059033870697 0.0179229974746704 0.00461548566818237
0.0346779120946542 0.586059033870697 0.0179229974746704 0.00461548566818237
0.0381675602272991 0.586059033870697 0.0179229974746704 0.00461548566818237
0.0420083726415892 0.586059033870697 0.0179229974746704 0.00461548566818237
0.0462787480746938 0.586059033870697 0.0316219329833984 0.00461548566818237
0.0509357916233132 0.586059033870697 0.0316219329833984 0.00461548566818237
0.056061474785492 0.586059033870697 0.0316219329833984 0.00461548566818237
0.0617029568985016 0.586059033870697 0.0316219329833984 0.00461548566818237
0.0679121429571029 0.651752918958664 0.0316219329833984 0.0278972387313843
0.0747461611704054 0.768446087837219 0.0415628552436829 0.0317940711975098
0.0822678885754094 0.967256665229797 0.0424445271492004 0.0317940711975098
0.0905465295431877 1.00701880455017 0.0475024878978729 0.0405603796243668
0.0996582525003081 1.9137766957283 0.0625177025794983 0.0405603796243668
0.109686890723714 2.30101633071899 0.0945611894130707 0.053803563117981
0.120724713656792 2.30101633071899 0.0945611894130707 0.0663438439369202
0.132873275843195 2.74790793657303 0.103957951068878 0.0671746134757996
0.146244351289115 2.74790793657303 0.133933365345001 0.0792127400636673
0.160960961850701 2.74790793657303 0.160130858421326 0.0837878286838531
0.177158509108387 2.74790793657303 0.169758796691895 0.0947499573230743
0.194986020142061 2.80583125352859 0.199854135513306 0.111771926283836
0.214807390451206 3.0089550614357 0.219005689024925 0.124920979142189
0.23642351909587 3.39448344707489 0.243460418656468 0.141188323497772
0.260214884898814 3.51117664575577 0.274310410022736 0.154747903347015
0.286400382592417 3.51117664575577 0.287801504135132 0.175584495067596
0.315220934348083 3.7056565284729 0.33309543132782 0.188731729984283
0.346941706403675 3.7056565284729 0.36273467540741 0.213215827941895
0.381854548750803 3.7056565284729 0.41301816701889 0.225050628185272
0.420280680328535 3.70566511154175 0.444721670821309 0.249281734228134
0.462573644428912 3.84656143188477 0.482175439596176 0.288908645510674
0.509122561505755 3.93300080299377 0.547691971063614 0.304145038127899
0.560355709314554 3.93300080299377 0.60234522819519 0.34579011797905
0.616744463322841 4.19232761859894 0.655280977487564 0.378495499491692
0.678807633645181 4.19232761859894 0.73541197180748 0.417003244161606
0.74711623840516 4.19232761859894 0.823165088891983 0.454895526170731
0.822298757442146 4.19232761859894 0.901974705979228 0.498852372169495
0.90504691470005 4.19232761859894 0.989911049604416 0.544946894049644
0.997049767162749 4.19232761859894 1.09435543417931 0.59942963719368
1.0973831681079 4.19232761859894 1.21727925539017 0.660906821489334
1.207813147656 4.19232761859894 1.33132556080818 0.739047482609749
1.32935572737641 4.19232761859894 1.45856952667236 0.815604239702225
1.46312917137724 4.19232761859894 1.61883616447449 0.884315192699432
1.61036427500108 4.19232761859894 1.76677575707436 0.954682052135468
1.77241568887504 4.19232761859894 1.91412442922592 1.04293888807297
1.95077438250316 4.19232761859894 2.12113052606583 1.17262303829193
2.14708136207369 4.19232761859894 2.31696462631226 1.27115613222122
2.36314276869316 4.19232761859894 2.54854989051819 1.387042760849
2.60094649596008 4.19232761859894 2.7554417848587 1.53040438890457
2.86268047976978 4.19232761859894 3.012286901474 1.68990474939346
3.15075282862747 4.19232761859894 3.27054882049561 1.87955170869827
3.46781397968047 4.19232761859894 3.51440715789795 2.01960855722427
3.81678108431816 4.19232761859894 3.78548729419708 2.30412673950195
4.2008648477019 4.19232761859894 4.20617747306824 2.47103810310364
4.62790519502682 4.19232761859894 4.50029349327087 2.73443222045898
5.09361260779729 4.19232761859894 4.77620506286621 2.85963726043701
5.6061842896419 4.19232761859894 5.12292385101318 3.2028284072876
6.17033620525356 4.19232761859894 5.48875498771667 3.38594341278076
6.79125888819023 4.19232761859894 6.11546576023102 3.6771993637085
7.47466519687438 4.19232761859894 6.60680317878723 3.91267561912537
8.22684287629239 4.19232761859894 6.65464520454407 4.3820276260376
9.05471240899251 4.19232761859894 6.74423241615295 4.81614184379578
9.96589068764523 4.19232761859894 6.74423241615295 4.96943879127502
10.9687610949915 4.19232761859894 6.74423241615295 5.50137209892273
12.072550635956 4.19232761859894 6.74423241615295 6.25035572052002
13.2874148315868 4.19232761859894 6.74423241615295 6.71904683113098
14.6245311558961 4.19232761859894 6.74423241615295 7.83788251876831
16.0962018752773 4.19232761859894 6.74423241615295 8.1364860534668
17.7159672366814 4.19232761859894 6.74423241615295 8.92635345458984
19.4987300459514 4.19232761859894 6.74423241615295 9.68824481964111
21.4808800919766 4.19232761859894 6.74423241615295 10.4107894897461
23.6425071500281 4.19232761859894 6.74423241615295 11.3467874526978
26.0216593522121 4.19232761859894 6.89198994636536 11.3467874526978
28.6402263154973 4.19232761859894 6.89198994636536 13.4641666412354
31.5223004152183 4.19232761859894 6.89198994636536 14.6601152420044
34.6943984492749 4.19232761859894 6.89198994636536 14.6601152420044
38.1857056084627 4.19232761859894 6.89198994636536 17.2484474182129
42.0283439976073 4.19232761859894 6.89198994636536 17.737190246582
46.2576681780564 4.19232761859894 6.89198994636536 21.0505180358887
50.9125904506965 4.19232761859894 6.89198994636536 23.6388502120972
56.0359388722924 4.19232761859894 6.89198994636536 23.6388502120972
61.674851299112 4.19232761859894 7.32831597328186 24.1341438293457
67.8812090832727 4.19232761859894 7.32831597328186 26.4530944824219
74.7121144120754 4.19232761859894 7.32831597328186 30.6879110336304
82.2304156821292 4.19232761859894 7.32831597328186 37.0783138275146
90.5052857420251 4.19232761859894 7.32831597328186 42.5317420959473
99.7056313992196 4.19232761859894 7.61247086524963 42.5317420959473
109.739037374665 4.19232761859894 7.61247086524963 51.061580657959
120.782107840023 4.19232761859894 7.61247086524963 56.5150089263916
132.936445619368 4.19232761859894 8.04879689216614 61.3675556182861
146.313877857786 4.19232761859894 8.04879689216614 61.3675556182861
161.037484897703 4.19232761859894 8.04879689216614 61.3675556182861
177.242732691319 4.19232761859894 8.04879689216614 61.3675556182861
195.078719168039 4.19232761859894 8.04879689216614 70.4616012573242
214.709546024206 4.19232761859894 8.30082154273987 92.5058631896973
214.909512828253 4.19232761859894 8.30082154273987 92.5058631896973
