0.0194894644874591 0.586059033870697 0.00809842348098755 0.00200009346008301
0.0195076157341004 0.586059033870697 0.00809842348098755 0.00200009346008301
0.0214706726399789 0.586059033870697 0.00809842348098755 0.00200009346008301
0.0236312725192399 0.586059033870697 0.00809842348098755 0.00200009346008301
0.0260092941773403 0.586059033870697 0.00809842348098755 0.00200009346008301
0.02862661682957 0.586059033870697 0.00809842348098755 0.00200009346008301
0.0315073214028609 0.586059033870697 0.0167132616043091 0.00216875970363617
0.0346779120946542 0.586059033870697 0.0167132616043091 0.00216875970363617
0.0381675602272991 0.586059033870697 0.0167132616043091 0.00216875970363617
0.0420083726415892 0.586059033870697 0.0167132616043091 0.00216875970363617
0.0462787480746938 0.586059033870697 0.0307410061359406 0.0113842487335205
0.0509357916233132 0.586059033870697 0.0307410061359406 0.0113842487335205
0.056061474785492 0.586059033870697 0.0307410061359406 0.0113842487335205
0.0617029568985016 0.586059033870697 0.0307410061359406 0.0113842487335205
0.0679121429571029 0.651752918958664 0.0307410061359406 0.0172837972640991
0.0747461611704054 0.768446087837219 0.0468913316726685 0.030122384428978
0.0822678885754094 0.967256665229797 0.0468913316726685 0.030122384428978
0.0905465295431877 1.00701880455017 0.0468913316726685 0.0363969206809998
0.0996582525003081 1.9137766957283 0.0666903853416443 0.0411615669727325
0.109686890723714 2.30101633071899 0.0954908132553101 0.0535059049725533
0.120724713656792 2.30101633071899 0.0964346528053284 0.0545783638954163
0.132873275843195 2.74790793657303 0.100202471017838 0.063277006149292
0.146244351289115 2.74790793657303 0.136124853044748 0.0664733350276947
0.160960961850701 2.74790793657303 0.161998510360718 0.0726028978824615
0.177158509108387 2.74790793657303 0.170801520347595 0.0887823402881622
0.194986020142061 2.80583125352859 0.208495259284973 0.097457081079483
0.214807390451206 3.0089550614357 0.223426349461079 0.108709216117859
0.23642351909587 3.39448344707489 0.240399304777384 0.125832796096802
0.260214884898814 3.51117664575577 0.280324824154377 0.133088126778603
0.286400382592417 3.51117664575577 0.28714844584465 0.153115630149841
0.315220934348083 3.7056565284729 0.338775523006916 0.170094549655914
0.346941706403675 3.7056565284729 0.363036639988422 0.18186753988266
0.381854548750803 3.7056565284729 0.419934928417206 0.213467657566071
0.420280680328535 3.70566511154175 0.45437503233552 0.233797252178192
0.462573644428912 3.84656143188477 0.494603846920654 0.251786649227142
0.509122561505755 3.93300080299377 0.555094894021749 0.278027802705765
0.560355709314554 3.93300080299377 0.616504967212677 0.308726012706757
0.616744463322841 4.19232761859894 0.672457240521908 0.345496475696564
0.678807633645181 4.19232761859894 0.751933634281158 0.372520506381989
0.74711623840516 4.19232761859894 0.834055572748184 0.41736912727356
0.822298757442146 4.19232761859894 0.921489216387272 0.461845129728317
0.90504691470005 4.19232761859894 1.00899186730385 0.505344092845917
0.997049767162749 4.19232761859894 1.11511149257421 0.556022495031357
1.0973831681079 4.19232761859894 1.24103552103043 0.606938898563385
1.207813147656 4.19232761859894 1.34618052467704 0.66987419128418
1.32935572737641 4.19232761859894 1.49986386299133 0.72958442568779
1.46312917137724 4.19232761859894 1.63924896717072 0.797472096979618
1.61036427500108 4.19232761859894 1.79038882255554 0.888479650020599
1.77241568887504 4.19232761859894 1.96080937981606 0.996967375278473
1.95077438250316 4.19232761859894 2.17482072114944 1.09293437004089
2.14708136207369 4.19232761859894 2.3658994436264 1.19167393445969
2.36314276869316 4.19232761859894 2.60712993144989 1.329998254776
2.60094649596008 4.19232761859894 2.77826929092407 1.43625342845917
2.86268047976978 4.19232761859894 3.0670086145401 1.59726446866989
3.15075282862747 4.19232761859894 3.3114196062088 1.78117424249649
3.46781397968047 4.19232761859894 3.5728120803833 1.9426321387291
3.81678108431816 4.19232761859894 3.8602386713028 2.15308821201324
4.2008648477019 4.19232761859894 4.30227375030518 2.34355211257935
4.62790519502682 4.19232761859894 4.54325246810913 2.59900498390198
5.09361260779729 4.19232761859894 4.82219457626343 2.82147228717804
5.6061842896419 4.19232761859894 5.2017388343811 3.08842158317566
6.17033620525356 4.19232761859894 5.5433931350708 3.36394274234772
6.79125888819023 4.19232761859894 6.13183236122131 3.69612336158752
7.47466519687438 4.19232761859894 6.6401801109314 4.05546522140503
8.22684287629239 4.19232761859894 6.65110945701599 4.47364497184753
9.05471240899251 4.19232761859894 6.6804621219635 4.74316501617432
9.96589068764523 4.19232761859894 6.6804621219635 4.74316501617432
10.9687610949915 4.19232761859894 6.6804621219635 5.28591704368591
12.072550635956 4.19232761859894 6.6804621219635 5.95273613929749
13.2874148315868 4.19232761859894 6.6804621219635 6.16684007644653
14.6245311558961 4.19232761859894 6.6804621219635 7.3764111995697
16.0962018752773 4.19232761859894 6.6804621219635 7.3764111995697
17.7159672366814 4.19232761859894 6.6804621219635 8.1680736541748
19.4987300459514 4.19232761859894 6.6804621219635 8.1680736541748
21.4808800919766 4.19232761859894 6.6804621219635 8.1680736541748
23.6425071500281 4.19232761859894 6.6804621219635 8.1680736541748
26.0216593522121 4.19232761859894 6.6804621219635 8.24458599090576
28.6402263154973 4.19232761859894 6.6804621219635 8.31211471557617
31.5223004152183 4.19232761859894 6.6804621219635 9.98820352554321
34.6943984492749 4.19232761859894 6.6804621219635 11.907368183136
38.1857056084627 4.19232761859894 6.6804621219635 13.9982423782349
42.0283439976073 4.19232761859894 6.6804621219635 14.0747547149658
46.2576681780564 4.19232761859894 6.6804621219635 16.1822094917297
50.9125904506965 4.19232761859894 6.6804621219635 16.3332118988037
56.0359388722924 4.19232761859894 6.6804621219635 16.3332118988037
61.674851299112 4.19232761859894 6.70212316513062 17.4266347885132
67.8812090832727 4.19232761859894 6.70212316513062 19.0918102264404
74.7121144120754 4.19232761859894 6.70212316513062 22.0663143396378
82.2304156821292 4.19232761859894 6.70212316513062 29.0800137519836
90.5052857420251 4.19232761859894 6.70816159248352 29.5948534011841
99.7056313992196 4.19232761859894 7.41151595115662 33.6088442802429
109.739037374665 4.19232761859894 7.41151595115662 37.2292547225952
120.782107840023 4.19232761859894 7.41151595115662 41.394248008728
132.936445619368 4.19232761859894 7.43921542167664 41.6736688613892
146.313877857786 4.19232761859894 7.43921542167664 41.6736688613892
161.037484897703 4.19232761859894 7.43921542167664 47.1293249130249
177.242732691319 4.19232761859894 7.43921542167664 47.1293249130249
195.078719168039 4.19232761859894 7.43921542167664 62.9476971626282
214.709546024206 4.19232761859894 7.43921542167664 71.3763589859009
214.909512828253 4.19232761859894 7.43921542167664 71.3763589859009
