0.0387145280838013 0.586059033870697 0.0089152455329895 0.00544464588165283
0.0387500300966981 0.586059033870697 0.0089152455329895 0.00544464588165283
0.0425866726076336 0.586059033870697 0.0089152455329895 0.00544464588165283
0.0468031812946723 0.586059033870697 0.0089152455329895 0.00544464588165283
0.0514371667278207 0.586059033870697 0.0089152455329895 0.00544464588165283
0.0565299633015929 0.586059033870697 0.0089152455329895 0.00544464588165283
0.0621269979310704 0.586059033870697 0.0089152455329895 0.00544464588165283
0.068278195252578 0.586059033870697 0.0089152455329895 0.00544464588165283
0.0750384229432996 0.586059033870697 0.017786979675293 0.00888383388519287
0.0824679811320132 0.586059033870697 0.017786979675293 0.00888383388519287
0.0907162527069789 0.586059033870697 0.017786979675293 0.00888383388519287
0.0996980736423392 0.586059033870697 0.017786979675293 0.00888383388519287
0.109569185139287 0.586059033870697 0.017786979675293 0.00888383388519287
0.120417635902936 0.586059033870697 0.017786979675293 0.00888383388519287
0.132340192345309 0.586059033870697 0.017786979675293 0.00888383388519287
0.145443201725957 0.586059033870697 0.017786979675293 0.00888383388519287
0.159843540752169 0.967256665229797 0.0404408574104309 0.0334069728851318
0.175669658100152 0.967256665229797 0.053368479013443 0.0369555950164795
0.193062720156276 0.967256665229797 0.0858603417873383 0.0423356294631958
0.212177870198225 1.85931992530823 0.0886941254138947 0.0527462065219879
0.233185612247737 1.9137766957283 0.0886941254138947 0.061070442199707
0.25627333193868 1.9137766957283 0.102492868900299 0.0681114196777344
0.281646967966354 2.74790793657303 0.14653480052948 0.0756673812866211
0.309532849027073 2.74790793657303 0.159260034561157 0.0789211690425873
0.340179712633237 2.74790793657303 0.178716629743576 0.091926634311676
0.373860923811385 2.74790793657303 0.209840148687363 0.0986974239349365
0.411253695994416 3.10663169622421 0.254660598933697 0.107647657394409
0.451971945990459 3.10663169622421 0.300069808959961 0.122230172157288
0.496721712052834 3.12219077348709 0.300069808959961 0.142798244953156
0.54590215479858 3.56563341617584 0.345545828342438 0.147384107112885
0.599951955758347 3.56563341617584 0.382424831390381 0.17271363735199
0.659353230344131 3.56563341617584 0.439109764993191 0.18017053604126
0.724635828240139 3.56563341617584 0.443484358489513 0.204943299293518
0.796382059575582 3.56563341617584 0.513494104146957 0.225456595420837
0.875231889036086 3.84656143188477 0.542708039283752 0.244387567043304
0.961888644244345 3.84656143188477 0.638189047574997 0.268636614084244
1.05712528932784 3.84656143188477 0.666458904743195 0.3056600689888
1.16179131963283 3.84656143188477 0.767711341381073 0.331761866807938
1.27682033908432 3.98659324645996 0.819391004741192 0.372892290353775
1.4032383877809 4.04104137420654 0.942601799964905 0.397570550441742
1.54217309410505 4.04104995727539 1.02015948295593 0.446848183870316
1.69486373298454 4.17070913314819 1.15310353040695 0.493851125240326
1.86438038854372 4.17070913314819 1.26990312337875 0.543510258197784
2.0489727885339 4.17070913314819 1.35423398017883 0.603160679340363
2.25184169172242 4.17070913314819 1.49708178639412 0.64858016371727
2.4747966556489 4.17070913314819 1.67885313183069 0.712362319231033
2.7198264022398 4.17070913314819 1.83767087757587 0.80006143450737
2.98911655688376 4.19232761859894 2.07521611452103 0.854084044694901
3.28506914385371 4.19232761859894 2.2047036215663 0.958086341619492
3.61032401197175 4.19232761859894 2.50242477655411 1.05492660403252
3.96778238163021 4.19232761859894 2.67561054229736 1.15099209547043
4.36063272320454 4.19232761859894 2.97954576462507 1.25094923377037
4.79237919768918 4.19232761859894 3.25042453408241 1.38678765296936
5.2668729132423 4.19232761859894 3.71579997986555 1.53217753767967
5.78834627644265 4.19232761859894 3.88301426172256 1.68064424395561
6.36145074466621 4.19232761859894 4.17086827754974 1.8509014248848
6.99129831632754 4.19232761859894 4.59481900930405 2.03907415270805
7.68350712907217 4.19232761859894 5.02662438154221 2.21929526329041
8.45199512379247 4.19232761859894 5.39388698339462 2.42731404304504
9.28882760400582 4.19232761859894 5.62049913406372 2.65978083014488
10.2085149119472 4.19232761859894 6.05082535743713 2.9981492459774
11.2192605084528 4.19232761859894 6.46700215339661 3.23544052243233
12.330080079446 4.19232761859894 6.56124711036682 3.56471192836761
13.5508819543863 4.19232761859894 6.60100293159485 3.94614133238792
14.8925554869521 4.19232761859894 6.60457444190979 4.31228902935982
16.3670681863003 4.19232761859894 6.72036528587341 4.75916993618011
17.9875724652967 4.19232761859894 6.72196936607361 5.22418701648712
19.7685229578944 4.19232761859894 6.72196936607361 5.72969779372215
21.7258054521118 4.19232761859894 6.72196936607361 6.32727184891701
23.8768785886714 4.19232761859894 6.72196936607361 6.93172645568848
26.2409295892292 4.19232761859894 6.72196936607361 7.6747071146965
28.8390454032626 4.19232761859894 6.72196936607361 8.44203823804855
31.6944008002223 4.19232761859894 6.72196936607361 9.28072515130043
34.8324650846968 4.19232761859894 6.72196936607361 10.010246515274
38.3163339475004 4.19232761859894 6.72196936607361 11.0160112679005
42.1100361799719 4.19232761859894 6.72196936607361 12.2726220190525
46.2793530693252 4.19232761859894 6.72196936607361 13.4077234566212
50.8614742424258 4.19232761859894 6.72196936607361 14.8412429094315
55.8972714730444 4.19232761859894 6.72196936607361 16.3738998174667
61.4316632514152 4.19232761859894 6.72196936607361 16.8727198839188
67.5140154498445 4.19232761859894 6.72196936607361 18.0116882324219
74.1985816582434 4.19232761859894 6.72196936607361 20.2558135986328
81.5449871173038 4.19232761859894 6.72196936607361 23.9104738235474
89.6187605659235 4.19232761859894 6.72196936607361 25.806224822998
98.4919187468734 4.19232761859894 6.72196936607361 28.4721808433533
108.243608784401 4.19232761859894 7.39282298088074 31.786196231842
118.960814163673 4.19232761859894 7.39282298088074 35.1605787277222
130.739130609284 4.19232761859894 7.39282298088074 37.1351150274277
143.683618783529 4.19232761859894 7.39282298088074 37.3742307424545
157.909741410383 4.19232761859894 7.39282298088074 39.0594098567963
173.703536936922 4.19232761859894 7.39282298088074 39.0594098567963
190.901933233621 4.19232761859894 7.39282298088074 39.0594098567963
209.803143649102 4.19232761859894 7.39282298088074 39.0594098567963
230.575763898515 4.19232761859894 7.65825915336609 39.0594098567963
253.405082367608 4.19232761859894 7.65825915336609 39.0594098567963
278.494732854913 4.19232761859894 7.65825915336609 39.0594098567963
306.068510952025 4.19232761859894 7.65825915336609 39.0594098567963
336.372370263797 4.19232761859894 7.65825915336609 39.0594098567963
369.676616274388 4.19232761859894 7.65825915336609 39.0594098567963
370.015617281199 4.19232761859894 7.65825915336609 39.0594098567963
