0.0194894644874591 0.586059033870697 0.00832200050354004 0.000745862722396851
0.0195076157341004 0.586059033870697 0.00832200050354004 0.000745862722396851
0.0214706726399789 0.586059033870697 0.00832200050354004 0.000745862722396851
0.0236312725192399 0.586059033870697 0.00832200050354004 0.000745862722396851
0.0260092941773403 0.586059033870697 0.00832200050354004 0.000745862722396851
0.02862661682957 0.586059033870697 0.00832200050354004 0.000745862722396851
0.0315073214028609 0.586059033870697 0.0170517265796661 0.00181519985198975
0.0346779120946542 0.586059033870697 0.0170517265796661 0.00181519985198975
0.0381675602272991 0.586059033870697 0.0170517265796661 0.00181519985198975
0.0420083726415892 0.586059033870697 0.0170517265796661 0.00181519985198975
0.0462787480746938 0.586059033870697 0.0170517265796661 0.00181519985198975
0.0509357916233132 0.586059033870697 0.0170517265796661 0.00181519985198975
0.056061474785492 0.586059033870697 0.0170517265796661 0.00181519985198975
0.0617029568985016 0.586059033870697 0.0170517265796661 0.00181519985198975
0.0679121429571029 0.586059033870697 0.0273554921150208 0.0096798837184906
0.0747461611704054 0.768446087837219 0.0447014421224594 0.0296646952629089
0.0822678885754094 0.967256665229797 0.0447014421224594 0.0405878126621246
0.0905465295431877 1.00701880455017 0.0463689863681793 0.0405878126621246
0.0996582525003081 1.9137766957283 0.0508886277675629 0.044280081987381
0.109686890723714 1.9137766957283 0.0936019420623779 0.060263067483902
0.120724713656792 1.9137766957283 0.0946927666664124 0.0638664960861206
0.132873275843195 2.74790793657303 0.0946927666664124 0.0719674825668335
0.146244351289115 2.74790793657303 0.121801733970642 0.0818361043930054
0.160960961850701 2.74790793657303 0.128543272614479 0.0838791131973267
0.177158509108387 2.74790793657303 0.16318678855896 0.102589249610901
0.194986020142061 2.80583125352859 0.204110026359558 0.112455129623413
0.214807390451206 2.80583125352859 0.211973605677485 0.132899165153503
0.23642351909587 3.39448344707489 0.239913044497371 0.138952657580376
0.260214884898814 3.51117664575577 0.276691660284996 0.157083213329315
0.286400382592417 3.51117664575577 0.283560246229172 0.175596356391907
0.315220934348083 3.56563341617584 0.324983149766922 0.201197028160095
0.346941706403675 3.56563341617584 0.361073955893517 0.218321524560452
0.381854548750803 3.56563341617584 0.410446584224701 0.241933017969131
0.420280680328535 3.62527656555176 0.439614936709404 0.278073936700821
0.462573644428912 3.84656143188477 0.48596621863544 0.30338191986084
0.509122561505755 3.84656143188477 0.535894826054573 0.332284927368164
0.560355709314554 3.93300080299377 0.600887045264244 0.364175140857697
0.616744463322841 3.98659324645996 0.662197127938271 0.404558479785919
0.678807633645181 3.98659324645996 0.739896791055799 0.446109712123871
0.74711623840516 4.04104995727539 0.821615487337112 0.487260699272156
0.822298757442146 4.06265139579773 0.904828578233719 0.539903894066811
0.90504691470005 4.17070913314819 0.993856161832809 0.593060374259949
0.997049767162749 4.17070913314819 1.0991718173027 0.658984541893005
1.0973831681079 4.17070913314819 1.21293283998966 0.726707756519318
1.207813147656 4.17070913314819 1.3323999196291 0.800976395606995
1.32935572737641 4.17070913314819 1.47633403539658 0.866554230451584
1.46312917137724 4.17070913314819 1.62194085121155 0.961832225322723
1.61036427500108 4.19232761859894 1.75142019987106 1.07026717066765
1.77241568887504 4.19232761859894 1.90953797101974 1.15905466675758
1.95077438250316 4.19232761859894 2.14332342147827 1.28940260410309
2.14708136207369 4.19232761859894 2.33530187606812 1.41247832775116
2.36314276869316 4.19232761859894 2.56944060325623 1.56374752521515
2.60094649596008 4.19232761859894 2.75712394714355 1.71087980270386
2.86268047976978 4.19232761859894 3.03326010704041 1.88447189331055
3.15075282862747 4.19232761859894 3.24446177482605 2.0531359910965
3.46781397968047 4.19232761859894 3.537313580513 2.2572728395462
3.81678108431816 4.19232761859894 3.81782186031342 2.49067866802216
4.2008648477019 4.19232761859894 4.2533118724823 2.70571827888489
4.62790519502682 4.19232761859894 4.39117634296417 2.97414040565491
5.09361260779729 4.19232761859894 4.78476345539093 3.32324802875519
5.6061842896419 4.19232761859894 5.16094017028809 3.60939848423004
6.17033620525356 4.19232761859894 5.5088301897049 3.84753656387329
6.79125888819023 4.19232761859894 5.99221694469452 4.2207510471344
7.47466519687438 4.19232761859894 6.61449003219604 4.52483987808228
8.22684287629239 4.19232761859894 6.63052940368652 4.94177770614624
9.05471240899251 4.19232761859894 6.68784642219543 5.16324400901794
9.96589068764523 4.19232761859894 6.68784642219543 5.58018183708191
10.9687610949915 4.19232761859894 6.68784642219543 5.58018183708191
12.072550635956 4.19232761859894 6.68784642219543 5.71755290031433
13.2874148315868 4.19232761859894 6.68784642219543 6.20724034309387
14.6245311558961 4.19232761859894 6.68784642219543 6.69157814979553
16.0962018752773 4.19232761859894 6.68784642219543 7.02490782737732
17.7159672366814 4.19232761859894 6.68784642219543 7.26595377922058
19.4987300459514 4.19232761859894 6.68784642219543 7.79790377616882
21.4808800919766 4.19232761859894 6.68784642219543 8.08362126350403
23.6425071500281 4.19232761859894 6.68784642219543 8.38334083557129
26.0216593522121 4.19232761859894 6.68784642219543 8.97495159506798
28.6402263154973 4.19232761859894 6.68784642219543 10.1219999790192
31.5223004152183 4.19232761859894 6.68784642219543 11.3220522403717
34.6943984492749 4.19232761859894 6.68784642219543 12.7977035045624
38.1857056084627 4.19232761859894 6.68784642219543 13.5650882720947
42.0283439976073 4.19232761859894 6.68784642219543 14.0495128631592
46.2576681780564 4.19232761859894 6.68784642219543 14.1705288887024
50.9125904506965 4.19232761859894 6.68784642219543 15.6588411331177
56.0359388722924 4.19232761859894 6.68784642219543 15.6588411331177
61.674851299112 4.19232761859894 6.68784642219543 15.6588411331177
67.8812090832727 4.19232761859894 6.68784642219543 15.6588411331177
74.7121144120754 4.19232761859894 6.68784642219543 15.6588411331177
82.2304156821292 4.19232761859894 6.68784642219543 21.9277811050415
90.5052857420251 4.19232761859894 6.72619605064392 23.537109375
99.7056313992196 4.19232761859894 7.39072012901306 24.1247801780701
109.739037374665 4.19232761859894 7.39072012901306 28.3884086608887
120.782107840023 4.19232761859894 7.39072012901306 30.464391708374
132.936445619368 4.19232761859894 7.42906975746155 31.8268508911133
146.313877857786 4.19232761859894 7.42906975746155 31.8268508911133
161.037484897703 4.19232761859894 7.42906975746155 31.8268508911133
177.242732691319 4.19232761859894 7.42906975746155 31.8268508911133
195.078719168039 4.19232761859894 7.42906975746155 31.8268508911133
214.709546024206 4.19232761859894 7.42906975746155 31.8268508911133
214.909512828253 4.19232761859894 7.42906975746155 31.8268508911133
