0.0387145280838013 0.586059033870697 0.00708436965942383 0.00283220410346985
0.0387500300966981 0.586059033870697 0.00708436965942383 0.00283220410346985
0.0425866726076336 0.586059033870697 0.00708436965942383 0.00283220410346985
0.0468031812946723 0.586059033870697 0.00708436965942383 0.00283220410346985
0.0514371667278207 0.586059033870697 0.00708436965942383 0.00283220410346985
0.0565299633015929 0.586059033870697 0.00708436965942383 0.00283220410346985
0.0621269979310704 0.586059033870697 0.00708436965942383 0.00283220410346985
0.068278195252578 0.586059033870697 0.00708436965942383 0.00283220410346985
0.0750384229432996 0.586059033870697 0.0154661238193512 0.0036453902721405
0.0824679811320132 0.586059033870697 0.0154661238193512 0.0036453902721405
0.0907162527069789 0.586059033870697 0.0154661238193512 0.0036453902721405
0.0996980736423392 0.586059033870697 0.0154661238193512 0.0036453902721405
0.109569185139287 0.586059033870697 0.0154661238193512 0.0036453902721405
0.120417635902936 0.586059033870697 0.0154661238193512 0.0036453902721405
0.132340192345309 0.586059033870697 0.0154661238193512 0.0036453902721405
0.145443201725957 0.586059033870697 0.0154661238193512 0.0036453902721405
0.159843540752169 0.967256665229797 0.0516383498907089 0.0194320976734161
0.175669658100152 0.967256665229797 0.0516383498907089 0.0297999083995819
0.193062720156276 0.967256665229797 0.0776999443769455 0.0394845604896545
0.212177870198225 1.85931992530823 0.0852080583572388 0.0394845604896545
0.233185612247737 1.9137766957283 0.0852080583572388 0.0394845604896545
0.25627333193868 1.9137766957283 0.103884279727936 0.052439421415329
0.281646967966354 2.74790793657303 0.138210073113441 0.0598797798156738
0.309532849027073 2.74790793657303 0.147876024246216 0.0720519423484802
0.340179712633237 2.74790793657303 0.183223366737366 0.0737231150269508
0.373860923811385 2.74790793657303 0.200172424316406 0.0818599462509155
0.411253695994416 3.10663169622421 0.23517794162035 0.0993975549936295
0.451971945990459 3.10663169622421 0.279669761657715 0.11350854486227
0.496721712052834 3.12219077348709 0.279669761657715 0.121822722256184
0.54590215479858 3.56563341617584 0.324780851602554 0.133068792521954
0.599951955758347 3.56563341617584 0.372104465961456 0.146942853927612
0.659353230344131 3.56563341617584 0.412214405834675 0.167839758098125
0.724635828240139 3.56563341617584 0.416378505527973 0.178301714360714
0.796382059575582 3.56563341617584 0.478546917438507 0.202750325202942
0.875231889036086 3.84656143188477 0.520034819841385 0.228910207748413
0.961888644244345 3.84656143188477 0.618591368198395 0.246441841125488
1.05712528932784 3.84656143188477 0.660997375845909 0.272277511656284
1.16179131963283 3.84656143188477 0.719787240028381 0.303252331912518
1.27682033908432 3.98659324645996 0.785217761993408 0.335261672735214
1.4032383877809 4.04104137420654 0.902494609355927 0.366955906152725
1.54217309410505 4.04104995727539 0.97338642179966 0.408588886260986
1.69486373298454 4.17070913314819 1.08431869745255 0.449549160897732
1.86438038854372 4.17070913314819 1.2126978635788 0.489432446658611
2.0489727885339 4.17070913314819 1.29777911305428 0.547433756291866
2.25184169172242 4.17070913314819 1.46014720201492 0.592220954596996
2.4747966556489 4.17070913314819 1.58641896396875 0.647544503211975
2.7198264022398 4.17070913314819 1.76051146537066 0.728623390197754
2.98911655688376 4.19232761859894 1.97772657871246 0.789097845554352
3.28506914385371 4.19232761859894 2.10618449002504 0.870935797691345
3.61032401197175 4.19232761859894 2.37128192186356 0.94444590061903
3.96778238163021 4.19232761859894 2.57455396652222 1.06648463010788
4.36063272320454 4.19232761859894 2.80154246836901 1.15710350871086
4.79237919768918 4.19232761859894 3.08556139469147 1.30318814516068
5.2668729132423 4.19232761859894 3.49879879504442 1.42777174711227
5.78834627644265 4.19232761859894 3.76457238197327 1.54722125083208
6.36145074466621 4.19232761859894 3.97094169259071 1.67729267477989
6.99129831632754 4.19232761859894 4.4014408737421 1.83711522072554
7.68350712907217 4.19232761859894 4.86400175094604 1.97613454610109
8.45199512379247 4.19232761859894 5.23763120174408 2.19293010979891
9.28882760400582 4.19232761859894 5.46263527870178 2.35275539755821
10.2085149119472 4.19232761859894 6.06936538219452 2.53230181336403
11.2192605084528 4.19232761859894 6.57626819610596 2.71608942747116
12.330080079446 4.19232761859894 6.63904666900635 2.96032381057739
13.5508819543863 4.19232761859894 6.66779518127441 3.14212292432785
14.8925554869521 4.19232761859894 6.67476010322571 3.34870064258575
16.3670681863003 4.19232761859894 6.67476010322571 3.60661196708679
17.9875724652967 4.19232761859894 6.67476010322571 3.82652723789215
19.7685229578944 4.19232761859894 6.67476010322571 4.14218628406525
21.7258054521118 4.19232761859894 6.67476010322571 4.57167715579271
23.8768785886714 4.19232761859894 6.67476010322571 5.02015081048012
26.2409295892292 4.19232761859894 6.67476010322571 5.82854413986206
28.8390454032626 4.19232761859894 6.67476010322571 6.44098293781281
31.6944008002223 4.19232761859894 6.67476010322571 7.14706987142563
34.8324650846968 4.19232761859894 6.67476010322571 7.68617284297943
38.3163339475004 4.19232761859894 6.67476010322571 8.10145223140717
42.1100361799719 4.19232761859894 6.67476010322571 8.2139835357666
46.2793530693252 4.19232761859894 6.67476010322571 8.2139835357666
50.8614742424258 4.19232761859894 6.67476010322571 8.2139835357666
55.8972714730444 4.19232761859894 6.67476010322571 8.2139835357666
61.4316632514152 4.19232761859894 6.67476010322571 8.2139835357666
67.5140154498445 4.19232761859894 6.67476010322571 8.2139835357666
74.1985816582434 4.19232761859894 6.67476010322571 8.5354950428009
81.5449871173038 4.19232761859894 6.67476010322571 10.6204867362976
89.6187605659235 4.19232761859894 6.67476010322571 12.2346823215485
98.4919187468734 4.19232761859894 6.67476010322571 13.1137612462044
108.243608784401 4.19232761859894 7.64437294006348 13.928768157959
118.960814163673 4.19232761859894 7.64437294006348 13.928768157959
130.739130609284 4.19232761859894 7.64437294006348 13.928768157959
143.683618783529 4.19232761859894 7.64437294006348 13.928768157959
157.909741410383 4.19232761859894 7.64437294006348 13.928768157959
173.703536936922 4.19232761859894 7.64437294006348 13.928768157959
190.901933233621 4.19232761859894 7.64437294006348 13.928768157959
209.803143649102 4.19232761859894 7.64437294006348 13.928768157959
230.575763898515 4.19232761859894 7.64437294006348 13.928768157959
253.405082367608 4.19232761859894 7.64437294006348 13.928768157959
278.494732854913 4.19232761859894 7.64437294006348 13.928768157959
306.068510952025 4.19232761859894 7.64437294006348 13.928768157959
336.372370263797 4.19232761859894 7.64437294006348 13.928768157959
369.676616274388 4.19232761859894 7.64437294006348 13.928768157959
370.015617281199 4.19232761859894 7.64437294006348 13.928768157959
