0.0194894644874591 0.586059033870697 0.00831389427185059 0.00162588059902191
0.0195076157341004 0.586059033870697 0.00831389427185059 0.00162588059902191
0.0214706726399789 0.586059033870697 0.00831389427185059 0.00162588059902191
0.0236312725192399 0.586059033870697 0.00831389427185059 0.00162588059902191
0.0260092941773403 0.586059033870697 0.00831389427185059 0.00162588059902191
0.02862661682957 0.586059033870697 0.00831389427185059 0.00162588059902191
0.0315073214028609 0.586059033870697 0.0170080065727234 0.00309059023857117
0.0346779120946542 0.586059033870697 0.0170080065727234 0.00309059023857117
0.0381675602272991 0.586059033870697 0.0170080065727234 0.00309059023857117
0.0420083726415892 0.586059033870697 0.0170080065727234 0.00309059023857117
0.0462787480746938 0.586059033870697 0.0170080065727234 0.00309059023857117
0.0509357916233132 0.586059033870697 0.0170080065727234 0.00309059023857117
0.056061474785492 0.586059033870697 0.0170080065727234 0.00309059023857117
0.0617029568985016 0.586059033870697 0.0170080065727234 0.00309059023857117
0.0679121429571029 0.586059033870697 0.0272784829139709 0.00309059023857117
0.0747461611704054 0.768446087837219 0.0445709228515625 0.018487274646759
0.0822678885754094 0.967256665229797 0.0445709228515625 0.018487274646759
0.0905465295431877 1.00701880455017 0.046427458524704 0.0217304229736328
0.0996582525003081 1.9137766957283 0.050904393196106 0.0277847945690155
0.109686890723714 1.9137766957283 0.0935580730438232 0.0466317534446716
0.120724713656792 1.9137766957283 0.0948344469070435 0.0466317534446716
0.132873275843195 2.74790793657303 0.0948344469070435 0.0559666752815247
0.146244351289115 2.74790793657303 0.12156343460083 0.0614170730113983
0.160960961850701 2.74790793657303 0.128538429737091 0.0629425346851349
0.177158509108387 2.74790793657303 0.162934303283691 0.077927827835083
0.194986020142061 2.80583125352859 0.203661203384399 0.0909354984760284
0.214807390451206 2.80583125352859 0.211785970255733 0.102032244205475
0.23642351909587 3.39448344707489 0.239798603579402 0.110398307442665
0.260214884898814 3.51117664575577 0.276305675506592 0.119838535785675
0.286400382592417 3.51117664575577 0.283081891015172 0.141753435134888
0.315220934348083 3.56563341617584 0.324651539325714 0.152154266834259
0.346941706403675 3.56563341617584 0.360774964094162 0.177344799041748
0.381854548750803 3.56563341617584 0.409756898880005 0.194215893745422
0.420280680328535 3.62527656555176 0.439361482858658 0.213298588991165
0.462573644428912 3.84656143188477 0.485771445557475 0.228810429573059
0.509122561505755 3.84656143188477 0.535283777862787 0.252968654036522
0.560355709314554 3.93300080299377 0.599860932677984 0.278194889426231
0.616744463322841 3.98659324645996 0.661781400442123 0.310308784246445
0.678807633645181 3.98659324645996 0.73907002992928 0.329482406377792
0.74711623840516 4.04104995727539 0.820503175258636 0.374890863895416
0.822298757442146 4.06265139579773 0.903783619403839 0.413238257169724
0.90504691470005 4.17070913314819 0.993120342493057 0.447608917951584
0.997049767162749 4.17070913314819 1.09851503372192 0.51005694270134
1.0973831681079 4.17070913314819 1.21129509806633 0.546509891748428
1.207813147656 4.17070913314819 1.33184120431542 0.621234774589539
1.32935572737641 4.17070913314819 1.47439533472061 0.667557060718536
1.46312917137724 4.17070913314819 1.62098741531372 0.727516382932663
1.61036427500108 4.19232761859894 1.75063478946686 0.806961238384247
1.77241568887504 4.19232761859894 1.90757685899734 0.887608885765076
1.95077438250316 4.19232761859894 2.14147460460663 0.971582680940628
2.14708136207369 4.19232761859894 2.33298397064209 1.07660418748856
2.36314276869316 4.19232761859894 2.56547355651855 1.17734229564667
2.60094649596008 4.19232761859894 2.75591790676117 1.26723051071167
2.86268047976978 4.19232761859894 3.03056180477142 1.38444092869759
3.15075282862747 4.19232761859894 3.23768758773804 1.50534182786942
3.46781397968047 4.19232761859894 3.53212904930115 1.64752924442291
3.81678108431816 4.19232761859894 3.81247353553772 1.82678079605103
4.2008648477019 4.19232761859894 4.24871826171875 2.0227597951889
4.62790519502682 4.19232761859894 4.38724899291992 2.14529848098755
5.09361260779729 4.19232761859894 4.78229808807373 2.34692335128784
5.6061842896419 4.19232761859894 5.15641236305237 2.48793590068817
6.17033620525356 4.19232761859894 5.50501561164856 2.61525416374207
6.79125888819023 4.19232761859894 5.98901844024658 2.90172934532166
7.47466519687438 4.19232761859894 6.6117856502533 3.13813281059265
8.22684287629239 4.19232761859894 6.63072490692139 3.24229872226715
9.05471240899251 4.19232761859894 6.69926166534424 3.52073907852173
9.96589068764523 4.19232761859894 6.69926166534424 3.89219391345978
10.9687610949915 4.19232761859894 6.69926166534424 4.4101310968399
12.072550635956 4.19232761859894 6.69926166534424 4.71488583087921
13.2874148315868 4.19232761859894 6.69926166534424 5.27133285999298
14.6245311558961 4.19232761859894 6.69926166534424 5.51001083850861
16.0962018752773 4.19232761859894 6.69926166534424 5.87548696994781
17.7159672366814 4.19232761859894 6.69926166534424 5.87548696994781
19.4987300459514 4.19232761859894 6.69926166534424 6.8922358751297
21.4808800919766 4.19232761859894 6.69926166534424 7.44423007965088
23.6425071500281 4.19232761859894 6.69926166534424 7.44423007965088
26.0216593522121 4.19232761859894 6.69926166534424 8.32731592655182
28.6402263154973 4.19232761859894 6.69926166534424 9.4971399307251
31.5223004152183 4.19232761859894 6.69926166534424 10.380225777626
34.6943984492749 4.19232761859894 6.69926166534424 10.5924898386002
38.1857056084627 4.19232761859894 6.69926166534424 11.9646965265274
42.0283439976073 4.19232761859894 6.69926166534424 13.1386456489563
46.2576681780564 4.19232761859894 6.69926166534424 15.1915555000305
50.9125904506965 4.19232761859894 6.69926166534424 16.7760262489319
56.0359388722924 4.19232761859894 6.69926166534424 16.7760262489319
61.674851299112 4.19232761859894 6.69926166534424 17.589075088501
67.8812090832727 4.19232761859894 6.69926166534424 19.3323771953583
74.7121144120754 4.19232761859894 6.69926166534424 22.2764307260513
82.2304156821292 4.19232761859894 6.69926166534424 27.0877604484558
90.5052857420251 4.19232761859894 6.69926166534424 29.7387022972107
99.7056313992196 4.19232761859894 7.46250247955322 31.6656446456909
109.739037374665 4.19232761859894 7.46250247955322 36.7719097137451
120.782107840023 4.19232761859894 7.46250247955322 41.9773788452148
132.936445619368 4.19232761859894 7.46250247955322 44.6283206939697
146.313877857786 4.19232761859894 7.46250247955322 44.6283206939697
161.037484897703 4.19232761859894 7.46250247955322 44.6283206939697
177.242732691319 4.19232761859894 7.46250247955322 44.6283206939697
195.078719168039 4.19232761859894 7.46250247955322 44.6283206939697
214.709546024206 4.19232761859894 7.46250247955322 44.6283206939697
214.909512828253 4.19232761859894 7.46250247955322 44.6283206939697
