0.0387145280838013 0.586059033870697 0.00833296775817871 0.00476866960525513
0.0387500300966981 0.586059033870697 0.00833296775817871 0.00476866960525513
0.0425866726076336 0.586059033870697 0.00833296775817871 0.00476866960525513
0.0468031812946723 0.586059033870697 0.00833296775817871 0.00476866960525513
0.0514371667278207 0.586059033870697 0.00833296775817871 0.00476866960525513
0.0565299633015929 0.586059033870697 0.00833296775817871 0.00476866960525513
0.0621269979310704 0.586059033870697 0.00833296775817871 0.00476866960525513
0.068278195252578 0.586059033870697 0.00833296775817871 0.00476866960525513
0.0750384229432996 0.586059033870697 0.0169666111469269 0.00900369882583618
0.0824679811320132 0.586059033870697 0.0169666111469269 0.00900369882583618
0.0907162527069789 0.586059033870697 0.0169666111469269 0.00900369882583618
0.0996980736423392 0.586059033870697 0.0169666111469269 0.00900369882583618
0.109569185139287 0.586059033870697 0.0169666111469269 0.00900369882583618
0.120417635902936 0.586059033870697 0.0169666111469269 0.00900369882583618
0.132340192345309 0.586059033870697 0.0169666111469269 0.00900369882583618
0.145443201725957 0.586059033870697 0.0169666111469269 0.00900369882583618
0.159843540752169 0.967256665229797 0.0508275777101517 0.014947772026062
0.175669658100152 0.967256665229797 0.0508275777101517 0.0409332513809204
0.193062720156276 0.967256665229797 0.0817170590162277 0.0409332513809204
0.212177870198225 1.85931992530823 0.0867326855659485 0.0450987219810486
0.233185612247737 1.9137766957283 0.0867326855659485 0.0499369502067566
0.25627333193868 1.9137766957283 0.10621190071106 0.0602137446403503
0.281646967966354 2.74790793657303 0.143183514475822 0.0728396773338318
0.309532849027073 2.74790793657303 0.15356719493866 0.08074089884758
0.340179712633237 2.74790793657303 0.186789035797119 0.0882349014282227
0.373860923811385 2.74790793657303 0.204910576343536 0.0963371396064758
0.411253695994416 3.10663169622421 0.244743630290031 0.113722890615463
0.451971945990459 3.10663169622421 0.289497494697571 0.130039632320404
0.496721712052834 3.12219077348709 0.289497494697571 0.134795546531677
0.54590215479858 3.56563341617584 0.335404634475708 0.158761188387871
0.599951955758347 3.56563341617584 0.383303284645081 0.169463694095612
0.659353230344131 3.56563341617584 0.424257978796959 0.19224639236927
0.724635828240139 3.56563341617584 0.426579102873802 0.212515532970428
0.796382059575582 3.56563341617584 0.495102643966675 0.244085133075714
0.875231889036086 3.84656143188477 0.534685999155045 0.266390681266785
0.961888644244345 3.84656143188477 0.636898398399353 0.293041169643402
1.05712528932784 3.84656143188477 0.676969602704048 0.325559437274933
1.16179131963283 3.84656143188477 0.741334915161133 0.354268237948418
1.27682033908432 3.98659324645996 0.806722223758698 0.395281627774239
1.4032383877809 4.04104137420654 0.929623603820801 0.426157161593437
1.54217309410505 4.04104995727539 1.00113551318645 0.484464719891548
1.69486373298454 4.17070913314819 1.11609250307083 0.526682764291763
1.86438038854372 4.17070913314819 1.2476447224617 0.583830773830414
2.0489727885339 4.17070913314819 1.33146959543228 0.642990291118622
2.25184169172242 4.17070913314819 1.49259102344513 0.709595173597336
2.4747966556489 4.17070913314819 1.62742444872856 0.786958858370781
2.7198264022398 4.17070913314819 1.79980467259884 0.858966335654259
2.98911655688376 4.19232761859894 2.02979171276093 0.935181394219398
3.28506914385371 4.19232761859894 2.16401641070843 1.0276854634285
3.61032401197175 4.19232761859894 2.43818342685699 1.12923789024353
3.96778238163021 4.19232761859894 2.65053129196167 1.23460608720779
4.36063272320454 4.19232761859894 2.89109729230404 1.37994974851608
4.79237919768918 4.19232761859894 3.18496417999268 1.51033359766006
5.2668729132423 4.19232761859894 3.60643266141415 1.6402690410614
5.78834627644265 4.19232761859894 3.86684542894363 1.79866319894791
6.36145074466621 4.19232761859894 4.06834524869919 1.98419511318207
6.99129831632754 4.19232761859894 4.52495245635509 2.13429802656174
7.68350712907217 4.19232761859894 4.98369151353836 2.31511676311493
8.45199512379247 4.19232761859894 5.36327642202377 2.54197841882706
9.28882760400582 4.19232761859894 5.59333741664886 2.82727015018463
10.2085149119472 4.19232761859894 6.19427454471588 3.08716040849686
11.2192605084528 4.19232761859894 6.70176196098328 3.27471446990967
12.330080079446 4.19232761859894 6.75874829292297 3.56639111042023
13.5508819543863 4.19232761859894 6.77738690376282 3.77461123466492
14.8925554869521 4.19232761859894 6.77738690376282 4.07310849428177
16.3670681863003 4.19232761859894 6.77738690376282 4.4506379365921
17.9875724652967 4.19232761859894 6.77738690376282 4.60182762145996
19.7685229578944 4.19232761859894 6.77738690376282 4.85253310203552
21.7258054521118 4.19232761859894 6.77738690376282 5.07400262355804
23.8768785886714 4.19232761859894 6.77738690376282 5.18020439147949
26.2409295892292 4.19232761859894 6.77738690376282 5.38426351547241
28.8390454032626 4.19232761859894 6.77738690376282 5.63289427757263
31.6944008002223 4.19232761859894 6.77738690376282 5.91989874839783
34.8324650846968 4.19232761859894 6.77738690376282 6.6105649471283
38.3163339475004 4.19232761859894 6.77738690376282 7.35468864440918
42.1100361799719 4.19232761859894 6.77738690376282 10.276905298233
46.2793530693252 4.19232761859894 6.77738690376282 10.964079618454
50.8614742424258 4.19232761859894 6.77738690376282 13.0649929046631
55.8972714730444 4.19232761859894 6.77738690376282 13.0649929046631
61.4316632514152 4.19232761859894 6.77738690376282 13.0649929046631
67.5140154498445 4.19232761859894 6.77738690376282 18.2451972961426
74.1985816582434 4.19232761859894 6.77738690376282 18.7500700950623
81.5449871173038 4.19232761859894 6.77738690376282 21.2497146725655
89.6187605659235 4.19232761859894 6.77738690376282 24.0290725231171
98.4919187468734 4.19232761859894 6.77738690376282 28.6166018247604
108.243608784401 4.19232761859894 7.48071789741516 29.5307910442352
118.960814163673 4.19232761859894 7.48071789741516 30.8151233196259
130.739130609284 4.19232761859894 7.48071789741516 31.9253897666931
143.683618783529 4.19232761859894 7.48071789741516 34.3258037567139
157.909741410383 4.19232761859894 7.48071789741516 35.3985624313354
173.703536936922 4.19232761859894 7.48071789741516 35.3985624313354
190.901933233621 4.19232761859894 7.48071789741516 39.5775394439697
209.803143649102 4.19232761859894 7.48071789741516 44.7577438354492
230.575763898515 4.19232761859894 7.88323473930359 45.042594909668
253.405082367608 4.19232761859894 7.88323473930359 45.042594909668
278.494732854913 4.19232761859894 7.88323473930359 45.042594909668
306.068510952025 4.19232761859894 7.88323473930359 45.042594909668
336.372370263797 4.19232761859894 7.88323473930359 45.042594909668
369.676616274388 4.19232761859894 7.88323473930359 45.042594909668
370.015617281199 4.19232761859894 7.88323473930359 45.042594909668
