0.0194894644874591 0.586059033870697 0.00835919380187988 0.00337469577789307
0.0195076157341004 0.586059033870697 0.00835919380187988 0.00337469577789307
0.0214706726399789 0.586059033870697 0.00835919380187988 0.00337469577789307
0.0236312725192399 0.586059033870697 0.00835919380187988 0.00337469577789307
0.0260092941773403 0.586059033870697 0.00835919380187988 0.00337469577789307
0.02862661682957 0.586059033870697 0.00835919380187988 0.00337469577789307
0.0315073214028609 0.586059033870697 0.0169519186019897 0.00356489419937134
0.0346779120946542 0.586059033870697 0.0169519186019897 0.00356489419937134
0.0381675602272991 0.586059033870697 0.0169519186019897 0.00356489419937134
0.0420083726415892 0.586059033870697 0.0169519186019897 0.00356489419937134
0.0462787480746938 0.586059033870697 0.0169519186019897 0.00356489419937134
0.0509357916233132 0.586059033870697 0.0169519186019897 0.00356489419937134
0.056061474785492 0.586059033870697 0.0169519186019897 0.00356489419937134
0.0617029568985016 0.586059033870697 0.0169519186019897 0.00356489419937134
0.0679121429571029 0.586059033870697 0.0285884141921997 0.0189841389656067
0.0747461611704054 0.768446087837219 0.053354799747467 0.0189841389656067
0.0822678885754094 0.967256665229797 0.053354799747467 0.0189841389656067
0.0905465295431877 1.00701880455017 0.053354799747467 0.0249569118022919
0.0996582525003081 1.9137766957283 0.053354799747467 0.0266469120979309
0.109686890723714 1.9137766957283 0.105781376361847 0.0527901649475098
0.120724713656792 1.9137766957283 0.105781376361847 0.0534695684909821
0.132873275843195 2.74790793657303 0.105781376361847 0.0534695684909821
0.146244351289115 2.74790793657303 0.138860583305359 0.0700881481170654
0.160960961850701 2.74790793657303 0.140216946601868 0.0769418776035309
0.177158509108387 2.74790793657303 0.178572541102767 0.0891322195529938
0.194986020142061 2.80583125352859 0.227658033370972 0.102373123168945
0.214807390451206 2.80583125352859 0.2304303124547 0.123487830162048
0.23642351909587 3.39448344707489 0.252564316615462 0.126438915729523
0.260214884898814 3.51117664575577 0.299284197390079 0.151423454284668
0.286400382592417 3.51117664575577 0.303365742787719 0.16612833738327
0.315220934348083 3.56563341617584 0.354070253670216 0.173646509647369
0.346941706403675 3.56563341617584 0.390538014471531 0.200483798980713
0.381854548750803 3.56563341617584 0.444888234138489 0.226525813341141
0.420280680328535 3.62527656555176 0.46919328533113 0.249625131487846
0.462573644428912 3.84656143188477 0.532143719494343 0.268225640058517
0.509122561505755 3.84656143188477 0.58524751663208 0.29752504825592
0.560355709314554 3.93300080299377 0.669284373521805 0.33726567029953
0.616744463322841 3.98659324645996 0.733272403478622 0.36280021071434
0.678807633645181 3.98659324645996 0.80825062841177 0.408492296934128
0.74711623840516 4.04104995727539 0.900051444768906 0.449807405471802
0.822298757442146 4.06265139579773 0.993696391582489 0.498232185840607
0.90504691470005 4.17070913314819 1.08592101931572 0.548371255397797
0.997049767162749 4.17070913314819 1.20171567052603 0.607177734375
1.0973831681079 4.17070913314819 1.32134440541267 0.659959346055984
1.207813147656 4.17070913314819 1.44805526733398 0.722432971000671
1.32935572737641 4.17070913314819 1.61407047510147 0.800369679927826
1.46312917137724 4.17070913314819 1.74726831912994 0.869179874658585
1.61036427500108 4.19232761859894 1.88802644610405 0.949561655521393
1.77241568887504 4.19232761859894 2.09646853804588 1.01185557246208
1.95077438250316 4.19232761859894 2.33184051513672 1.11611479520798
2.14708136207369 4.19232761859894 2.54140305519104 1.27979797124863
2.36314276869316 4.19232761859894 2.80948972702026 1.3554995059967
2.60094649596008 4.19232761859894 2.94006848335266 1.49416798353195
2.86268047976978 4.19232761859894 3.26590967178345 1.59397548437119
3.15075282862747 4.19232761859894 3.53713715076447 1.73375105857849
3.46781397968047 4.19232761859894 3.77211022377014 1.86762523651123
3.81678108431816 4.19232761859894 4.08332765102386 2.05196452140808
4.2008648477019 4.19232761859894 4.53734636306763 2.05196452140808
4.62790519502682 4.19232761859894 4.63457131385803 2.179154753685
5.09361260779729 4.19232761859894 5.02054715156555 2.33090114593506
5.6061842896419 4.19232761859894 5.41569685935974 2.41523277759552
6.17033620525356 4.19232761859894 5.74897456169128 2.48236978054047
6.79125888819023 4.19232761859894 6.20215392112732 2.50781172513962
7.47466519687438 4.19232761859894 6.8337984085083 2.50781172513962
8.22684287629239 4.19232761859894 6.8337984085083 2.83266937732697
9.05471240899251 4.19232761859894 6.8337984085083 3.05591380596161
9.96589068764523 4.19232761859894 6.8337984085083 3.05591380596161
10.9687610949915 4.19232761859894 6.8337984085083 3.05591380596161
12.072550635956 4.19232761859894 6.8337984085083 3.05591380596161
13.2874148315868 4.19232761859894 6.8337984085083 3.05591380596161
14.6245311558961 4.19232761859894 6.8337984085083 3.56883013248444
16.0962018752773 4.19232761859894 6.8337984085083 3.56883013248444
17.7159672366814 4.19232761859894 6.8337984085083 4.72616672515869
19.4987300459514 4.19232761859894 6.8337984085083 4.72616672515869
21.4808800919766 4.19232761859894 6.8337984085083 4.72616672515869
23.6425071500281 4.19232761859894 6.8337984085083 5.25150382518768
26.0216593522121 4.19232761859894 6.8337984085083 5.25150382518768
28.6402263154973 4.19232761859894 6.8337984085083 5.56248223781586
31.5223004152183 4.19232761859894 6.8337984085083 5.81490230560303
34.6943984492749 4.19232761859894 6.8337984085083 7.44250023365021
38.1857056084627 4.19232761859894 6.8337984085083 8.75067412853241
42.0283439976073 4.19232761859894 6.8337984085083 9.53330278396606
46.2576681780564 4.19232761859894 6.8337984085083 9.53330278396606
50.9125904506965 4.19232761859894 6.8337984085083 10.1459641456604
56.0359388722924 4.19232761859894 6.8337984085083 10.1459641456604
61.674851299112 4.19232761859894 6.8337984085083 10.1459641456604
67.8812090832727 4.19232761859894 6.8337984085083 12.3068507909775
74.7121144120754 4.19232761859894 6.8337984085083 12.8702492713928
82.2304156821292 4.19232761859894 7.0778374671936 16.5886497497559
90.5052857420251 4.19232761859894 7.4653754234314 17.2013111114502
99.7056313992196 4.19232761859894 7.6481716632843 19.4986295700073
109.739037374665 4.19232761859894 7.6481716632843 20.1112909317017
120.782107840023 4.19232761859894 7.6481716632843 21.3199844360352
132.936445619368 4.19232761859894 8.2797486782074 24.2299642562866
146.313877857786 4.19232761859894 8.2797486782074 24.2299642562866
161.037484897703 4.19232761859894 8.2797486782074 24.2299642562866
177.242732691319 4.19232761859894 8.2797486782074 24.2299642562866
195.078719168039 4.19232761859894 8.2797486782074 24.2299642562866
214.709546024206 4.19232761859894 8.2797486782074 24.2299642562866
214.909512828253 4.19232761859894 8.2797486782074 24.2299642562866
