0.0194894644874591 0.586059033870697 0.00778234004974365 0.00173276662826538
0.0195076157341004 0.586059033870697 0.00778234004974365 0.00173276662826538
0.0214706726399789 0.586059033870697 0.00778234004974365 0.00173276662826538
0.0236312725192399 0.586059033870697 0.00778234004974365 0.00173276662826538
0.0260092941773403 0.586059033870697 0.00778234004974365 0.00173276662826538
0.02862661682957 0.586059033870697 0.00778234004974365 0.00173276662826538
0.0315073214028609 0.586059033870697 0.0163016319274902 0.00616168975830078
0.0346779120946542 0.586059033870697 0.0163016319274902 0.00616168975830078
0.0381675602272991 0.586059033870697 0.0163016319274902 0.00616168975830078
0.0420083726415892 0.586059033870697 0.0163016319274902 0.00616168975830078
0.0462787480746938 0.586059033870697 0.0305846929550171 0.00616168975830078
0.0509357916233132 0.586059033870697 0.0305846929550171 0.00616168975830078
0.056061474785492 0.586059033870697 0.0305846929550171 0.00616168975830078
0.0617029568985016 0.586059033870697 0.0305846929550171 0.00616168975830078
0.0679121429571029 0.651752918958664 0.0305846929550171 0.0221545696258545
0.0747461611704054 0.768446087837219 0.0508942604064941 0.024878978729248
0.0822678885754094 0.967256665229797 0.0508942604064941 0.0364723205566406
0.0905465295431877 1.00701880455017 0.0508942604064941 0.0364723205566406
0.0996582525003081 1.9137766957283 0.0707929134368896 0.0472674369812012
0.109686890723714 2.30101633071899 0.0993654131889343 0.0565706491470337
0.120724713656792 2.30101633071899 0.0998474955558777 0.0671487897634506
0.132873275843195 2.74790793657303 0.102479934692383 0.074095606803894
0.146244351289115 2.74790793657303 0.139712683856487 0.0839484930038452
0.160960961850701 2.74790793657303 0.16620284318924 0.0870399475097656
0.177158509108387 2.74790793657303 0.174423456192017 0.0986344814300537
0.194986020142061 2.80583125352859 0.217687010765076 0.112757563591003
0.214807390451206 3.0089550614357 0.229584060609341 0.121895730495453
0.23642351909587 3.39448344707489 0.242586844600737 0.141289710998535
0.260214884898814 3.51117664575577 0.288330309092999 0.150521486997604
0.286400382592417 3.51117664575577 0.296916604042053 0.167832478880882
0.315220934348083 3.7056565284729 0.349127762019634 0.190359354019165
0.346941706403675 3.7056565284729 0.373909078538418 0.20385454595089
0.381854548750803 3.7056565284729 0.431661188602448 0.236715912818909
0.420280680328535 3.70566511154175 0.467777960002422 0.257736399769783
0.462573644428912 3.84656143188477 0.511949592269957 0.288370609283447
0.509122561505755 3.93300080299377 0.571833617985249 0.321725130081177
0.560355709314554 3.93300080299377 0.637201428413391 0.348924279212952
0.616744463322841 4.19232761859894 0.699799060821533 0.378352284431458
0.678807633645181 4.19232761859894 0.775501698255539 0.420197010040283
0.74711623840516 4.19232761859894 0.860798537731171 0.466785907745361
0.822298757442146 4.19232761859894 0.952065221965313 0.511536657810211
0.90504691470005 4.19232761859894 1.04094982147217 0.561985611915588
0.997049767162749 4.19232761859894 1.15158379822969 0.623848706483841
1.0973831681079 4.19232761859894 1.27732744812965 0.689402759075165
1.207813147656 4.19232761859894 1.3842106461525 0.758245408535004
1.32935572737641 4.19232761859894 1.54948544502258 0.839941769838333
1.46312917137724 4.19232761859894 1.68658626731485 0.919035226106644
1.61036427500108 4.19232761859894 1.83313524723053 1.00779131054878
1.77241568887504 4.19232761859894 2.03086772561073 1.12425035238266
1.95077438250316 4.19232761859894 2.24130713939667 1.22951310873032
2.14708136207369 4.19232761859894 2.44270753860474 1.35209882259369
2.36314276869316 4.19232761859894 2.69704985618591 1.50413000583649
2.60094649596008 4.19232761859894 2.83859479427338 1.64972591400146
2.86268047976978 4.19232761859894 3.14429342746735 1.79668617248535
3.15075282862747 4.19232761859894 3.40454518795013 1.99031689763069
3.46781397968047 4.19232761859894 3.6537743806839 2.11420488357544
3.81678108431816 4.19232761859894 3.95283210277557 2.35399901866913
4.2008648477019 4.19232761859894 4.40824198722839 2.62143170833588
4.62790519502682 4.19232761859894 4.62450885772705 2.84779393672943
5.09361260779729 4.19232761859894 4.90408301353455 3.05281364917755
5.6061842896419 4.19232761859894 5.29158425331116 3.2897047996521
6.17033620525356 4.19232761859894 5.63576722145081 3.6261910200119
6.79125888819023 4.19232761859894 6.20470833778381 3.92317020893097
7.47466519687438 4.19232761859894 6.70823073387146 4.28886842727661
8.22684287629239 4.19232761859894 6.70823073387146 4.73585319519043
9.05471240899251 4.19232761859894 6.70823073387146 5.04971647262573
9.96589068764523 4.19232761859894 6.70823073387146 5.40694880485535
10.9687610949915 4.19232761859894 6.70823073387146 5.93292427062988
12.072550635956 4.19232761859894 6.70823073387146 6.42715871334076
13.2874148315868 4.19232761859894 6.70823073387146 7.16353154182434
14.6245311558961 4.19232761859894 6.70823073387146 7.79629898071289
16.0962018752773 4.19232761859894 6.70823073387146 7.95799994468689
17.7159672366814 4.19232761859894 6.70823073387146 8.47810530662537
19.4987300459514 4.19232761859894 6.70823073387146 9.27503418922424
21.4808800919766 4.19232761859894 6.70823073387146 10.5451493263245
23.6425071500281 4.19232761859894 6.70823073387146 10.7434756755829
26.0216593522121 4.19232761859894 6.70823073387146 11.3094210624695
28.6402263154973 4.19232761859894 6.70823073387146 12.4575634002686
31.5223004152183 4.19232761859894 6.70823073387146 13.25252571702
34.6943984492749 4.19232761859894 6.70823073387146 14.7040959596634
38.1857056084627 4.19232761859894 6.70823073387146 16.3248174190521
42.0283439976073 4.19232761859894 6.70823073387146 16.3248174190521
46.2576681780564 4.19232761859894 6.70823073387146 16.3248174190521
50.9125904506965 4.19232761859894 6.70823073387146 19.1845855712891
56.0359388722924 4.19232761859894 6.70823073387146 20.5508623123169
61.674851299112 4.19232761859894 6.75395774841309 22.2448034286499
67.8812090832727 4.19232761859894 6.75395774841309 25.8526911735535
74.7121144120754 4.19232761859894 6.75395774841309 28.4802958965302
82.2304156821292 4.19232761859894 6.75395774841309 31.8781558275223
90.5052857420251 4.19232761859894 6.95509505271912 33.498877286911
99.7056313992196 4.19232761859894 7.57300925254822 33.498877286911
109.739037374665 4.19232761859894 7.57300925254822 33.498877286911
120.782107840023 4.19232761859894 7.57300925254822 33.498877286911
132.936445619368 4.19232761859894 7.81987357139587 34.2205383777618
146.313877857786 4.19232761859894 7.81987357139587 34.2205383777618
161.037484897703 4.19232761859894 7.81987357139587 34.2205383777618
177.242732691319 4.19232761859894 7.81987357139587 34.2205383777618
195.078719168039 4.19232761859894 7.81987357139587 34.2205383777618
214.709546024206 4.19232761859894 7.85086107254028 38.5824799537659
214.909512828253 4.19232761859894 7.85086107254028 38.5824799537659
