0.0387145280838013 0.586059033870697 0.0100213885307312 0.00219672918319702
0.0387500300966981 0.586059033870697 0.0100213885307312 0.00219672918319702
0.0425866726076336 0.586059033870697 0.0100213885307312 0.00219672918319702
0.0468031812946723 0.586059033870697 0.0100213885307312 0.00219672918319702
0.0514371667278207 0.586059033870697 0.0100213885307312 0.00219672918319702
0.0565299633015929 0.586059033870697 0.0100213885307312 0.00219672918319702
0.0621269979310704 0.586059033870697 0.0100213885307312 0.00219672918319702
0.068278195252578 0.586059033870697 0.0100213885307312 0.00219672918319702
0.0750384229432996 0.586059033870697 0.0191258192062378 0.00393850356340408
0.0824679811320132 0.586059033870697 0.0191258192062378 0.00393850356340408
0.0907162527069789 0.586059033870697 0.0191258192062378 0.00393850356340408
0.0996980736423392 0.586059033870697 0.0191258192062378 0.00393850356340408
0.109569185139287 0.586059033870697 0.0191258192062378 0.00393850356340408
0.120417635902936 0.586059033870697 0.0191258192062378 0.00393850356340408
0.132340192345309 0.586059033870697 0.0191258192062378 0.00393850356340408
0.145443201725957 0.586059033870697 0.0191258192062378 0.00393850356340408
0.159843540752169 0.967256665229797 0.0389402508735657 0.0378832221031189
0.175669658100152 0.967256665229797 0.0553976595401764 0.0378832221031189
0.193062720156276 0.967256665229797 0.0893637239933014 0.0423329323530197
0.212177870198225 1.85931992530823 0.0900953114032745 0.0573890805244446
0.233185612247737 1.9137766957283 0.0900953114032745 0.0644329860806465
0.25627333193868 1.9137766957283 0.109633386135101 0.0688985288143158
0.281646967966354 2.74790793657303 0.150695502758026 0.0810803174972534
0.309532849027073 2.74790793657303 0.164406538009644 0.0950614213943481
0.340179712633237 2.74790793657303 0.184226900339127 0.0960636734962463
0.373860923811385 2.74790793657303 0.213739633560181 0.11024571955204
0.411253695994416 3.10663169622421 0.263063186779618 0.119117677211761
0.451971945990459 3.10663169622421 0.308565616607666 0.140687465667725
0.496721712052834 3.12219077348709 0.308565616607666 0.158026814460754
0.54590215479858 3.56563341617584 0.354389280080795 0.168116331100464
0.599951955758347 3.56563341617584 0.390984416007996 0.18846184015274
0.659353230344131 3.56563341617584 0.449226565659046 0.215306639671326
0.724635828240139 3.56563341617584 0.459123127162457 0.229161620140076
0.796382059575582 3.56563341617584 0.529062986373901 0.258295446634293
0.875231889036086 3.84656143188477 0.560727119445801 0.286225974559784
0.961888644244345 3.84656143188477 0.652513444423676 0.319298535585403
1.05712528932784 3.84656143188477 0.681960701942444 0.362995684146881
1.16179131963283 3.84656143188477 0.789949685335159 0.384816199541092
1.27682033908432 3.98659324645996 0.841456443071365 0.427210688591003
1.4032383877809 4.04104137420654 0.964433550834656 0.467467501759529
1.54217309410505 4.04104995727539 1.04294514656067 0.511205941438675
1.69486373298454 4.17070913314819 1.18005037307739 0.557601004838943
1.86438038854372 4.17070913314819 1.29838413000107 0.61981688439846
2.0489727885339 4.17070913314819 1.39220929145813 0.688331007957458
2.25184169172242 4.17070913314819 1.53569628298283 0.754632234573364
2.4747966556489 4.17070913314819 1.72085084021091 0.83406937122345
2.7198264022398 4.17070913314819 1.88304168730974 0.920985966920853
2.98911655688376 4.19232761859894 2.12712824344635 1.00221453607082
3.28506914385371 4.19232761859894 2.2522009536624 1.11158776283264
3.61032401197175 4.19232761859894 2.55747178196907 1.21854290366173
3.96778238163021 4.19232761859894 2.73720073699951 1.32796388864517
4.36063272320454 4.19232761859894 3.05500506609678 1.46428662538528
4.79237919768918 4.19232761859894 3.33293151855469 1.61484599113464
5.2668729132423 4.19232761859894 3.80628537386656 1.7598991394043
5.78834627644265 4.19232761859894 3.96263074874878 1.91536402702332
6.36145074466621 4.19232761859894 4.25716459751129 2.10121548175812
6.99129831632754 4.19232761859894 4.69410541653633 2.25970375537872
7.68350712907217 4.19232761859894 5.11977106332779 2.45110440254211
8.45199512379247 4.19232761859894 5.48905497789383 2.63585078716278
9.28882760400582 4.19232761859894 5.75874543190002 2.93926239013672
10.2085149119472 4.19232761859894 6.134432554245 3.11146938800812
11.2192605084528 4.19232761859894 6.54415273666382 3.34546005725861
12.330080079446 4.19232761859894 6.63787412643433 3.64377129077911
13.5508819543863 4.19232761859894 6.72037220001221 3.89416766166687
14.8925554869521 4.19232761859894 6.72037220001221 4.21930837631226
16.3670681863003 4.19232761859894 6.82598638534546 4.5831755399704
17.9875724652967 4.19232761859894 6.82598638534546 5.04164218902588
19.7685229578944 4.19232761859894 6.82598638534546 5.39523303508759
21.7258054521118 4.19232761859894 6.82598638534546 5.91690385341644
23.8768785886714 4.19232761859894 7.45916366577148 5.99279916286469
26.2409295892292 4.19232761859894 7.45916366577148 6.8354349732399
28.8390454032626 4.19232761859894 7.45916366577148 7.61330544948578
31.6944008002223 4.19232761859894 7.45916366577148 8.22414647042751
34.8324650846968 4.19232761859894 7.45916366577148 9.07175451517105
38.3163339475004 4.19232761859894 7.45916366577148 9.68026745319366
42.1100361799719 4.19232761859894 7.45916366577148 10.1928981542587
46.2793530693252 4.19232761859894 7.45916366577148 10.3359899520874
50.8614742424258 4.19232761859894 7.45916366577148 11.3793888092041
55.8972714730444 4.19232761859894 7.45916366577148 11.5686106681824
61.4316632514152 4.19232761859894 7.45916366577148 12.1967344284058
67.5140154498445 4.19232761859894 7.45916366577148 13.3243498802185
74.1985816582434 4.19232761859894 7.45916366577148 16.3909587860107
81.5449871173038 4.19232761859894 7.45916366577148 16.3909587860107
89.6187605659235 4.19232761859894 7.45916366577148 19.9321823120117
98.4919187468734 4.19232761859894 7.45916366577148 20.7863144874573
108.243608784401 4.19232761859894 7.62096786499023 22.8005495071411
118.960814163673 4.19232761859894 7.62096786499023 24.7571439743042
130.739130609284 4.19232761859894 7.62096786499023 27.3194627761841
143.683618783529 4.19232761859894 7.62096786499023 27.3194627761841
157.909741410383 4.19232761859894 7.62096786499023 27.3194627761841
173.703536936922 4.19232761859894 7.62096786499023 27.3194627761841
190.901933233621 4.19232761859894 7.62096786499023 27.3194627761841
209.803143649102 4.19232761859894 7.62096786499023 27.3194627761841
230.575763898515 4.19232761859894 8.33038330078125 27.3194627761841
253.405082367608 4.19232761859894 8.33038330078125 27.3194627761841
278.494732854913 4.19232761859894 8.33038330078125 27.3194627761841
306.068510952025 4.19232761859894 8.33038330078125 27.3194627761841
336.372370263797 4.19232761859894 8.33038330078125 27.3194627761841
369.676616274388 4.19232761859894 8.33038330078125 27.3194627761841
370.015617281199 4.19232761859894 8.33038330078125 27.3194627761841
