0.0194894644874591 0.586059033870697 0.00845432281494141 0.00417515635490417
0.0195076157341004 0.586059033870697 0.00845432281494141 0.00417515635490417
0.0214706726399789 0.586059033870697 0.00845432281494141 0.00417515635490417
0.0236312725192399 0.586059033870697 0.00845432281494141 0.00417515635490417
0.0260092941773403 0.586059033870697 0.00845432281494141 0.00417515635490417
0.02862661682957 0.586059033870697 0.00845432281494141 0.00417515635490417
0.0315073214028609 0.586059033870697 0.0171348750591278 0.00417515635490417
0.0346779120946542 0.586059033870697 0.0171348750591278 0.00417515635490417
0.0381675602272991 0.586059033870697 0.0171348750591278 0.00417515635490417
0.0420083726415892 0.586059033870697 0.0171348750591278 0.00417515635490417
0.0462787480746938 0.586059033870697 0.0313286185264587 0.00417515635490417
0.0509357916233132 0.586059033870697 0.0313286185264587 0.00417515635490417
0.056061474785492 0.586059033870697 0.0313286185264587 0.00417515635490417
0.0617029568985016 0.586059033870697 0.0313286185264587 0.00417515635490417
0.0679121429571029 0.651752918958664 0.0313286185264587 0.0125825554132462
0.0747461611704054 0.768446087837219 0.0482839941978455 0.0180817246437073
0.0822678885754094 0.967256665229797 0.0482839941978455 0.0263282358646393
0.0905465295431877 1.00701880455017 0.0482839941978455 0.0263282358646393
0.0996582525003081 1.9137766957283 0.0689873695373535 0.0353960394859314
0.109686890723714 2.30101633071899 0.099229633808136 0.0411280393600464
0.120724713656792 2.30101633071899 0.099229633808136 0.0572107434272766
0.132873275843195 2.74790793657303 0.101639240980148 0.0572107434272766
0.146244351289115 2.74790793657303 0.139667395502329 0.0604374408721924
0.160960961850701 2.74790793657303 0.166352391242981 0.077575720846653
0.177158509108387 2.74790793657303 0.175162225961685 0.0941588282585144
0.194986020142061 2.80583125352859 0.214506506919861 0.0941588282585144
0.214807390451206 3.0089550614357 0.228727586567402 0.10058306902647
0.23642351909587 3.39448344707489 0.246292179450393 0.11535706371069
0.260214884898814 3.51117664575577 0.286753721535206 0.133206397294998
0.286400382592417 3.51117664575577 0.296387732028961 0.147671915590763
0.315220934348083 3.7056565284729 0.347635127604008 0.160336874425411
0.346941706403675 3.7056565284729 0.371925719082355 0.177594304084778
0.381854548750803 3.7056565284729 0.431751370429993 0.19437824934721
0.420280680328535 3.70566511154175 0.465641532093287 0.21561074256897
0.462573644428912 3.84656143188477 0.506314760074019 0.242294616997242
0.509122561505755 3.93300080299377 0.570466753095388 0.265879556536674
0.560355709314554 3.93300080299377 0.634443074464798 0.291201047599316
0.616744463322841 4.19232761859894 0.689342252910137 0.320384502410889
0.678807633645181 4.19232761859894 0.771650612354279 0.3548229560256
0.74711623840516 4.19232761859894 0.857142210006714 0.393971420824528
0.822298757442146 4.19232761859894 0.947912640869617 0.426586613059044
0.90504691470005 4.19232761859894 1.03498190641403 0.470991969108582
0.997049767162749 4.19232761859894 1.14418648928404 0.518614925444126
1.0973831681079 4.19232761859894 1.27435508370399 0.568907231092453
1.207813147656 4.19232761859894 1.38148123025894 0.633580513298512
1.32935572737641 4.19232761859894 1.53775298595428 0.705064088106155
1.46312917137724 4.19232761859894 1.67903470993042 0.760295391082764
1.61036427500108 4.19232761859894 1.83412006497383 0.842466622591019
1.77241568887504 4.19232761859894 2.01349270343781 0.929974943399429
1.95077438250316 4.19232761859894 2.2276782989502 1.00780227780342
2.14708136207369 4.19232761859894 2.42389988899231 1.12768650054932
2.36314276869316 4.19232761859894 2.67246782779694 1.24713841080666
2.60094649596008 4.19232761859894 2.83482789993286 1.32980355620384
2.86268047976978 4.19232761859894 3.129563331604 1.45041158795357
3.15075282862747 4.19232761859894 3.37439465522766 1.60781842470169
3.46781397968047 4.19232761859894 3.64215934276581 1.76196521520615
3.81678108431816 4.19232761859894 3.93634128570557 1.98691129684448
4.2008648477019 4.19232761859894 4.37725806236267 2.07633936405182
4.62790519502682 4.19232761859894 4.63268601894379 2.27047747373581
5.09361260779729 4.19232761859894 4.9023585319519 2.4467738866806
5.6061842896419 4.19232761859894 5.27223610877991 2.64130103588104
6.17033620525356 4.19232761859894 5.61016166210175 2.84252798557281
6.79125888819023 4.19232761859894 6.19776117801666 2.97452855110168
7.47466519687438 4.19232761859894 6.71153283119202 3.31132638454437
8.22684287629239 4.19232761859894 6.71153283119202 3.40767157077789
9.05471240899251 4.19232761859894 6.73374009132385 3.56900775432587
9.96589068764523 4.19232761859894 6.73374009132385 3.82502609491348
10.9687610949915 4.19232761859894 6.73374009132385 4.20822632312775
12.072550635956 4.19232761859894 6.73374009132385 4.25210344791412
13.2874148315868 4.19232761859894 6.73374009132385 4.53178849816322
14.6245311558961 4.19232761859894 6.73374009132385 5.40342342853546
16.0962018752773 4.19232761859894 6.73374009132385 5.59088361263275
17.7159672366814 4.19232761859894 6.73374009132385 5.92461657524109
19.4987300459514 4.19232761859894 6.73374009132385 6.28614401817322
21.4808800919766 4.19232761859894 6.73374009132385 7.04500377178192
23.6425071500281 4.19232761859894 6.73374009132385 7.59699088335037
26.0216593522121 4.19232761859894 6.73374009132385 8.53682637214661
28.6402263154973 4.19232761859894 6.73374009132385 9.35637053847313
31.5223004152183 4.19232761859894 6.73374009132385 10.2747505903244
34.6943984492749 4.19232761859894 6.73374009132385 10.3289864063263
38.1857056084627 4.19232761859894 6.73374009132385 11.2735245227814
42.0283439976073 4.19232761859894 6.73374009132385 11.2735245227814
46.2576681780564 4.19232761859894 6.73374009132385 11.2735245227814
50.9125904506965 4.19232761859894 6.73374009132385 11.2735245227814
56.0359388722924 4.19232761859894 6.73374009132385 11.2735245227814
61.674851299112 4.19232761859894 7.06463432312012 12.2676229476929
67.8812090832727 4.19232761859894 7.06463432312012 15.5296530723572
74.7121144120754 4.19232761859894 7.06463432312012 18.3791309595108
82.2304156821292 4.19232761859894 7.06463432312012 21.1747725009918
90.5052857420251 4.19232761859894 7.07680773735046 22.3651298284531
99.7056313992196 4.19232761859894 7.3928337097168 23.5411474704742
109.739037374665 4.19232761859894 7.3928337097168 24.7351913452148
120.782107840023 4.19232761859894 7.3928337097168 27.1015663146973
132.936445619368 4.19232761859894 7.73590135574341 27.1015663146973
146.313877857786 4.19232761859894 7.73590135574341 27.1015663146973
161.037484897703 4.19232761859894 7.73590135574341 37.0028142929077
177.242732691319 4.19232761859894 7.73590135574341 37.0028142929077
195.078719168039 4.19232761859894 7.73590135574341 48.2763388156891
214.709546024206 4.19232761859894 7.73590135574341 48.2763388156891
214.909512828253 4.19232761859894 7.73590135574341 48.2763388156891
