0.0194894644874591 0.586059033870697 0.00833296775817871 0.00476866960525513
0.0195076157341004 0.586059033870697 0.00833296775817871 0.00476866960525513
0.0214706726399789 0.586059033870697 0.00833296775817871 0.00476866960525513
0.0236312725192399 0.586059033870697 0.00833296775817871 0.00476866960525513
0.0260092941773403 0.586059033870697 0.00833296775817871 0.00476866960525513
0.02862661682957 0.586059033870697 0.00833296775817871 0.00476866960525513
0.0315073214028609 0.586059033870697 0.0169666111469269 0.00900369882583618
0.0346779120946542 0.586059033870697 0.0169666111469269 0.00900369882583618
0.0381675602272991 0.586059033870697 0.0169666111469269 0.00900369882583618
0.0420083726415892 0.586059033870697 0.0169666111469269 0.00900369882583618
0.0462787480746938 0.586059033870697 0.0169666111469269 0.00900369882583618
0.0509357916233132 0.586059033870697 0.0169666111469269 0.00900369882583618
0.056061474785492 0.586059033870697 0.0169666111469269 0.00900369882583618
0.0617029568985016 0.586059033870697 0.0169666111469269 0.00900369882583618
0.0679121429571029 0.586059033870697 0.028126060962677 0.0094907283782959
0.0747461611704054 0.768446087837219 0.0508275777101517 0.0206751823425293
0.0822678885754094 0.967256665229797 0.0508275777101517 0.0241738557815552
0.0905465295431877 1.00701880455017 0.0508275777101517 0.0241738557815552
0.0996582525003081 1.9137766957283 0.0508275777101517 0.0422393679618835
0.109686890723714 1.9137766957283 0.102070033550262 0.0540051460266113
0.120724713656792 1.9137766957283 0.102070033550262 0.0543400645256042
0.132873275843195 2.74790793657303 0.102070033550262 0.0763896256685257
0.146244351289115 2.74790793657303 0.133825659751892 0.0763896256685257
0.160960961850701 2.74790793657303 0.136839553713799 0.0879703760147095
0.177158509108387 2.74790793657303 0.173715234035626 0.102507382631302
0.194986020142061 2.80583125352859 0.220677852630615 0.119186043739319
0.214807390451206 2.80583125352859 0.224568039178848 0.121914178133011
0.23642351909587 3.39448344707489 0.248740792274475 0.136355936527252
0.260214884898814 3.51117664575577 0.292575851082802 0.161651730537415
0.286400382592417 3.51117664575577 0.296178221702576 0.183536618947983
0.315220934348083 3.56563341617584 0.343676403164864 0.194217503070831
0.346941706403675 3.56563341617584 0.380426689982414 0.230796575546265
0.381854548750803 3.56563341617584 0.434667587280273 0.250962972640991
0.420280680328535 3.62527656555176 0.457823172211647 0.260953679680824
0.462573644428912 3.84656143188477 0.518702253699303 0.297444403171539
0.509122561505755 3.84656143188477 0.568037495017052 0.31657087802887
0.560355709314554 3.93300080299377 0.648695886135101 0.354851067066193
0.616744463322841 3.98659324645996 0.709599420428276 0.383469253778458
0.678807633645181 3.98659324645996 0.786651805043221 0.427533328533173
0.74711623840516 4.04104995727539 0.876632630825043 0.47922171652317
0.822298757442146 4.06265139579773 0.967548787593842 0.526878282427788
0.90504691470005 4.17070913314819 1.05819816887379 0.58383609354496
0.997049767162749 4.17070913314819 1.17114885151386 0.645745113492012
1.0973831681079 4.17070913314819 1.28896583616734 0.705646589398384
1.207813147656 4.17070913314819 1.40744537115097 0.788953736424446
1.32935572737641 4.17070913314819 1.57371324300766 0.864590272307396
1.46312917137724 4.17070913314819 1.70998162031174 0.950488314032555
1.61036427500108 4.19232761859894 1.84363085031509 1.02739697694778
1.77241568887504 4.19232761859894 2.03649765253067 1.10993784666061
1.95077438250316 4.19232761859894 2.27680844068527 1.21586674451828
2.14708136207369 4.19232761859894 2.47882270812988 1.32217049598694
2.36314276869316 4.19232761859894 2.7371569275856 1.49225533008575
2.60094649596008 4.19232761859894 2.87739729881287 1.67355972528458
2.86268047976978 4.19232761859894 3.19236731529236 1.85504496097565
3.15075282862747 4.19232761859894 3.45086419582367 1.97117900848389
3.46781397968047 4.19232761859894 3.70423471927643 2.14409023523331
3.81678108431816 4.19232761859894 4.00597333908081 2.38037699460983
4.2008648477019 4.19232761859894 4.45730638504028 2.59674495458603
4.62790519502682 4.19232761859894 4.56747531890869 2.76324069499969
5.09361260779729 4.19232761859894 4.95677638053894 2.98683059215546
5.6061842896419 4.19232761859894 5.34489417076111 3.19750583171844
6.17033620525356 4.19232761859894 5.67995071411133 3.50665998458862
6.79125888819023 4.19232761859894 6.14826059341431 3.51532638072968
7.47466519687438 4.19232761859894 6.77738690376282 3.86834669113159
8.22684287629239 4.19232761859894 6.77738690376282 3.93443298339844
9.05471240899251 4.19232761859894 6.77738690376282 4.25594711303711
9.96589068764523 4.19232761859894 6.77738690376282 4.40596342086792
10.9687610949915 4.19232761859894 6.77738690376282 4.90944147109985
12.072550635956 4.19232761859894 6.77738690376282 5.15807223320007
13.2874148315868 4.19232761859894 6.77738690376282 5.44507670402527
14.6245311558961 4.19232761859894 6.77738690376282 5.91989874839783
16.0962018752773 4.19232761859894 6.77738690376282 5.91989874839783
17.7159672366814 4.19232761859894 6.77738690376282 6.25401091575623
19.4987300459514 4.19232761859894 6.77738690376282 6.72883296012878
21.4808800919766 4.19232761859894 6.77738690376282 7.18618106842041
23.6425071500281 4.19232761859894 6.77738690376282 7.48896217346191
26.0216593522121 4.19232761859894 6.77738690376282 7.99511528015137
28.6402263154973 4.19232761859894 6.77738690376282 8.24339234828949
31.5223004152183 4.19232761859894 6.77738690376282 9.58659505844116
34.6943984492749 4.19232761859894 6.77738690376282 10.3955292701721
38.1857056084627 4.19232761859894 6.77738690376282 12.5699260234833
42.0283439976073 4.19232761859894 6.77738690376282 13.6801924705505
46.2576681780564 4.19232761859894 6.77738690376282 16.0806064605713
50.9125904506965 4.19232761859894 6.77738690376282 17.1533651351929
56.0359388722924 4.19232761859894 6.77738690376282 17.1533651351929
61.674851299112 4.19232761859894 6.77738690376282 18.2451972961426
67.8812090832727 4.19232761859894 6.77738690376282 18.7500700950623
74.7121144120754 4.19232761859894 6.77738690376282 21.2497146725655
82.2304156821292 4.19232761859894 6.83224630355835 28.2691779136658
90.5052857420251 4.19232761859894 7.17990374565125 30.218358039856
99.7056313992196 4.19232761859894 7.48071789741516 35.2399230003357
109.739037374665 4.19232761859894 7.48071789741516 39.5775394439697
120.782107840023 4.19232761859894 7.48071789741516 44.7577438354492
132.936445619368 4.19232761859894 7.88323473930359 45.042594909668
146.313877857786 4.19232761859894 7.88323473930359 45.042594909668
161.037484897703 4.19232761859894 7.88323473930359 45.042594909668
177.242732691319 4.19232761859894 7.88323473930359 45.042594909668
195.078719168039 4.19232761859894 7.88323473930359 45.042594909668
214.709546024206 4.19232761859894 7.88323473930359 45.042594909668
214.909512828253 4.19232761859894 7.88323473930359 45.042594909668
