0.0194894644874591 0.586059033870697 0.00845324993133545 7.15255737304688e-07
0.0195076157341004 0.586059033870697 0.00845324993133545 7.15255737304688e-07
0.0214706726399789 0.586059033870697 0.00845324993133545 7.15255737304688e-07
0.0236312725192399 0.586059033870697 0.00845324993133545 7.15255737304688e-07
0.0260092941773403 0.586059033870697 0.00845324993133545 7.15255737304688e-07
0.02862661682957 0.586059033870697 0.00845324993133545 7.15255737304688e-07
0.0315073214028609 0.586059033870697 0.0171601176261902 0.00466467440128326
0.0346779120946542 0.586059033870697 0.0171601176261902 0.00466467440128326
0.0381675602272991 0.586059033870697 0.0171601176261902 0.00466467440128326
0.0420083726415892 0.586059033870697 0.0171601176261902 0.00466467440128326
0.0462787480746938 0.586059033870697 0.0312153995037079 0.00466467440128326
0.0509357916233132 0.586059033870697 0.0312153995037079 0.00466467440128326
0.056061474785492 0.586059033870697 0.0312153995037079 0.00466467440128326
0.0617029568985016 0.586059033870697 0.0312153995037079 0.00466467440128326
0.0679121429571029 0.651752918958664 0.0312153995037079 0.00871475040912628
0.0747461611704054 0.768446087837219 0.0463269948959351 0.0146020501852036
0.0822678885754094 0.967256665229797 0.0463269948959351 0.018145427107811
0.0905465295431877 1.00701880455017 0.0463389754295349 0.018145427107811
0.0996582525003081 1.9137766957283 0.066852867603302 0.029158815741539
0.109686890723714 2.30101633071899 0.0967051982879639 0.0325008630752563
0.120724713656792 2.30101633071899 0.096989631652832 0.0397056341171265
0.132873275843195 2.74790793657303 0.100640892982483 0.0412073284387589
0.146244351289115 2.74790793657303 0.137312047183514 0.0474488735198975
0.160960961850701 2.74790793657303 0.163526713848114 0.0509726256132126
0.177158509108387 2.74790793657303 0.172450065612793 0.0596738308668137
0.194986020142061 2.80583125352859 0.209264993667603 0.0642299503087997
0.214807390451206 3.0089550614357 0.224776692688465 0.0745000541210175
0.23642351909587 3.39448344707489 0.243659729138017 0.0800760835409164
0.260214884898814 3.51117664575577 0.281858645379543 0.0908778160810471
0.286400382592417 3.51117664575577 0.289557814598083 0.0968829840421677
0.315220934348083 3.7056565284729 0.341152034699917 0.108412235975266
0.346941706403675 3.7056565284729 0.366307012736797 0.12010582536459
0.381854548750803 3.7056565284729 0.423705160617828 0.134927749633789
0.420280680328535 3.70566511154175 0.457322323694825 0.147402346134186
0.462573644428912 3.84656143188477 0.496279472252354 0.161665603518486
0.509122561505755 3.93300080299377 0.559796310961246 0.18144354224205
0.560355709314554 3.93300080299377 0.621458798646927 0.199687391519547
0.616744463322841 4.19232761859894 0.67628038674593 0.2192173153162
0.678807633645181 4.19232761859894 0.7565758228302 0.241290345788002
0.74711623840516 4.19232761859894 0.840217083692551 0.265902865678072
0.822298757442146 4.19232761859894 0.928510956466198 0.293457686901093
0.90504691470005 4.19232761859894 1.0149672627449 0.324006404727697
0.997049767162749 4.19232761859894 1.12184853106737 0.356682911515236
1.0973831681079 4.19232761859894 1.25087371468544 0.393511146306992
1.207813147656 4.19232761859894 1.35787165910006 0.435441017150879
1.32935572737641 4.19232761859894 1.50762355327606 0.477523878216743
1.46312917137724 4.19232761859894 1.65254110097885 0.525962226092815
1.61036427500108 4.19232761859894 1.80437123775482 0.576798737049103
1.77241568887504 4.19232761859894 1.97122749686241 0.63795417547226
1.95077438250316 4.19232761859894 2.18693560361862 0.699427679181099
2.14708136207369 4.19232761859894 2.37978935241699 0.76801985502243
2.36314276869316 4.19232761859894 2.61827033758163 0.842826992273331
2.60094649596008 4.19232761859894 2.79843878746033 0.933313012123108
2.86268047976978 4.19232761859894 3.0825023651123 1.02722710371017
3.15075282862747 4.19232761859894 3.32940268516541 1.12323194742203
3.46781397968047 4.19232761859894 3.58964109420776 1.23805105686188
3.81678108431816 4.19232761859894 3.87685537338257 1.36730080842972
4.2008648477019 4.19232761859894 4.31368637084961 1.49539071321487
4.62790519502682 4.19232761859894 4.57343089580536 1.64917886257172
5.09361260779729 4.19232761859894 4.84721231460571 1.81636416912079
5.6061842896419 4.19232761859894 5.21372747421265 1.96696400642395
6.17033620525356 4.19232761859894 5.55629885196686 2.16159981489182
6.79125888819023 4.19232761859894 6.14785921573639 2.37706804275513
7.47466519687438 4.19232761859894 6.66109752655029 2.58416056632996
8.22684287629239 4.19232761859894 6.66833901405334 2.83940625190735
9.05471240899251 4.19232761859894 6.71521973609924 3.14589643478394
9.96589068764523 4.19232761859894 6.71521973609924 3.46843254566193
10.9687610949915 4.19232761859894 6.71521973609924 3.73494493961334
12.072550635956 4.19232761859894 6.71521973609924 4.0608879327774
13.2874148315868 4.19232761859894 6.71521973609924 4.47350168228149
14.6245311558961 4.19232761859894 6.71521973609924 4.8704149723053
16.0962018752773 4.19232761859894 6.71521973609924 5.22856330871582
17.7159672366814 4.19232761859894 6.71521973609924 5.48689484596252
19.4987300459514 4.19232761859894 6.71521973609924 5.76537752151489
21.4808800919766 4.19232761859894 6.71521973609924 6.50997138023376
23.6425071500281 4.19232761859894 6.71521973609924 6.81605339050293
26.0216593522121 4.19232761859894 6.75984978675842 7.84891080856323
28.6402263154973 4.19232761859894 6.75984978675842 8.72554397583008
31.5223004152183 4.19232761859894 6.75984978675842 9.54868054389954
34.6943984492749 4.19232761859894 6.75984978675842 10.8135235309601
38.1857056084627 4.19232761859894 6.75984978675842 11.3710842132568
42.0283439976073 4.19232761859894 6.75984978675842 12.8673810958862
46.2576681780564 4.19232761859894 6.75984978675842 13.3412208557129
50.9125904506965 4.19232761859894 6.75984978675842 13.5388822555542
56.0359388722924 4.19232761859894 6.75984978675842 13.5388822555542
61.674851299112 4.19232761859894 6.95485806465149 13.5388822555542
67.8812090832727 4.19232761859894 6.95485806465149 13.5388822555542
74.7121144120754 4.19232761859894 6.95485806465149 16.5094952583313
82.2304156821292 4.19232761859894 6.95485806465149 21.0445013046265
90.5052857420251 4.19232761859894 6.95485806465149 21.0445013046265
99.7056313992196 4.19232761859894 7.5252628326416 21.0445013046265
109.739037374665 4.19232761859894 7.5252628326416 21.0445013046265
120.782107840023 4.19232761859894 7.5252628326416 21.0445013046265
132.936445619368 4.19232761859894 7.72027111053467 21.0445013046265
146.313877857786 4.19232761859894 7.72027111053467 21.0445013046265
161.037484897703 4.19232761859894 7.72027111053467 21.0445013046265
177.242732691319 4.19232761859894 7.72027111053467 21.0445013046265
195.078719168039 4.19232761859894 7.72027111053467 21.0445013046265
214.709546024206 4.19232761859894 7.78421354293823 21.0445013046265
214.909512828253 4.19232761859894 7.78421354293823 21.0445013046265
