0.0194894644874591 0.586059033870697 0.00741481781005859 0.00586274266242981
0.0195076157341004 0.586059033870697 0.00741481781005859 0.00586274266242981
0.0214706726399789 0.586059033870697 0.00741481781005859 0.00586274266242981
0.0236312725192399 0.586059033870697 0.00741481781005859 0.00586274266242981
0.0260092941773403 0.586059033870697 0.00741481781005859 0.00586274266242981
0.02862661682957 0.586059033870697 0.00741481781005859 0.00586274266242981
0.0315073214028609 0.586059033870697 0.016002357006073 0.00586274266242981
0.0346779120946542 0.586059033870697 0.016002357006073 0.00586274266242981
0.0381675602272991 0.586059033870697 0.016002357006073 0.00586274266242981
0.0420083726415892 0.586059033870697 0.016002357006073 0.00586274266242981
0.0462787480746938 0.586059033870697 0.029641330242157 0.00782066583633423
0.0509357916233132 0.586059033870697 0.029641330242157 0.00782066583633423
0.056061474785492 0.586059033870697 0.029641330242157 0.00782066583633423
0.0617029568985016 0.586059033870697 0.029641330242157 0.00782066583633423
0.0679121429571029 0.651752918958664 0.029641330242157 0.0104646682739258
0.0747461611704054 0.768446087837219 0.0438129305839539 0.0327532291412354
0.0822678885754094 0.967256665229797 0.0438129305839539 0.0327532291412354
0.0905465295431877 1.00701880455017 0.0457450151443481 0.0344622731208801
0.0996582525003081 1.9137766957283 0.0621941536664963 0.0376672148704529
0.109686890723714 2.30101633071899 0.0878765285015106 0.0529963374137878
0.120724713656792 2.30101633071899 0.0912702083587646 0.0544885993003845
0.132873275843195 2.74790793657303 0.0974743962287903 0.0616886615753174
0.146244351289115 2.74790793657303 0.129234499298036 0.0808459371328354
0.160960961850701 2.74790793657303 0.153325781226158 0.0854513794183731
0.177158509108387 2.74790793657303 0.1620152592659 0.0962114930152893
0.194986020142061 2.80583125352859 0.196563839912415 0.111643984913826
0.214807390451206 3.0089550614357 0.213064633309841 0.119234338402748
0.23642351909587 3.39448344707489 0.228968566283584 0.128463208675385
0.260214884898814 3.51117664575577 0.267713949084282 0.146006390452385
0.286400382592417 3.51117664575577 0.275726735591888 0.169147923588753
0.315220934348083 3.7056565284729 0.320792660117149 0.181655496358871
0.346941706403675 3.7056565284729 0.347940616309643 0.198544546961784
0.381854548750803 3.7056565284729 0.396370410919189 0.222434937953949
0.420280680328535 3.70566511154175 0.432570061646402 0.246962666511536
0.462573644428912 3.84656143188477 0.470838837325573 0.26738029718399
0.509122561505755 3.93300080299377 0.52502328902483 0.309505969285965
0.560355709314554 3.93300080299377 0.580672308802605 0.324230834841728
0.616744463322841 4.19232761859894 0.638031370937824 0.35874354839325
0.678807633645181 4.19232761859894 0.713615068234503 0.406467705965042
0.74711623840516 4.19232761859894 0.788998313248158 0.441197410225868
0.822298757442146 4.19232761859894 0.869916796684265 0.493300825357437
0.90504691470005 4.19232761859894 0.960257232189178 0.53000745177269
0.997049767162749 4.19232761859894 1.05880665779114 0.605969816446304
1.0973831681079 4.19232761859894 1.17405050992966 0.668672859668732
1.207813147656 4.19232761859894 1.27990264445543 0.726321905851364
1.32935572737641 4.19232761859894 1.42391085624695 0.786099880933762
1.46312917137724 4.19232761859894 1.55967575311661 0.865191295742989
1.61036427500108 4.19232761859894 1.70288664847612 0.946526676416397
1.77241568887504 4.19232761859894 1.85351645946503 1.03801608085632
1.95077438250316 4.19232761859894 2.06918340921402 1.13873860239983
2.14708136207369 4.19232761859894 2.25515472888947 1.2564260661602
2.36314276869316 4.19232761859894 2.48209512233734 1.37517127394676
2.60094649596008 4.19232761859894 2.66778784990311 1.50864732265472
2.86268047976978 4.19232761859894 2.94381010532379 1.5944972038269
3.15075282862747 4.19232761859894 3.18935370445251 1.74375402927399
3.46781397968047 4.19232761859894 3.43775963783264 1.82089185714722
3.81678108431816 4.19232761859894 3.71714091300964 2.01251184940338
4.2008648477019 4.19232761859894 4.1559317111969 2.21135905385017
4.62790519502682 4.19232761859894 4.37149572372437 2.3886239528656
5.09361260779729 4.19232761859894 4.69409012794495 2.58882939815521
5.6061842896419 4.19232761859894 5.06559205055237 2.74256253242493
6.17033620525356 4.19232761859894 5.42819690704346 2.87715923786163
6.79125888819023 4.19232761859894 6.01317358016968 3.11577606201172
7.47466519687438 4.19232761859894 6.51018333435059 3.49038410186768
8.22684287629239 4.19232761859894 6.54494118690491 3.64313364028931
9.05471240899251 4.19232761859894 6.59372162818909 3.91386163234711
9.96589068764523 4.19232761859894 6.59372162818909 4.53729915618896
10.9687610949915 4.19232761859894 6.59372162818909 4.99701809883118
12.072550635956 4.19232761859894 6.59372162818909 4.99701809883118
13.2874148315868 4.19232761859894 6.59372162818909 4.99701809883118
14.6245311558961 4.19232761859894 6.59372162818909 4.99701809883118
16.0962018752773 4.19232761859894 6.59372162818909 6.20431780815125
17.7159672366814 4.19232761859894 6.59372162818909 6.38445353507996
19.4987300459514 4.19232761859894 6.59372162818909 6.38445353507996
21.4808800919766 4.19232761859894 6.59372162818909 6.38445353507996
23.6425071500281 4.19232761859894 6.59372162818909 6.5062620639801
26.0216593522121 4.19232761859894 6.59372162818909 6.5062620639801
28.6402263154973 4.19232761859894 6.59372162818909 6.51855060458183
31.5223004152183 4.19232761859894 6.59372162818909 8.59987473487854
34.6943984492749 4.19232761859894 6.59372162818909 8.59987473487854
38.1857056084627 4.19232761859894 6.59372162818909 8.79220128059387
42.0283439976073 4.19232761859894 6.59372162818909 8.79220128059387
46.2576681780564 4.19232761859894 6.59372162818909 8.79220128059387
50.9125904506965 4.19232761859894 6.59372162818909 9.13152551651001
56.0359388722924 4.19232761859894 6.59372162818909 11.9274001121521
61.674851299112 4.19232761859894 6.59372162818909 12.4244894981384
67.8812090832727 4.19232761859894 6.59372162818909 12.9407138824463
74.7121144120754 4.19232761859894 6.59372162818909 14.9109968841076
82.2304156821292 4.19232761859894 6.59372162818909 17.2678034305573
90.5052857420251 4.19232761859894 6.59372162818909 17.2678034305573
99.7056313992196 4.19232761859894 7.59417057037354 18.512467622757
109.739037374665 4.19232761859894 7.59417057037354 18.512467622757
120.782107840023 4.19232761859894 7.59417057037354 19.4548282623291
132.936445619368 4.19232761859894 7.59417057037354 19.4548282623291
146.313877857786 4.19232761859894 7.59417057037354 19.4548282623291
161.037484897703 4.19232761859894 7.59417057037354 27.5526943206787
177.242732691319 4.19232761859894 7.59417057037354 27.5526943206787
195.078719168039 4.19232761859894 7.92718267440796 36.3448956012726
214.709546024206 4.19232761859894 7.92718267440796 36.3448956012726
214.909512828253 4.19232761859894 7.92718267440796 36.3448956012726
