0.0194894644874591 0.586059033870697 0.00942772626876831 0.00508895516395569
0.0195076157341004 0.586059033870697 0.00942772626876831 0.00508895516395569
0.0214706726399789 0.586059033870697 0.00942772626876831 0.00508895516395569
0.0236312725192399 0.586059033870697 0.00942772626876831 0.00508895516395569
0.0260092941773403 0.586059033870697 0.00942772626876831 0.00508895516395569
0.02862661682957 0.586059033870697 0.00942772626876831 0.00508895516395569
0.0315073214028609 0.586059033870697 0.0183084607124329 0.00508895516395569
0.0346779120946542 0.586059033870697 0.0183084607124329 0.00508895516395569
0.0381675602272991 0.586059033870697 0.0183084607124329 0.00508895516395569
0.0420083726415892 0.586059033870697 0.0183084607124329 0.00508895516395569
0.0462787480746938 0.586059033870697 0.0326150357723236 0.0173309892416
0.0509357916233132 0.586059033870697 0.0326150357723236 0.0173309892416
0.056061474785492 0.586059033870697 0.0326150357723236 0.0173309892416
0.0617029568985016 0.586059033870697 0.0326150357723236 0.0173309892416
0.0679121429571029 0.651752918958664 0.0326150357723236 0.0180763006210327
0.0747461611704054 0.768446087837219 0.0471068769693375 0.0238000303506851
0.0822678885754094 0.967256665229797 0.0471068769693375 0.0272376984357834
0.0905465295431877 1.00701880455017 0.0472579598426819 0.0380549430847168
0.0996582525003081 1.9137766957283 0.0694990158081055 0.045172780752182
0.109686890723714 2.30101633071899 0.102862656116486 0.0598130822181702
0.120724713656792 2.30101633071899 0.102862656116486 0.0598130822181702
0.132873275843195 2.74790793657303 0.105031043291092 0.060238242149353
0.146244351289115 2.74790793657303 0.142998937517405 0.0710894465446472
0.160960961850701 2.74790793657303 0.170959338545799 0.081922709941864
0.177158509108387 2.74790793657303 0.180255353450775 0.0905049741268158
0.194986020142061 2.80583125352859 0.217146277427673 0.102729201316833
0.214807390451206 3.0089550614357 0.23289081454277 0.121049672365189
0.23642351909587 3.39448344707489 0.255600215867162 0.134120225906372
0.260214884898814 3.51117664575577 0.291553482413292 0.141651332378387
0.286400382592417 3.51117664575577 0.305424451828003 0.159605205059052
0.315220934348083 3.7056565284729 0.35582435131073 0.172288566827774
0.346941706403675 3.7056565284729 0.380516786128283 0.194433033466339
0.381854548750803 3.7056565284729 0.443030714988708 0.212799370288849
0.420280680328535 3.70566511154175 0.474345792084932 0.238858342170715
0.462573644428912 3.84656143188477 0.512520957738161 0.265620619058609
0.509122561505755 3.93300080299377 0.58429704234004 0.290910869836807
0.560355709314554 3.93300080299377 0.649600937962532 0.325065404176712
0.616744463322841 4.19232761859894 0.701991870999336 0.35332852602005
0.678807633645181 4.19232761859894 0.786561381071806 0.393001019954681
0.74711623840516 4.19232761859894 0.876047044992447 0.429783374071121
0.822298757442146 4.19232761859894 0.969199284911156 0.475134119391441
0.90504691470005 4.19232761859894 1.05917192995548 0.527863383293152
0.997049767162749 4.19232761859894 1.16740500926971 0.582649499177933
1.0973831681079 4.19232761859894 1.30458703637123 0.638576239347458
1.207813147656 4.19232761859894 1.41477090120316 0.704474002122879
1.32935572737641 4.19232761859894 1.56331622600555 0.769729465246201
1.46312917137724 4.19232761859894 1.71978831291199 0.828807353973389
1.61036427500108 4.19232761859894 1.87747327983379 0.93064571917057
1.77241568887504 4.19232761859894 2.04850894212723 1.00138857960701
1.95077438250316 4.19232761859894 2.26623660326004 1.11805853247643
2.14708136207369 4.19232761859894 2.46659696102142 1.19779565930367
2.36314276869316 4.19232761859894 2.71171975135803 1.28944477438927
2.60094649596008 4.19232761859894 2.89553534984589 1.40204632282257
2.86268047976978 4.19232761859894 3.18020927906036 1.4980923384428
3.15075282862747 4.19232761859894 3.43118453025818 1.70363360643387
3.46781397968047 4.19232761859894 3.69680857658386 1.78252586722374
3.81678108431816 4.19232761859894 3.99075531959534 2.0378290116787
4.2008648477019 4.19232761859894 4.41901659965515 2.06753376126289
4.62790519502682 4.19232761859894 4.72169315814972 2.18251106142998
5.09361260779729 4.19232761859894 4.98955655097961 2.37562274932861
5.6061842896419 4.19232761859894 5.31755661964417 2.5239953994751
6.17033620525356 4.19232761859894 5.66878044605255 2.68754589557648
6.79125888819023 4.19232761859894 6.27823734283447 2.88711667060852
7.47466519687438 4.19232761859894 6.79459023475647 3.13436603546143
8.22684287629239 4.19232761859894 6.79459023475647 3.26831412315369
9.05471240899251 4.19232761859894 6.85005402565002 3.59459042549133
9.96589068764523 4.19232761859894 6.85005402565002 3.59459042549133
10.9687610949915 4.19232761859894 6.85005402565002 3.91101145744324
12.072550635956 4.19232761859894 6.85005402565002 4.36844182014465
13.2874148315868 4.19232761859894 6.85005402565002 4.57353949546814
14.6245311558961 4.19232761859894 6.85005402565002 4.91079521179199
16.0962018752773 4.19232761859894 6.85005402565002 4.93332028388977
17.7159672366814 4.19232761859894 6.98033344745636 5.46805095672607
19.4987300459514 4.19232761859894 6.98033344745636 5.46805095672607
21.4808800919766 4.19232761859894 6.98033344745636 5.6282067745924
23.6425071500281 4.19232761859894 6.98033344745636 6.37342178821564
26.0216593522121 4.19232761859894 6.98033344745636 7.57928252220154
28.6402263154973 4.19232761859894 6.98033344745636 7.57928252220154
31.5223004152183 4.19232761859894 6.98033344745636 8.56556487083435
34.6943984492749 4.19232761859894 6.98033344745636 8.56556487083435
38.1857056084627 4.19232761859894 6.98033344745636 8.56556487083435
42.0283439976073 4.19232761859894 6.98033344745636 8.56556487083435
46.2576681780564 4.19232761859894 6.98033344745636 9.37754034996033
50.9125904506965 4.19232761859894 6.98033344745636 9.37754034996033
56.0359388722924 4.19232761859894 6.98033344745636 9.37754034996033
61.674851299112 4.19232761859894 7.7915940284729 9.37754034996033
67.8812090832727 4.19232761859894 7.7915940284729 9.37754034996033
74.7121144120754 4.19232761859894 7.7915940284729 9.37754034996033
82.2304156821292 4.19232761859894 7.7915940284729 14.4669380187988
90.5052857420251 4.19232761859894 7.7915940284729 14.4669380187988
99.7056313992196 4.19232761859894 7.7915940284729 16.2507553100586
109.739037374665 4.19232761859894 7.7915940284729 16.2507553100586
120.782107840023 4.19232761859894 7.7915940284729 16.2507553100586
132.936445619368 4.19232761859894 8.40259456634521 16.2507553100586
146.313877857786 4.19232761859894 8.40259456634521 16.2507553100586
161.037484897703 4.19232761859894 8.40259456634521 16.30379986763
177.242732691319 4.19232761859894 8.40259456634521 16.30379986763
195.078719168039 4.19232761859894 8.40259456634521 25.6813402175903
214.709546024206 4.19232761859894 8.40259456634521 25.6813402175903
214.909512828253 4.19232761859894 8.40259456634521 25.6813402175903
