0.0194894644874591 0.586059033870697 0.00857561826705933 0.00537145137786865
0.0195076157341004 0.586059033870697 0.00857561826705933 0.00537145137786865
0.0214706726399789 0.586059033870697 0.00857561826705933 0.00537145137786865
0.0236312725192399 0.586059033870697 0.00857561826705933 0.00537145137786865
0.0260092941773403 0.586059033870697 0.00857561826705933 0.00537145137786865
0.02862661682957 0.586059033870697 0.00857561826705933 0.00537145137786865
0.0315073214028609 0.586059033870697 0.0172682404518127 0.010668158531189
0.0346779120946542 0.586059033870697 0.0172682404518127 0.010668158531189
0.0381675602272991 0.586059033870697 0.0172682404518127 0.010668158531189
0.0420083726415892 0.586059033870697 0.0172682404518127 0.010668158531189
0.0462787480746938 0.586059033870697 0.0172682404518127 0.010668158531189
0.0509357916233132 0.586059033870697 0.0172682404518127 0.010668158531189
0.056061474785492 0.586059033870697 0.0172682404518127 0.010668158531189
0.0617029568985016 0.586059033870697 0.0172682404518127 0.010668158531189
0.0679121429571029 0.586059033870697 0.0285388827323914 0.0131206512451172
0.0747461611704054 0.768446087837219 0.0485627204179764 0.0226984918117523
0.0822678885754094 0.967256665229797 0.0485627204179764 0.0237302780151367
0.0905465295431877 1.00701880455017 0.0485627204179764 0.0237302780151367
0.0996582525003081 1.9137766957283 0.0499638020992279 0.0483233034610748
0.109686890723714 1.9137766957283 0.100307524204254 0.0570428371429443
0.120724713656792 1.9137766957283 0.100307524204254 0.072356104850769
0.132873275843195 2.74790793657303 0.100307524204254 0.072356104850769
0.146244351289115 2.74790793657303 0.130284786224365 0.0836968421936035
0.160960961850701 2.74790793657303 0.134428009390831 0.094348669052124
0.177158509108387 2.74790793657303 0.170479581458494 0.11379936337471
0.194986020142061 2.80583125352859 0.215975046157837 0.124358549714088
0.214807390451206 2.80583125352859 0.222083330154419 0.133145391941071
0.23642351909587 3.39448344707489 0.248290420509875 0.160542279481888
0.260214884898814 3.51117664575577 0.288576558232307 0.176437437534332
0.286400382592417 3.51117664575577 0.293350070714951 0.193608999252319
0.315220934348083 3.56563341617584 0.338308990001678 0.215979367494583
0.346941706403675 3.56563341617584 0.374840036034584 0.237877920269966
0.381854548750803 3.56563341617584 0.429754734039307 0.258357286453247
0.420280680328535 3.62527656555176 0.453705355525017 0.293009787797928
0.462573644428912 3.84656143188477 0.509869799017906 0.312604606151581
0.509122561505755 3.84656143188477 0.558509156107903 0.359200537204742
0.560355709314554 3.93300080299377 0.637013405561447 0.393735229969025
0.616744463322841 3.98659324645996 0.694526955485344 0.434015363454819
0.678807633645181 3.98659324645996 0.77508847322315 0.471128508448601
0.74711623840516 4.04104995727539 0.863724201917648 0.516550481319427
0.822298757442146 4.06265139579773 0.951639533042908 0.572850167751312
0.90504691470005 4.17070913314819 1.04328255355358 0.640507280826569
0.997049767162749 4.17070913314819 1.15284244716167 0.720533758401871
1.0973831681079 4.17070913314819 1.2717876881361 0.787426173686981
1.207813147656 4.17070913314819 1.38998334109783 0.854155778884888
1.32935572737641 4.17070913314819 1.54836112260818 0.949016898870468
1.46312917137724 4.17070913314819 1.69145750999451 1.01430961489677
1.61036427500108 4.19232761859894 1.81847620010376 1.13550192117691
1.77241568887504 4.19232761859894 2.00259679555893 1.25275576114655
1.95077438250316 4.19232761859894 2.24354463815689 1.37347912788391
2.14708136207369 4.19232761859894 2.43955779075623 1.51520800590515
2.36314276869316 4.19232761859894 2.69120872020721 1.65527448058128
2.60094649596008 4.19232761859894 2.85416388511658 1.8363244831562
2.86268047976978 4.19232761859894 3.14933001995087 1.97289502620697
3.15075282862747 4.19232761859894 3.39627778530121 2.19521877169609
3.46781397968047 4.19232761859894 3.66288912296295 2.45178273320198
3.81678108431816 4.19232761859894 3.96057868003845 2.63050401210785
4.2008648477019 4.19232761859894 4.40067911148071 2.90922451019287
4.62790519502682 4.19232761859894 4.51894760131836 3.10606527328491
5.09361260779729 4.19232761859894 4.91288733482361 3.3608078956604
5.6061842896419 4.19232761859894 5.2991669178009 3.64653253555298
6.17033620525356 4.19232761859894 5.63496470451355 3.95546340942383
6.79125888819023 4.19232761859894 6.11018586158752 4.25587892532349
7.47466519687438 4.19232761859894 6.74289226531982 4.72955393791199
8.22684287629239 4.19232761859894 6.74289226531982 5.2334132194519
9.05471240899251 4.19232761859894 6.76931715011597 5.89726305007935
9.96589068764523 4.19232761859894 6.76931715011597 5.95704364776611
10.9687610949915 4.19232761859894 6.76931715011597 6.41452836990356
12.072550635956 4.19232761859894 6.76931715011597 6.7824878692627
13.2874148315868 4.19232761859894 6.76931715011597 7.37414121627808
14.6245311558961 4.19232761859894 6.76931715011597 7.81520891189575
16.0962018752773 4.19232761859894 6.76931715011597 8.0982551574707
17.7159672366814 4.19232761859894 6.76931715011597 8.99049735069275
19.4987300459514 4.19232761859894 6.76931715011597 9.18475723266602
21.4808800919766 4.19232761859894 6.76931715011597 9.93989992141724
23.6425071500281 4.19232761859894 6.76931715011597 9.93989992141724
26.0216593522121 4.19232761859894 6.76931715011597 10.0136610269547
28.6402263154973 4.19232761859894 6.76931715011597 12.2360768318176
31.5223004152183 4.19232761859894 6.76931715011597 12.8943867683411
34.6943984492749 4.19232761859894 6.76931715011597 13.1481509208679
38.1857056084627 4.19232761859894 6.76931715011597 15.5887479782104
42.0283439976073 4.19232761859894 6.76931715011597 17.7134389877319
46.2576681780564 4.19232761859894 6.76931715011597 20.6679258346558
50.9125904506965 4.19232761859894 6.76931715011597 22.1791858673096
56.0359388722924 4.19232761859894 6.76931715011597 22.1791858673096
61.674851299112 4.19232761859894 6.76931715011597 22.1791858673096
67.8812090832727 4.19232761859894 6.76931715011597 22.8455648422241
74.7121144120754 4.19232761859894 6.76931715011597 26.3332657814026
82.2304156821292 4.19232761859894 6.76931715011597 34.1068048477173
90.5052857420251 4.19232761859894 7.04868173599243 36.0478525161743
99.7056313992196 4.19232761859894 7.35765695571899 41.699107170105
109.739037374665 4.19232761859894 7.35765695571899 47.975471496582
120.782107840023 4.19232761859894 7.35765695571899 53.6267261505127
132.936445619368 4.19232761859894 7.63702154159546 54.3196640014648
146.313877857786 4.19232761859894 7.63702154159546 54.3196640014648
161.037484897703 4.19232761859894 7.63702154159546 54.3196640014648
177.242732691319 4.19232761859894 7.63702154159546 54.3196640014648
195.078719168039 4.19232761859894 7.63702154159546 54.3196640014648
214.709546024206 4.19232761859894 7.63702154159546 54.3196640014648
214.909512828253 4.19232761859894 7.63702154159546 54.3196640014648
