0.0387145280838013 0.586059033870697 0.00723260641098022 0.000963807106018066
0.0387500300966981 0.586059033870697 0.00723260641098022 0.000963807106018066
0.0425866726076336 0.586059033870697 0.00723260641098022 0.000963807106018066
0.0468031812946723 0.586059033870697 0.00723260641098022 0.000963807106018066
0.0514371667278207 0.586059033870697 0.00723260641098022 0.000963807106018066
0.0565299633015929 0.586059033870697 0.00723260641098022 0.000963807106018066
0.0621269979310704 0.586059033870697 0.00723260641098022 0.000963807106018066
0.068278195252578 0.586059033870697 0.00723260641098022 0.000963807106018066
0.0750384229432996 0.586059033870697 0.0155952572822571 0.00460684299468994
0.0824679811320132 0.586059033870697 0.0155952572822571 0.00460684299468994
0.0907162527069789 0.586059033870697 0.0155952572822571 0.00460684299468994
0.0996980736423392 0.586059033870697 0.0155952572822571 0.00460684299468994
0.109569185139287 0.586059033870697 0.0155952572822571 0.00460684299468994
0.120417635902936 0.586059033870697 0.0155952572822571 0.00460684299468994
0.132340192345309 0.586059033870697 0.0155952572822571 0.00460684299468994
0.145443201725957 0.586059033870697 0.0155952572822571 0.00460684299468994
0.159843540752169 0.967256665229797 0.0560856908559799 0.0299612879753113
0.175669658100152 0.967256665229797 0.0560856908559799 0.0299612879753113
0.193062720156276 0.967256665229797 0.0770008414983749 0.0299612879753113
0.212177870198225 1.85931992530823 0.0846653580665588 0.0460944771766663
0.233185612247737 1.9137766957283 0.0846653580665588 0.048500657081604
0.25627333193868 1.9137766957283 0.114754855632782 0.0605936050415039
0.281646967966354 2.74790793657303 0.141613140702248 0.0663380026817322
0.309532849027073 2.74790793657303 0.146908044815063 0.0738751888275146
0.340179712633237 2.74790793657303 0.192130208015442 0.0818231403827667
0.373860923811385 2.74790793657303 0.201842099428177 0.0969432592391968
0.411253695994416 3.10663169622421 0.233445957303047 0.111917436122894
0.451971945990459 3.10663169622421 0.277628540992737 0.117610275745392
0.496721712052834 3.12219077348709 0.289629593491554 0.130590677261353
0.54590215479858 3.56563341617584 0.32969719171524 0.143472611904144
0.599951955758347 3.56563341617584 0.375817716121674 0.158016592264175
0.659353230344131 3.56563341617584 0.408861920237541 0.183418840169907
0.724635828240139 3.56563341617584 0.421887889504433 0.202222883701324
0.796382059575582 3.56563341617584 0.478103518486023 0.218157023191452
0.875231889036086 3.84656143188477 0.535766407847404 0.240939646959305
0.961888644244345 3.84656143188477 0.623345255851746 0.259679049253464
1.05712528932784 3.84656143188477 0.681150838732719 0.296068429946899
1.16179131963283 3.84656143188477 0.73816691339016 0.334430307149887
1.27682033908432 3.98659324645996 0.792286170646548 0.369333058595657
1.4032383877809 4.04104137420654 0.904406309127808 0.405985653400421
1.54217309410505 4.04104995727539 0.990330681204796 0.449098333716393
1.69486373298454 4.17070913314819 1.10833667218685 0.497126668691635
1.86438038854372 4.17070913314819 1.21249139308929 0.527703464031219
2.0489727885339 4.17070913314819 1.33945953845978 0.590321883559227
2.25184169172242 4.17070913314819 1.51369768381119 0.644858598709106
2.4747966556489 4.17070913314819 1.61898390948772 0.717927277088165
2.7198264022398 4.17070913314819 1.81077153794467 0.78096604347229
2.98911655688376 4.19232761859894 2.00826889276505 0.870994806289673
3.28506914385371 4.19232761859894 2.14392501115799 0.930747807025909
3.61032401197175 4.19232761859894 2.37359553575516 1.01795583963394
3.96778238163021 4.19232761859894 2.58964371681213 1.14076364040375
4.36063272320454 4.19232761859894 2.793272331357 1.18985199928284
4.79237919768918 4.19232761859894 3.0871673822403 1.28565055131912
5.2668729132423 4.19232761859894 3.47954554855824 1.42066514492035
5.78834627644265 4.19232761859894 3.78601676225662 1.62874382734299
6.36145074466621 4.19232761859894 4.01911482214928 1.73085975646973
6.99129831632754 4.19232761859894 4.40419526398182 1.87949484586716
7.68350712907217 4.19232761859894 4.87757939100266 2.05552667379379
8.45199512379247 4.19232761859894 5.26000505685806 2.28188920021057
9.28882760400582 4.19232761859894 5.50634288787842 2.48380345106125
10.2085149119472 4.19232761859894 6.16906940937042 2.68960374593735
11.2192605084528 4.19232761859894 6.71799612045288 2.98906248807907
12.330080079446 4.19232761859894 6.75767421722412 3.33667719364166
13.5508819543863 4.19232761859894 6.78975105285645 3.5837664604187
14.8925554869521 4.19232761859894 6.78975105285645 3.89442217350006
16.3670681863003 4.19232761859894 6.78975105285645 4.10925936698914
17.9875724652967 4.19232761859894 6.78975105285645 4.55420470237732
19.7685229578944 4.19232761859894 6.78975105285645 5.25490581989288
21.7258054521118 4.19232761859894 6.78975105285645 5.81028246879578
23.8768785886714 4.19232761859894 6.78975105285645 6.33632051944733
26.2409295892292 4.19232761859894 6.78975105285645 7.09933906793594
28.8390454032626 4.19232761859894 6.78975105285645 7.57620018720627
31.6944008002223 4.19232761859894 6.78975105285645 8.38612952828407
34.8324650846968 4.19232761859894 6.78975105285645 9.08183991909027
38.3163339475004 4.19232761859894 6.78975105285645 9.36857962608337
42.1100361799719 4.19232761859894 6.78975105285645 9.36857962608337
46.2793530693252 4.19232761859894 6.78975105285645 9.83346557617188
50.8614742424258 4.19232761859894 6.78975105285645 10.7271711528301
55.8972714730444 4.19232761859894 6.78975105285645 11.3234828710556
61.4316632514152 4.19232761859894 6.78975105285645 11.9125144481659
67.5140154498445 4.19232761859894 6.78975105285645 12.9524307250977
74.1985816582434 4.19232761859894 6.78975105285645 14.5273399353027
81.5449871173038 4.19232761859894 6.78975105285645 17.9397835731506
89.6187605659235 4.19232761859894 6.78975105285645 17.9397835731506
98.4919187468734 4.19232761859894 6.78975105285645 20.9711790084839
108.243608784401 4.19232761859894 7.55512952804565 23.1099288463593
118.960814163673 4.19232761859894 7.55512952804565 25.4109581708908
130.739130609284 4.19232761859894 7.55512952804565 26.4398543834686
143.683618783529 4.19232761859894 7.55512952804565 26.4398543834686
157.909741410383 4.19232761859894 7.55512952804565 26.4398543834686
173.703536936922 4.19232761859894 7.55512952804565 26.4398543834686
190.901933233621 4.19232761859894 7.55512952804565 26.4398543834686
209.803143649102 4.19232761859894 7.55512952804565 27.2266321182251
230.575763898515 4.19232761859894 7.74900913238525 29.8373136520386
253.405082367608 4.19232761859894 7.74900913238525 29.8373136520386
278.494732854913 4.19232761859894 7.74900913238525 29.8373136520386
306.068510952025 4.19232761859894 7.74900913238525 29.8373136520386
336.372370263797 4.19232761859894 7.74900913238525 29.8373136520386
369.676616274388 4.19232761859894 7.74900913238525 29.8373136520386
370.015617281199 4.19232761859894 7.74900913238525 29.8373136520386
