0.0194894644874591 0.586059033870697 0.00895786285400391 0.00436806678771973
0.0195076157341004 0.586059033870697 0.00895786285400391 0.00436806678771973
0.0214706726399789 0.586059033870697 0.00895786285400391 0.00436806678771973
0.0236312725192399 0.586059033870697 0.00895786285400391 0.00436806678771973
0.0260092941773403 0.586059033870697 0.00895786285400391 0.00436806678771973
0.02862661682957 0.586059033870697 0.00895786285400391 0.00436806678771973
0.0315073214028609 0.586059033870697 0.01776123046875 0.00821274518966675
0.0346779120946542 0.586059033870697 0.01776123046875 0.00821274518966675
0.0381675602272991 0.586059033870697 0.01776123046875 0.00821274518966675
0.0420083726415892 0.586059033870697 0.01776123046875 0.00821274518966675
0.0462787480746938 0.586059033870697 0.0318620800971985 0.00821274518966675
0.0509357916233132 0.586059033870697 0.0318620800971985 0.00821274518966675
0.056061474785492 0.586059033870697 0.0318620800971985 0.00821274518966675
0.0617029568985016 0.586059033870697 0.0318620800971985 0.00821274518966675
0.0679121429571029 0.651752918958664 0.0318620800971985 0.0174980759620667
0.0747461611704054 0.768446087837219 0.0452750325202942 0.0174980759620667
0.0822678885754094 0.967256665229797 0.0452750325202942 0.0174980759620667
0.0905465295431877 1.00701880455017 0.04698246717453 0.0174980759620667
0.0996582525003081 1.9137766957283 0.0665522813796997 0.0372065976262093
0.109686890723714 2.30101633071899 0.0978620648384094 0.0418924689292908
0.120724713656792 2.30101633071899 0.0978620648384094 0.0465903133153915
0.132873275843195 2.74790793657303 0.102992713451385 0.052775576710701
0.146244351289115 2.74790793657303 0.138395912945271 0.0590428411960602
0.160960961850701 2.74790793657303 0.165171146392822 0.0604853630065918
0.177158509108387 2.74790793657303 0.174484759569168 0.0667095482349396
0.194986020142061 2.80583125352859 0.209332466125488 0.0854271650314331
0.214807390451206 3.0089550614357 0.226006649434566 0.0854643881320953
0.23642351909587 3.39448344707489 0.247886365279555 0.10229280591011
0.260214884898814 3.51117664575577 0.283124305307865 0.109115302562714
0.286400382592417 3.51117664575577 0.292415946722031 0.12186524271965
0.315220934348083 3.7056565284729 0.343850344419479 0.139918312430382
0.346941706403675 3.7056565284729 0.370281554758549 0.152091778814793
0.381854548750803 3.7056565284729 0.427567183971405 0.167254939675331
0.420280680328535 3.70566511154175 0.459679281339049 0.187622129917145
0.462573644428912 3.84656143188477 0.497096038423479 0.204444639384747
0.509122561505755 3.93300080299377 0.564177952706814 0.22726833820343
0.560355709314554 3.93300080299377 0.625759899616241 0.248824074864388
0.616744463322841 4.19232761859894 0.67942326515913 0.279364034533501
0.678807633645181 4.19232761859894 0.760795742273331 0.306612014770508
0.74711623840516 4.19232761859894 0.845672369003296 0.338842064142227
0.822298757442146 4.19232761859894 0.934695668518543 0.371149368584156
0.90504691470005 4.19232761859894 1.0224521458149 0.407365277409554
0.997049767162749 4.19232761859894 1.1291047334671 0.449314460158348
1.0973831681079 4.19232761859894 1.26021456718445 0.496497049927711
1.207813147656 4.19232761859894 1.37023853510618 0.550052389502525
1.32935572737641 4.19232761859894 1.51309925317764 0.602900460362434
1.46312917137724 4.19232761859894 1.66644376516342 0.662705548107624
1.61036427500108 4.19232761859894 1.8196308016777 0.723377510905266
1.77241568887504 4.19232761859894 1.97860205173492 0.80234219878912
1.95077438250316 4.19232761859894 2.19612294435501 0.888454228639603
2.14708136207369 4.19232761859894 2.39189743995667 0.961284801363945
2.36314276869316 4.19232761859894 2.63071322441101 1.06277573108673
2.60094649596008 4.19232761859894 2.82066559791565 1.15147733688354
2.86268047976978 4.19232761859894 3.09734010696411 1.28642760962248
3.15075282862747 4.19232761859894 3.34887325763702 1.40135729312897
3.46781397968047 4.19232761859894 3.60626494884491 1.55967879295349
3.81678108431816 4.19232761859894 3.89335405826569 1.73324835300446
4.2008648477019 4.19232761859894 4.32020163536072 1.89164805412292
4.62790519502682 4.19232761859894 4.60581207275391 2.03412485122681
5.09361260779729 4.19232761859894 4.87428522109985 2.19271016120911
5.6061842896419 4.19232761859894 5.22870874404907 2.29717326164246
6.17033620525356 4.19232761859894 5.5778386592865 2.32946610450745
6.79125888819023 4.19232761859894 6.18720424175262 2.46098327636719
7.47466519687438 4.19232761859894 6.69648408889771 2.5945999622345
8.22684287629239 4.19232761859894 6.69916343688965 2.62938928604126
9.05471240899251 4.19232761859894 6.77815699577332 2.8236391544342
9.96589068764523 4.19232761859894 6.77815699577332 2.95654833316803
10.9687610949915 4.19232761859894 6.77815699577332 3.07317721843719
12.072550635956 4.19232761859894 6.77815699577332 3.16380882263184
13.2874148315868 4.19232761859894 6.77815699577332 3.22835683822632
14.6245311558961 4.19232761859894 6.77815699577332 3.29523277282715
16.0962018752773 4.19232761859894 6.77815699577332 3.66703307628632
17.7159672366814 4.19232761859894 6.77815699577332 3.97455668449402
19.4987300459514 4.19232761859894 6.77815699577332 3.97455668449402
21.4808800919766 4.19232761859894 6.77815699577332 3.97455668449402
23.6425071500281 4.19232761859894 6.77815699577332 3.97455668449402
26.0216593522121 4.19232761859894 6.89078497886658 4.63794720172882
28.6402263154973 4.19232761859894 6.89078497886658 4.66896498203278
31.5223004152183 4.19232761859894 6.89078497886658 5.11206686496735
34.6943984492749 4.19232761859894 6.89078497886658 5.1430846452713
38.1857056084627 4.19232761859894 6.89078497886658 5.36077570915222
42.0283439976073 4.19232761859894 6.89078497886658 5.36077570915222
46.2576681780564 4.19232761859894 6.89078497886658 6.12101793289185
50.9125904506965 4.19232761859894 6.89078497886658 6.59513759613037
56.0359388722924 4.19232761859894 6.89078497886658 6.59513759613037
61.674851299112 4.19232761859894 7.3086211681366 7.11177438497543
67.8812090832727 4.19232761859894 7.3086211681366 7.20380538702011
74.7121144120754 4.19232761859894 7.3086211681366 8.02942097187042
82.2304156821292 4.19232761859894 7.3086211681366 8.46847075223923
90.5052857420251 4.19232761859894 7.3086211681366 11.2962760925293
99.7056313992196 4.19232761859894 7.47148942947388 11.2962760925293
109.739037374665 4.19232761859894 7.47148942947388 11.2962760925293
120.782107840023 4.19232761859894 7.47148942947388 11.7526097297668
132.936445619368 4.19232761859894 7.8893256187439 12.5374069213867
146.313877857786 4.19232761859894 7.8893256187439 12.5374069213867
161.037484897703 4.19232761859894 7.8893256187439 12.5374069213867
177.242732691319 4.19232761859894 7.8893256187439 12.5374069213867
195.078719168039 4.19232761859894 7.8893256187439 12.5374069213867
214.709546024206 4.19232761859894 7.8893256187439 17.3169107437134
214.909512828253 4.19232761859894 7.8893256187439 17.3169107437134
