0.0387145280838013 0.586059033870697 0.0100986361503601 0.0078965425491333
0.0387500300966981 0.586059033870697 0.0100986361503601 0.0078965425491333
0.0425866726076336 0.586059033870697 0.0100986361503601 0.0078965425491333
0.0468031812946723 0.586059033870697 0.0100986361503601 0.0078965425491333
0.0514371667278207 0.586059033870697 0.0100986361503601 0.0078965425491333
0.0565299633015929 0.586059033870697 0.0100986361503601 0.0078965425491333
0.0621269979310704 0.586059033870697 0.0100986361503601 0.0078965425491333
0.068278195252578 0.586059033870697 0.0100986361503601 0.0078965425491333
0.0750384229432996 0.586059033870697 0.0191393196582794 0.0116784870624542
0.0824679811320132 0.586059033870697 0.0191393196582794 0.0116784870624542
0.0907162527069789 0.586059033870697 0.0331445336341858 0.0116784870624542
0.0996980736423392 0.586059033870697 0.0331445336341858 0.0116784870624542
0.109569185139287 0.586059033870697 0.0331445336341858 0.0116784870624542
0.120417635902936 0.586059033870697 0.0331445336341858 0.0116784870624542
0.132340192345309 0.586059033870697 0.0331445336341858 0.0116784870624542
0.145443201725957 0.99837489426136 0.064400315284729 0.023636519908905
0.159843540752169 0.99837489426136 0.064400315284729 0.0316791832447052
0.175669658100152 0.99837489426136 0.064400315284729 0.0316791832447052
0.193062720156276 0.99837489426136 0.0890534520149231 0.0331116318702698
0.212177870198225 2.30101633071899 0.11341804265976 0.0493705868721008
0.233185612247737 2.30101633071899 0.11341804265976 0.0597139000892639
0.25627333193868 2.30101633071899 0.127557784318924 0.0647900104522705
0.281646967966354 2.74790793657303 0.150654494762421 0.0680136680603027
0.309532849027073 2.74790793657303 0.163906931877136 0.0742271095514297
0.340179712633237 2.74790793657303 0.191032469272614 0.087343692779541
0.373860923811385 2.74790793657303 0.213248372077942 0.0948608219623566
0.411253695994416 3.10663169622421 0.262208526954055 0.102605938911438
0.451971945990459 3.13343650102615 0.307596266269684 0.126903295516968
0.496721712052834 3.13343650102615 0.317665509879589 0.126903295516968
0.54590215479858 3.56563341617584 0.3536277115345 0.154852628707886
0.599951955758347 3.7056565284729 0.39336371421814 0.161851570010185
0.659353230344131 3.7056565284729 0.447510071098804 0.183695301413536
0.724635828240139 3.7056565284729 0.490795373916626 0.193929255008698
0.796382059575582 3.7056565284729 0.5271857380867 0.212520003318787
0.875231889036086 3.84656143188477 0.604530274868011 0.250095948576927
0.961888644244345 3.84656143188477 0.65565213561058 0.27788357436657
1.05712528932784 3.93300080299377 0.716638088226318 0.291496962308884
1.16179131963283 3.93300080299377 0.794156238436699 0.316498816013336
1.27682033908432 4.04104995727539 0.855782747268677 0.364097520709038
1.4032383877809 4.04104995727539 0.966072499752045 0.381327703595161
1.54217309410505 4.19232761859894 1.04304856061935 0.420750930905342
1.69486373298454 4.19232761859894 1.17625468969345 0.45068322122097
1.86438038854372 4.19232761859894 1.29889452457428 0.515820488333702
2.0489727885339 4.19232761859894 1.41085624694824 0.545724242925644
2.25184169172242 4.19232761859894 1.58287537097931 0.587192043662071
2.4747966556489 4.19232761859894 1.71631870046258 0.630758628249168
2.7198264022398 4.19232761859894 1.9060366153717 0.689771100878716
2.98911655688376 4.19232761859894 2.11937934160233 0.753171935677528
3.28506914385371 4.19232761859894 2.25186998397112 0.80928099155426
3.61032401197175 4.19232761859894 2.55292370915413 0.991989225149155
3.96778238163021 4.19232761859894 2.73656380176544 1.09142357110977
4.36063272320454 4.19232761859894 3.04844475537539 1.24284227192402
4.79237919768918 4.19232761859894 3.39472508430481 1.31228649616241
5.2668729132423 4.19232761859894 3.79697490483522 1.40300658345222
5.78834627644265 4.19232761859894 3.97716754674911 1.53910838067532
6.36145074466621 4.19232761859894 4.24903094768524 1.66152632236481
6.99129831632754 4.19232761859894 4.69933375716209 1.7968584895134
7.68350712907217 4.19232761859894 5.12942397594452 2.01021964848042
8.45199512379247 4.19232761859894 5.65692043304443 2.31263597309589
9.28882760400582 4.19232761859894 5.89354610443115 2.407969430089
10.2085149119472 4.19232761859894 6.19343245029449 2.58379143476486
11.2192605084528 4.19232761859894 6.62750935554504 2.58379143476486
12.330080079446 4.19232761859894 6.70680022239685 3.07019978761673
13.5508819543863 4.19232761859894 6.75648188591003 3.34250575304031
14.8925554869521 4.19232761859894 6.76447701454163 3.34250575304031
16.3670681863003 4.19232761859894 6.88407111167908 3.47349613904953
17.9875724652967 4.19232761859894 6.88407111167908 3.67989867925644
19.7685229578944 4.19232761859894 6.88407111167908 4.35107719898224
21.7258054521118 4.19232761859894 6.88407111167908 4.71592503786087
23.8768785886714 4.19232761859894 7.53950786590576 6.60052764415741
26.2409295892292 4.19232761859894 7.53950786590576 6.60052764415741
28.8390454032626 4.19232761859894 7.53950786590576 6.60052764415741
31.6944008002223 4.19232761859894 7.53950786590576 7.13345183432102
34.8324650846968 4.19232761859894 7.53950786590576 7.74740558862686
38.3163339475004 4.19232761859894 7.53950786590576 7.95674461126328
42.1100361799719 4.19232761859894 7.53950786590576 8.59355986118317
46.2793530693252 4.19232761859894 7.53950786590576 8.59355986118317
50.8614742424258 4.19232761859894 7.53950786590576 8.59355986118317
55.8972714730444 4.19232761859894 7.53950786590576 9.35683608055115
61.4316632514152 4.19232761859894 7.53950786590576 9.35683608055115
67.5140154498445 4.19232761859894 7.53950786590576 9.62914204597473
74.1985816582434 4.19232761859894 7.53950786590576 9.62914204597473
81.5449871173038 4.19232761859894 7.53950786590576 9.62914204597473
89.6187605659235 4.19232761859894 8.06870365142822 9.62914204597473
98.4919187468734 4.19232761859894 8.06870365142822 9.62914204597473
108.243608784401 4.19232761859894 8.06870365142822 9.62914204597473
118.960814163673 4.19232761859894 8.06870365142822 9.62914204597473
130.739130609284 4.19232761859894 8.06870365142822 9.62914204597473
143.683618783529 4.19232761859894 8.06870365142822 9.62914204597473
157.909741410383 4.19232761859894 8.06870365142822 12.2402100563049
173.703536936922 4.19232761859894 8.06870365142822 12.2402100563049
190.901933233621 4.19232761859894 8.06870365142822 12.2402100563049
209.803143649102 4.19232761859894 8.06870365142822 12.2402100563049
230.575763898515 4.19232761859894 8.4395227432251 12.2402100563049
253.405082367608 4.19232761859894 8.4395227432251 12.2402100563049
278.494732854913 4.19232761859894 8.4395227432251 12.2402100563049
306.068510952025 4.19232761859894 8.4395227432251 12.2402100563049
336.372370263797 4.19232761859894 8.49764204025269 14.1091985702515
369.676616274388 4.19232761859894 8.49764204025269 14.1091985702515
370.015617281199 4.19232761859894 8.49764204025269 14.1091985702515
