0.0194894644874591 0.586059033870697 0.00927239656448364 0.00329682230949402
0.0195076157341004 0.586059033870697 0.00927239656448364 0.00329682230949402
0.0214706726399789 0.586059033870697 0.00927239656448364 0.00329682230949402
0.0236312725192399 0.586059033870697 0.00927239656448364 0.00329682230949402
0.0260092941773403 0.586059033870697 0.00927239656448364 0.00329682230949402
0.02862661682957 0.586059033870697 0.00927239656448364 0.00329682230949402
0.0315073214028609 0.586059033870697 0.018141508102417 0.00461704656481743
0.0346779120946542 0.586059033870697 0.018141508102417 0.00461704656481743
0.0381675602272991 0.586059033870697 0.018141508102417 0.00461704656481743
0.0420083726415892 0.586059033870697 0.018141508102417 0.00461704656481743
0.0462787480746938 0.586059033870697 0.018141508102417 0.00461704656481743
0.0509357916233132 0.586059033870697 0.018141508102417 0.00461704656481743
0.056061474785492 0.586059033870697 0.018141508102417 0.00461704656481743
0.0617029568985016 0.586059033870697 0.018141508102417 0.00461704656481743
0.0679121429571029 0.586059033870697 0.0303167104721069 0.0175682306289673
0.0747461611704054 0.768446087837219 0.044732391834259 0.022668331861496
0.0822678885754094 0.967256665229797 0.044732391834259 0.022668331861496
0.0905465295431877 1.00701880455017 0.0473704040050507 0.022668331861496
0.0996582525003081 1.9137766957283 0.0521615743637085 0.0295836329460144
0.109686890723714 1.9137766957283 0.098810613155365 0.0319252908229828
0.120724713656792 1.9137766957283 0.098810613155365 0.0378306806087494
0.132873275843195 2.74790793657303 0.098810613155365 0.0443730354309082
0.146244351289115 2.74790793657303 0.125290393829346 0.050503958016634
0.160960961850701 2.74790793657303 0.130451261997223 0.0556639209389687
0.177158509108387 2.74790793657303 0.167329430580139 0.0665664821863174
0.194986020142061 2.80583125352859 0.20966899394989 0.0697014182806015
0.214807390451206 2.80583125352859 0.221055898815393 0.0832894071936607
0.23642351909587 3.39448344707489 0.250550214201212 0.0869912058115005
0.260214884898814 3.51117664575577 0.284181475639343 0.0970891416072845
0.286400382592417 3.51117664575577 0.294309731572866 0.108589798212051
0.315220934348083 3.56563341617584 0.33751168847084 0.121336460113525
0.346941706403675 3.56563341617584 0.373088989406824 0.135088615119457
0.381854548750803 3.56563341617584 0.425480544567108 0.146695777773857
0.420280680328535 3.62527656555176 0.452406942844391 0.166259057819843
0.462573644428912 3.84656143188477 0.498798105865717 0.183025777339935
0.509122561505755 3.84656143188477 0.549652099609375 0.197809100151062
0.560355709314554 3.93300080299377 0.62446266412735 0.221516408026218
0.616744463322841 3.98659324645996 0.682322889566422 0.24100050330162
0.678807633645181 3.98659324645996 0.761791910976171 0.272155493497849
0.74711623840516 4.04104995727539 0.850109577178955 0.303251542150974
0.822298757442146 4.06265139579773 0.934689670801163 0.328608557581902
0.90504691470005 4.17070913314819 1.02836742997169 0.363878510892391
0.997049767162749 4.17070913314819 1.13539326190948 0.393277913331985
1.0973831681079 4.17070913314819 1.25473609566689 0.438596628606319
1.207813147656 4.17070913314819 1.37959530949593 0.47306876629591
1.32935572737641 4.17070913314819 1.51865965127945 0.519476145505905
1.46312917137724 4.17070913314819 1.67730063199997 0.568753689527512
1.61036427500108 4.19232761859894 1.80751150846481 0.617063254117966
1.77241568887504 4.19232761859894 1.97765272855759 0.685814738273621
1.95077438250316 4.19232761859894 2.20461761951447 0.764663368463516
2.14708136207369 4.19232761859894 2.40281355381012 0.840290188789368
2.36314276869316 4.19232761859894 2.64145278930664 0.934892773628235
2.60094649596008 4.19232761859894 2.83624839782715 0.96082615852356
2.86268047976978 4.19232761859894 3.10823285579681 1.02267915010452
3.15075282862747 4.19232761859894 3.32296311855316 1.18293195962906
3.46781397968047 4.19232761859894 3.61859393119812 1.23176097869873
3.81678108431816 4.19232761859894 3.90347254276276 1.45383530855179
4.2008648477019 4.19232761859894 4.32735633850098 1.48511475324631
4.62790519502682 4.19232761859894 4.44930601119995 1.7127338051796
5.09361260779729 4.19232761859894 4.85720729827881 1.85536128282547
5.6061842896419 4.19232761859894 5.23464202880859 1.88796216249466
6.17033620525356 4.19232761859894 5.59116005897522 1.98162996768951
6.79125888819023 4.19232761859894 6.0588321685791 2.25177401304245
7.47466519687438 4.19232761859894 6.7017936706543 2.41432628035545
8.22684287629239 4.19232761859894 6.70344734191895 2.48787724971771
9.05471240899251 4.19232761859894 6.79200553894043 2.50128781795502
9.96589068764523 4.19232761859894 6.79200553894043 2.60275185108185
10.9687610949915 4.19232761859894 6.79200553894043 2.70989710092545
12.072550635956 4.19232761859894 6.79200553894043 2.8840873837471
13.2874148315868 4.19232761859894 6.79200553894043 3.01866549253464
14.6245311558961 4.19232761859894 6.79200553894043 3.14083155989647
16.0962018752773 4.19232761859894 6.79200553894043 3.2543471455574
17.7159672366814 4.19232761859894 6.83872997760773 3.61928653717041
19.4987300459514 4.19232761859894 6.83872997760773 3.63579875230789
21.4808800919766 4.19232761859894 6.83872997760773 3.63579875230789
23.6425071500281 4.19232761859894 6.83872997760773 4.32154607772827
26.0216593522121 4.19232761859894 6.83872997760773 4.32154607772827
28.6402263154973 4.19232761859894 6.83872997760773 4.41095077991486
31.5223004152183 4.19232761859894 6.83872997760773 4.96080684661865
34.6943984492749 4.19232761859894 6.83872997760773 5.83665791153908
38.1857056084627 4.19232761859894 6.83872997760773 6.40912610292435
42.0283439976073 4.19232761859894 6.83872997760773 6.6771137714386
46.2576681780564 4.19232761859894 6.83872997760773 7.04903507232666
50.9125904506965 4.19232761859894 6.83872997760773 7.13489747047424
56.0359388722924 4.19232761859894 6.83872997760773 8.33439391851425
61.674851299112 4.19232761859894 6.83872997760773 8.48457318544388
67.8812090832727 4.19232761859894 6.83872997760773 10.2309188842773
74.7121144120754 4.19232761859894 6.83872997760773 10.8701796531677
82.2304156821292 4.19232761859894 7.0055228471756 12.9584078788757
90.5052857420251 4.19232761859894 7.39566278457642 13.5347691178322
99.7056313992196 4.19232761859894 7.57374286651611 14.923538684845
109.739037374665 4.19232761859894 7.57374286651611 14.923538684845
120.782107840023 4.19232761859894 7.57374286651611 14.923538684845
132.936445619368 4.19232761859894 8.1774001121521 14.923538684845
146.313877857786 4.19232761859894 8.1774001121521 14.923538684845
161.037484897703 4.19232761859894 8.1774001121521 14.923538684845
177.242732691319 4.19232761859894 8.1774001121521 14.923538684845
195.078719168039 4.19232761859894 8.1774001121521 14.923538684845
214.709546024206 4.19232761859894 8.1774001121521 14.923538684845
214.909512828253 4.19232761859894 8.1774001121521 14.923538684845
