0.0387145280838013 0.586059033870697 0.00858056545257568 0.00228214263916016
0.0387500300966981 0.586059033870697 0.00858056545257568 0.00228214263916016
0.0425866726076336 0.586059033870697 0.00858056545257568 0.00228214263916016
0.0468031812946723 0.586059033870697 0.00858056545257568 0.00228214263916016
0.0514371667278207 0.586059033870697 0.00858056545257568 0.00228214263916016
0.0565299633015929 0.586059033870697 0.00858056545257568 0.00228214263916016
0.0621269979310704 0.586059033870697 0.00858056545257568 0.00228214263916016
0.068278195252578 0.586059033870697 0.00858056545257568 0.00228214263916016
0.0750384229432996 0.586059033870697 0.0173319280147552 0.00228214263916016
0.0824679811320132 0.586059033870697 0.0173319280147552 0.00228214263916016
0.0907162527069789 0.586059033870697 0.0313588082790375 0.00585860013961792
0.0996980736423392 0.586059033870697 0.0313588082790375 0.00585860013961792
0.109569185139287 0.586059033870697 0.0313588082790375 0.00585860013961792
0.120417635902936 0.586059033870697 0.0313588082790375 0.00585860013961792
0.132340192345309 0.586059033870697 0.0313588082790375 0.00585860013961792
0.145443201725957 0.99837489426136 0.0669081807136536 0.0262677073478699
0.159843540752169 0.99837489426136 0.0669081807136536 0.0262677073478699
0.175669658100152 0.99837489426136 0.0669081807136536 0.0434953570365906
0.193062720156276 0.99837489426136 0.0834369957447052 0.0536933988332748
0.212177870198225 2.30101633071899 0.107560038566589 0.0536933988332748
0.233185612247737 2.30101633071899 0.107560038566589 0.0629441738128662
0.25627333193868 2.30101633071899 0.122860044240952 0.0695526003837585
0.281646967966354 2.74790793657303 0.14459639787674 0.0822315812110901
0.309532849027073 2.74790793657303 0.15588366985321 0.090360701084137
0.340179712633237 2.74790793657303 0.181694328784943 0.103318989276886
0.373860923811385 2.74790793657303 0.206848114728928 0.109750747680664
0.411253695994416 3.10663169622421 0.248808868229389 0.12145870923996
0.451971945990459 3.13343650102615 0.293825000524521 0.138305306434631
0.496721712052834 3.13343650102615 0.313258938491344 0.150670766830444
0.54590215479858 3.56563341617584 0.339526385068893 0.165002226829529
0.599951955758347 3.7056565284729 0.382537752389908 0.18283873796463
0.659353230344131 3.7056565284729 0.430300123989582 0.202080547809601
0.724635828240139 3.7056565284729 0.469193063676357 0.220215380191803
0.796382059575582 3.7056565284729 0.502553194761276 0.244789019227028
0.875231889036086 3.84656143188477 0.58624604344368 0.271493017673492
0.961888644244345 3.84656143188477 0.636787950992584 0.299094200134277
1.05712528932784 3.93300080299377 0.694594770669937 0.322267532348633
1.16179131963283 3.93300080299377 0.760190799832344 0.356035962700844
1.27682033908432 4.04104995727539 0.82217762619257 0.394899249076843
1.4032383877809 4.04104995727539 0.934369832277298 0.435560524463654
1.54217309410505 4.19232761859894 1.00848600268364 0.476314008235931
1.69486373298454 4.19232761859894 1.13103556632996 0.527655482292175
1.86438038854372 4.19232761859894 1.2561816573143 0.576497733592987
2.0489727885339 4.19232761859894 1.35869112610817 0.635221540927887
2.25184169172242 4.19232761859894 1.52376690506935 0.707657769322395
2.4747966556489 4.19232761859894 1.64833369106054 0.77689990401268
2.7198264022398 4.19232761859894 1.83718776702881 0.858166262507439
2.98911655688376 4.19232761859894 2.03341779112816 0.93756590783596
3.28506914385371 4.19232761859894 2.17982349544764 1.03154939413071
3.61032401197175 4.19232761859894 2.46374613046646 1.14083187282085
3.96778238163021 4.19232761859894 2.65524685382843 1.23790995776653
4.36063272320454 4.19232761859894 2.9265438686125 1.36409467458725
4.79237919768918 4.19232761859894 3.27065980434418 1.49013262987137
5.2668729132423 4.19232761859894 3.65074745519087 1.6434143781662
5.78834627644265 4.19232761859894 3.87051826715469 1.80748997628689
6.36145074466621 4.19232761859894 4.10968545079231 1.98853769898415
6.99129831632754 4.19232761859894 4.55060860514641 2.17847454547882
7.68350712907217 4.19232761859894 4.99898433685303 2.371994972229
8.45199512379247 4.19232761859894 5.53126430511475 2.61690974235535
9.28882760400582 4.19232761859894 5.81706357002258 2.95695775747299
10.2085149119472 4.19232761859894 6.128289103508 3.19683462381363
11.2192605084528 4.19232761859894 6.59690761566162 3.48015713691711
12.330080079446 4.19232761859894 6.67045545578003 3.79160702228546
13.5508819543863 4.19232761859894 6.68320465087891 4.16970300674438
14.8925554869521 4.19232761859894 6.690185546875 4.51490360498428
16.3670681863003 4.19232761859894 6.73317074775696 5.02588331699371
17.9875724652967 4.19232761859894 6.73317074775696 5.5777690410614
19.7685229578944 4.19232761859894 6.73317074775696 6.19374948740005
21.7258054521118 4.19232761859894 6.73317074775696 6.83612917363644
23.8768785886714 4.19232761859894 6.73317074775696 7.41014534235001
26.2409295892292 4.19232761859894 6.73317074775696 8.04578000307083
28.8390454032626 4.19232761859894 6.73317074775696 8.88631629943848
31.6944008002223 4.19232761859894 6.73317074775696 9.803531229496
34.8324650846968 4.19232761859894 6.73317074775696 10.7539447546005
38.3163339475004 4.19232761859894 6.73317074775696 11.768061041832
42.1100361799719 4.19232761859894 6.73317074775696 12.5269267559052
46.2793530693252 4.19232761859894 6.79477596282959 14.1704113483429
50.8614742424258 4.19232761859894 6.79477596282959 14.8972411155701
55.8972714730444 4.19232761859894 6.79477596282959 16.2027244567871
61.4316632514152 4.19232761859894 6.79477596282959 17.0474886894226
67.5140154498445 4.19232761859894 6.79477596282959 18.7043147087097
74.1985816582434 4.19232761859894 6.79477596282959 20.2406034469604
81.5449871173038 4.19232761859894 6.79477596282959 23.5885202884674
89.6187605659235 4.19232761859894 7.0468053817749 28.087057352066
98.4919187468734 4.19232761859894 7.0468053817749 31.5826560258865
108.243608784401 4.19232761859894 7.40897536277771 33.9819855690002
118.960814163673 4.19232761859894 7.40897536277771 35.8758273124695
130.739130609284 4.19232761859894 7.40897536277771 38.6356468200684
143.683618783529 4.19232761859894 7.40897536277771 41.513861656189
157.909741410383 4.19232761859894 7.40897536277771 43.6084213256836
173.703536936922 4.19232761859894 7.40897536277771 52.5522928237915
190.901933233621 4.19232761859894 7.40897536277771 52.7757244110107
209.803143649102 4.19232761859894 7.40897536277771 66.8770184516907
230.575763898515 4.19232761859894 7.66100478172302 71.0048928260803
253.405082367608 4.19232761859894 7.66100478172302 75.9109983444214
278.494732854913 4.19232761859894 7.66100478172302 78.005558013916
306.068510952025 4.19232761859894 7.66100478172302 78.005558013916
336.372370263797 4.19232761859894 7.66100478172302 93.1755180358887
369.676616274388 4.19232761859894 7.66100478172302 93.1755180358887
370.015617281199 4.19232761859894 7.66100478172302 93.1755180358887
