0.0194894644874591 0.586059033870697 0.00855773687362671 0.00370030105113983
0.0195076157341004 0.586059033870697 0.00855773687362671 0.00370030105113983
0.0214706726399789 0.586059033870697 0.00855773687362671 0.00370030105113983
0.0236312725192399 0.586059033870697 0.00855773687362671 0.00370030105113983
0.0260092941773403 0.586059033870697 0.00855773687362671 0.00370030105113983
0.02862661682957 0.586059033870697 0.00855773687362671 0.00370030105113983
0.0315073214028609 0.586059033870697 0.0173052847385406 0.00741452723741531
0.0346779120946542 0.586059033870697 0.0173052847385406 0.00741452723741531
0.0381675602272991 0.586059033870697 0.0173052847385406 0.00741452723741531
0.0420083726415892 0.586059033870697 0.0173052847385406 0.00741452723741531
0.0462787480746938 0.586059033870697 0.0312220752239227 0.00741452723741531
0.0509357916233132 0.586059033870697 0.0312220752239227 0.00741452723741531
0.056061474785492 0.586059033870697 0.0312220752239227 0.00741452723741531
0.0617029568985016 0.586059033870697 0.0312220752239227 0.00741452723741531
0.0679121429571029 0.651752918958664 0.0312220752239227 0.0107352286577225
0.0747461611704054 0.768446087837219 0.044618234038353 0.017490416765213
0.0822678885754094 0.967256665229797 0.044618234038353 0.0177090913057327
0.0905465295431877 1.00701880455017 0.0466634631156921 0.029163284227252
0.0996582525003081 1.9137766957283 0.0650602579116821 0.0340650975704193
0.109686890723714 2.30101633071899 0.0948083996772766 0.0340650975704193
0.120724713656792 2.30101633071899 0.0955407619476318 0.0390159487724304
0.132873275843195 2.74790793657303 0.100953310728073 0.0428384989500046
0.146244351289115 2.74790793657303 0.135506208986044 0.0472149327397346
0.160960961850701 2.74790793657303 0.161704197525978 0.0548973362892866
0.177158509108387 2.74790793657303 0.170904874801636 0.0641793608665466
0.194986020142061 2.80583125352859 0.205228924751282 0.0701216384768486
0.214807390451206 3.0089550614357 0.22203216701746 0.077813446521759
0.23642351909587 3.39448344707489 0.242541428655386 0.0863923411816359
0.260214884898814 3.51117664575577 0.278378076851368 0.0942045450210571
0.286400382592417 3.51117664575577 0.287478089332581 0.104802161455154
0.315220934348083 3.7056565284729 0.336614795029163 0.120054364204407
0.346941706403675 3.7056565284729 0.363856829702854 0.131063893437386
0.381854548750803 3.7056565284729 0.418072462081909 0.144908534362912
0.420280680328535 3.70566511154175 0.45125837251544 0.162462063133717
0.462573644428912 3.84656143188477 0.488790850155056 0.176748506724834
0.509122561505755 3.93300080299377 0.552352894097567 0.192438617348671
0.560355709314554 3.93300080299377 0.612162902951241 0.212971836328506
0.616744463322841 4.19232761859894 0.666664533317089 0.237837051972747
0.678807633645181 4.19232761859894 0.745752409100533 0.261737978085876
0.74711623840516 4.19232761859894 0.828576967120171 0.285178041085601
0.822298757442146 4.19232761859894 0.914518125355244 0.321702107787132
0.90504691470005 4.19232761859894 1.00076197832823 0.352010011672974
0.997049767162749 4.19232761859894 1.10736891627312 0.388635352253914
1.0973831681079 4.19232761859894 1.23415580391884 0.423721186816692
1.207813147656 4.19232761859894 1.34358565881848 0.478374294936657
1.32935572737641 4.19232761859894 1.48555266857147 0.519802898168564
1.46312917137724 4.19232761859894 1.63488870859146 0.571895832195878
1.61036427500108 4.19232761859894 1.78491435945034 0.627163529396057
1.77241568887504 4.19232761859894 1.93943637609482 0.692294836044312
1.95077438250316 4.19232761859894 2.15668207406998 0.763978376984596
2.14708136207369 4.19232761859894 2.3503086566925 0.837778531014919
2.36314276869316 4.19232761859894 2.58513152599335 0.925071984529495
2.60094649596008 4.19232761859894 2.77524948120117 1.01579254865646
2.86268047976978 4.19232761859894 3.05031132698059 1.13669223338366
3.15075282862747 4.19232761859894 3.30141484737396 1.22699272632599
3.46781397968047 4.19232761859894 3.55526006221771 1.35433432459831
3.81678108431816 4.19232761859894 3.83563125133514 1.48713719844818
4.2008648477019 4.19232761859894 4.26877355575562 1.6459436416626
4.62790519502682 4.19232761859894 4.53384470939636 1.78802531957626
5.09361260779729 4.19232761859894 4.81098413467407 1.94907349348068
5.6061842896419 4.19232761859894 5.17675042152405 2.13452488183975
6.17033620525356 4.19232761859894 5.52619194984436 2.37608790397644
6.79125888819023 4.19232761859894 6.12703537940979 2.55750703811646
7.47466519687438 4.19232761859894 6.63434886932373 2.75772827863693
8.22684287629239 4.19232761859894 6.64764666557312 3.0485617518425
9.05471240899251 4.19232761859894 6.72217845916748 3.33241772651672
9.96589068764523 4.19232761859894 6.72217845916748 3.63915580511093
10.9687610949915 4.19232761859894 6.72217845916748 3.94637620449066
12.072550635956 4.19232761859894 6.72217845916748 4.35035467147827
13.2874148315868 4.19232761859894 6.72217845916748 4.76908922195435
14.6245311558961 4.19232761859894 6.72217845916748 5.24407005310059
16.0962018752773 4.19232761859894 6.72217845916748 5.78940892219543
17.7159672366814 4.19232761859894 6.72217845916748 6.13272929191589
19.4987300459514 4.19232761859894 6.72217845916748 6.65341448783875
21.4808800919766 4.19232761859894 6.72217845916748 7.30979180335999
23.6425071500281 4.19232761859894 6.72217845916748 7.94663023948669
26.0216593522121 4.19232761859894 6.76514005661011 8.05737948417664
28.6402263154973 4.19232761859894 6.76514005661011 9.50369811058044
31.5223004152183 4.19232761859894 6.76514005661011 9.90876460075378
34.6943984492749 4.19232761859894 6.76514005661011 10.3585381507874
38.1857056084627 4.19232761859894 6.76514005661011 12.2099232673645
42.0283439976073 4.19232761859894 6.76514005661011 13.3451766967773
46.2576681780564 4.19232761859894 6.76514005661011 14.4950408935547
50.9125904506965 4.19232761859894 6.76514005661011 15.8499255180359
56.0359388722924 4.19232761859894 6.76514005661011 15.8499255180359
61.674851299112 4.19232761859894 7.06639909744263 16.4561200141907
67.8812090832727 4.19232761859894 7.06639909744263 18.1956820487976
74.7121144120754 4.19232761859894 7.06639909744263 21.2141001224518
82.2304156821292 4.19232761859894 7.06639909744263 24.9714093208313
90.5052857420251 4.19232761859894 7.06639909744263 28.6861500740051
99.7056313992196 4.19232761859894 7.52695894241333 28.6861500740051
109.739037374665 4.19232761859894 7.52695894241333 28.6861500740051
120.782107840023 4.19232761859894 7.52695894241333 28.6861500740051
132.936445619368 4.19232761859894 7.82821798324585 28.6861500740051
146.313877857786 4.19232761859894 7.82821798324585 28.6861500740051
161.037484897703 4.19232761859894 7.82821798324585 28.6861500740051
177.242732691319 4.19232761859894 7.82821798324585 28.6861500740051
195.078719168039 4.19232761859894 7.82821798324585 28.6861500740051
214.709546024206 4.19232761859894 7.93692302703857 28.6861500740051
214.909512828253 4.19232761859894 7.93692302703857 28.6861500740051
