0.0194894644874591 0.586059033870697 0.0102670192718506 0.00662291049957275
0.0195076157341004 0.586059033870697 0.0102670192718506 0.00662291049957275
0.0214706726399789 0.586059033870697 0.0102670192718506 0.00662291049957275
0.0236312725192399 0.586059033870697 0.0102670192718506 0.00662291049957275
0.0260092941773403 0.586059033870697 0.0102670192718506 0.00662291049957275
0.02862661682957 0.586059033870697 0.0102670192718506 0.00662291049957275
0.0315073214028609 0.586059033870697 0.019367516040802 0.00662291049957275
0.0346779120946542 0.586059033870697 0.019367516040802 0.00662291049957275
0.0381675602272991 0.586059033870697 0.019367516040802 0.00662291049957275
0.0420083726415892 0.586059033870697 0.019367516040802 0.00662291049957275
0.0462787480746938 0.586059033870697 0.019367516040802 0.00662291049957275
0.0509357916233132 0.586059033870697 0.019367516040802 0.00662291049957275
0.056061474785492 0.586059033870697 0.019367516040802 0.00662291049957275
0.0617029568985016 0.586059033870697 0.019367516040802 0.00662291049957275
0.0679121429571029 0.586059033870697 0.0329711437225342 0.0110559463500977
0.0747461611704054 0.768446087837219 0.0412988811731339 0.0349071174860001
0.0822678885754094 0.967256665229797 0.0453783273696899 0.0349071174860001
0.0905465295431877 1.00701880455017 0.0487043857574463 0.0464450716972351
0.0996582525003081 1.9137766957283 0.0549329519271851 0.0464450716972351
0.109686890723714 1.9137766957283 0.0993878841400146 0.0585099458694458
0.120724713656792 1.9137766957283 0.0993878841400146 0.0585099458694458
0.132873275843195 2.74790793657303 0.103954136371613 0.0665367245674133
0.146244351289115 2.74790793657303 0.122177600860596 0.0846561193466187
0.160960961850701 2.74790793657303 0.131740510463715 0.0932043790817261
0.177158509108387 2.74790793657303 0.167417049407959 0.110385775566101
0.194986020142061 2.80583125352859 0.206391096115112 0.114014565944672
0.214807390451206 2.80583125352859 0.22422749362886 0.128555595874786
0.23642351909587 3.39448344707489 0.25673252902925 0.136984199285507
0.260214884898814 3.51117664575577 0.283109836280346 0.16407336294651
0.286400382592417 3.51117664575577 0.301893839612603 0.17583042383194
0.315220934348083 3.56563341617584 0.341621898114681 0.20502895116806
0.346941706403675 3.56563341617584 0.377608049660921 0.219273537397385
0.381854548750803 3.56563341617584 0.427927553653717 0.251442395150661
0.420280680328535 3.62527656555176 0.456712856888771 0.278287053108215
0.462573644428912 3.84656143188477 0.504831960424781 0.301593661308289
0.509122561505755 3.84656143188477 0.558380722999573 0.329524010419846
0.560355709314554 3.93300080299377 0.622536778450012 0.366079241037369
0.616744463322841 3.98659324645996 0.679416604340076 0.41310641169548
0.678807633645181 3.98659324645996 0.76785172149539 0.449929594993591
0.74711623840516 4.04104995727539 0.849085479974747 0.497126191854477
0.822298757442146 4.06265139579773 0.941833088174462 0.5483787804842
0.90504691470005 4.17070913314819 1.02963948249817 0.606334835290909
0.997049767162749 4.17070913314819 1.13869133591652 0.668413087725639
1.0973831681079 4.17070913314819 1.25609059631824 0.716255739331245
1.207813147656 4.17070913314819 1.38882065564394 0.803167220205069
1.32935572737641 4.17070913314819 1.50887626409531 0.884426470845938
1.46312917137724 4.17070913314819 1.68599343299866 0.947913762181997
1.61036427500108 4.19232761859894 1.82038688659668 1.06750732287765
1.77241568887504 4.19232761859894 1.99736887216568 1.14578324183822
1.95077438250316 4.19232761859894 2.19484174251556 1.25847089290619
2.14708136207369 4.19232761859894 2.39865899085999 1.35156732797623
2.36314276869316 4.19232761859894 2.63520848751068 1.48721382021904
2.60094649596008 4.19232761859894 2.85403335094452 1.61209356784821
2.86268047976978 4.19232761859894 3.10325479507446 1.67445677518845
3.15075282862747 4.19232761859894 3.29284858703613 1.80376479029655
3.46781397968047 4.19232761859894 3.61195707321167 1.93869233131409
3.81678108431816 4.19232761859894 3.88962662220001 2.16284573078156
4.2008648477019 4.19232761859894 4.29436731338501 2.37105369567871
4.62790519502682 4.19232761859894 4.41886413097382 2.61221706867218
5.09361260779729 4.19232761859894 4.85321688652039 2.69878625869751
5.6061842896419 4.19232761859894 5.21233654022217 3.01852011680603
6.17033620525356 4.19232761859894 5.59308397769928 3.1376793384552
6.79125888819023 4.19232761859894 6.07183909416199 3.35590648651123
7.47466519687438 4.19232761859894 6.71618437767029 3.39939212799072
8.22684287629239 4.19232761859894 6.77188062667847 3.68652558326721
9.05471240899251 4.19232761859894 6.87652397155762 3.83374631404877
9.96589068764523 4.19232761859894 6.87652397155762 4.15661597251892
10.9687610949915 4.19232761859894 6.87652397155762 4.46488177776337
12.072550635956 4.19232761859894 6.87652397155762 4.75060129165649
13.2874148315868 4.19232761859894 6.87652397155762 4.90696489810944
14.6245311558961 4.19232761859894 6.87652397155762 5.77240371704102
16.0962018752773 4.19232761859894 6.87652397155762 5.77240371704102
17.7159672366814 4.19232761859894 7.67324042320251 7.3005964756012
19.4987300459514 4.19232761859894 7.67324042320251 7.3005964756012
21.4808800919766 4.19232761859894 7.67324042320251 7.3005964756012
23.6425071500281 4.19232761859894 7.67324042320251 7.3005964756012
26.0216593522121 4.19232761859894 7.67324042320251 8.75142168998718
28.6402263154973 4.19232761859894 7.67324042320251 8.75142168998718
31.5223004152183 4.19232761859894 7.67324042320251 9.67871260643005
34.6943984492749 4.19232761859894 7.67324042320251 9.67871260643005
38.1857056084627 4.19232761859894 7.67324042320251 9.67871260643005
42.0283439976073 4.19232761859894 7.67324042320251 9.67871260643005
46.2576681780564 4.19232761859894 7.67324042320251 9.67871260643005
50.9125904506965 4.19232761859894 7.67324042320251 9.67871260643005
56.0359388722924 4.19232761859894 7.67324042320251 9.67871260643005
61.674851299112 4.19232761859894 7.67324042320251 9.67871260643005
67.8812090832727 4.19232761859894 7.67324042320251 9.67871260643005
74.7121144120754 4.19232761859894 7.67324042320251 10.2780308127403
82.2304156821292 4.19232761859894 7.67324042320251 15.7820720672607
90.5052857420251 4.19232761859894 7.83314085006714 15.7820720672607
99.7056313992196 4.19232761859894 7.83314085006714 17.4180717468262
109.739037374665 4.19232761859894 7.83314085006714 17.4180717468262
120.782107840023 4.19232761859894 7.83314085006714 18.1775484085083
132.936445619368 4.19232761859894 8.47089123725891 19.8135480880737
146.313877857786 4.19232761859894 8.47089123725891 19.8135480880737
161.037484897703 4.19232761859894 8.47089123725891 19.8135480880737
177.242732691319 4.19232761859894 8.47089123725891 19.8135480880737
195.078719168039 4.19232761859894 8.47089123725891 19.8135480880737
214.709546024206 4.19232761859894 8.47089123725891 19.8135480880737
214.909512828253 4.19232761859894 8.47089123725891 19.8135480880737
