0.0387145280838013 0.586059033870697 0.00885355472564697 0.00765490531921387
0.0387500300966981 0.586059033870697 0.00885355472564697 0.00765490531921387
0.0425866726076336 0.586059033870697 0.00885355472564697 0.00765490531921387
0.0468031812946723 0.586059033870697 0.00885355472564697 0.00765490531921387
0.0514371667278207 0.586059033870697 0.00885355472564697 0.00765490531921387
0.0565299633015929 0.586059033870697 0.00885355472564697 0.00765490531921387
0.0621269979310704 0.586059033870697 0.00885355472564697 0.00765490531921387
0.068278195252578 0.586059033870697 0.00885355472564697 0.00765490531921387
0.0750384229432996 0.586059033870697 0.0176051557064056 0.00765490531921387
0.0824679811320132 0.586059033870697 0.0176051557064056 0.00765490531921387
0.0907162527069789 0.586059033870697 0.0176051557064056 0.00765490531921387
0.0996980736423392 0.586059033870697 0.0176051557064056 0.00765490531921387
0.109569185139287 0.586059033870697 0.0176051557064056 0.00765490531921387
0.120417635902936 0.586059033870697 0.0176051557064056 0.00765490531921387
0.132340192345309 0.586059033870697 0.0176051557064056 0.00765490531921387
0.145443201725957 0.586059033870697 0.0176051557064056 0.00765490531921387
0.159843540752169 0.967256665229797 0.048955425620079 0.0315493941307068
0.175669658100152 0.967256665229797 0.0500262677669525 0.0332598686218262
0.193062720156276 0.967256665229797 0.0835829228162766 0.040704756975174
0.212177870198225 1.85931992530823 0.0874353051185608 0.040704756975174
0.233185612247737 1.9137766957283 0.0874353051185608 0.0536637306213379
0.25627333193868 1.9137766957283 0.103706538677216 0.0536637306213379
0.281646967966354 2.74790793657303 0.145153716206551 0.0661464184522629
0.309532849027073 2.74790793657303 0.156186580657959 0.0817135125398636
0.340179712633237 2.74790793657303 0.185303568840027 0.0817135125398636
0.373860923811385 2.74790793657303 0.206998646259308 0.0979137569665909
0.411253695994416 3.10663169622421 0.249168530106544 0.103945791721344
0.451971945990459 3.10663169622421 0.293985724449158 0.128264248371124
0.496721712052834 3.12219077348709 0.293985724449158 0.137892484664917
0.54590215479858 3.56563341617584 0.340056478977203 0.146691381931305
0.599951955758347 3.56563341617584 0.386535167694092 0.159336686134338
0.659353230344131 3.56563341617584 0.429938390851021 0.179215550422668
0.724635828240139 3.56563341617584 0.434700563549995 0.204355359077454
0.796382059575582 3.56563341617584 0.502820730209351 0.224284768104553
0.875231889036086 3.84656143188477 0.535466194152832 0.250312775373459
0.961888644244345 3.84656143188477 0.642572700977325 0.267894864082336
1.05712528932784 3.84656143188477 0.676713213324547 0.300007462501526
1.16179131963283 3.84656143188477 0.752981960773468 0.329466104507446
1.27682033908432 3.98659324645996 0.814675748348236 0.363281667232513
1.4032383877809 4.04104137420654 0.939574599266052 0.408123254776001
1.54217309410505 4.04104995727539 1.01196879148483 0.454391360282898
1.69486373298454 4.17070913314819 1.13073474168777 0.488286972045898
1.86438038854372 4.17070913314819 1.26117932796478 0.551840662956238
2.0489727885339 4.17070913314819 1.33727490901947 0.597648233175278
2.25184169172242 4.17070913314819 1.48798656463623 0.66138844192028
2.4747966556489 4.17070913314819 1.64942802488804 0.740904062986374
2.7198264022398 4.17070913314819 1.80608026683331 0.806466460227966
2.98911655688376 4.19232761859894 2.04004633426666 0.894270032644272
3.28506914385371 4.19232761859894 2.18671579658985 0.955666601657867
3.61032401197175 4.19232761859894 2.46691507101059 1.06834292411804
3.96778238163021 4.19232761859894 2.67545127868652 1.1667497754097
4.36063272320454 4.19232761859894 2.93073029816151 1.30192333459854
4.79237919768918 4.19232761859894 3.22415679693222 1.40873712301254
5.2668729132423 4.19232761859894 3.65419240295887 1.50814181566238
5.78834627644265 4.19232761859894 3.89884996414185 1.63012409210205
6.36145074466621 4.19232761859894 4.11335188150406 1.80128026008606
6.99129831632754 4.19232761859894 4.57093207538128 1.95445501804352
7.68350712907217 4.19232761859894 5.02361088991165 2.13947361707687
8.45199512379247 4.19232761859894 5.40373492240906 2.33389019966125
9.28882760400582 4.19232761859894 5.62924361228943 2.5217233300209
10.2085149119472 4.19232761859894 6.20787990093231 2.84901562333107
11.2192605084528 4.19232761859894 6.70065689086914 3.11762475967407
12.330080079446 4.19232761859894 6.76118564605713 3.27103632688522
13.5508819543863 4.19232761859894 6.77297592163086 3.59994983673096
14.8925554869521 4.19232761859894 6.77297592163086 3.82450199127197
16.3670681863003 4.19232761859894 6.78004598617554 4.35969614982605
17.9875724652967 4.19232761859894 6.79183626174927 4.55656611919403
19.7685229578944 4.19232761859894 6.79183626174927 5.00143325328827
21.7258054521118 4.19232761859894 6.79183626174927 5.50627410411835
23.8768785886714 4.19232761859894 6.79183626174927 5.89805233478546
26.2409295892292 4.19232761859894 6.79183626174927 6.27769470214844
28.8390454032626 4.19232761859894 6.79183626174927 6.68714511394501
31.6944008002223 4.19232761859894 6.79183626174927 6.68714511394501
34.8324650846968 4.19232761859894 6.79183626174927 6.68714511394501
38.3163339475004 4.19232761859894 6.79183626174927 8.56331753730774
42.1100361799719 4.19232761859894 6.79183626174927 10.940997004509
46.2793530693252 4.19232761859894 6.79183626174927 12.1632673740387
50.8614742424258 4.19232761859894 6.79183626174927 12.4820537567139
55.8972714730444 4.19232761859894 6.79183626174927 12.6518782377243
61.4316632514152 4.19232761859894 6.79183626174927 12.6518782377243
67.5140154498445 4.19232761859894 6.79183626174927 16.7608528137207
74.1985816582434 4.19232761859894 6.79183626174927 18.4467868804932
81.5449871173038 4.19232761859894 6.79183626174927 22.1409091949463
89.6187605659235 4.19232761859894 6.79183626174927 24.7615940570831
98.4919187468734 4.19232761859894 6.79183626174927 28.5178938508034
108.243608784401 4.19232761859894 7.4643931388855 29.412731051445
118.960814163673 4.19232761859894 7.4643931388855 29.412731051445
130.739130609284 4.19232761859894 7.50720930099487 29.412731051445
143.683618783529 4.19232761859894 7.50720930099487 29.412731051445
157.909741410383 4.19232761859894 7.50720930099487 29.412731051445
173.703536936922 4.19232761859894 7.50720930099487 29.412731051445
190.901933233621 4.19232761859894 7.50720930099487 29.412731051445
209.803143649102 4.19232761859894 7.50720930099487 29.412731051445
230.575763898515 4.19232761859894 8.1797661781311 29.412731051445
253.405082367608 4.19232761859894 8.1797661781311 29.412731051445
278.494732854913 4.19232761859894 8.1797661781311 29.412731051445
306.068510952025 4.19232761859894 8.1797661781311 29.412731051445
336.372370263797 4.19232761859894 8.1797661781311 29.412731051445
369.676616274388 4.19232761859894 8.1797661781311 29.412731051445
370.015617281199 4.19232761859894 8.1797661781311 29.412731051445
