0.0387145280838013 0.586059033870697 0.00682544708251953 0.0022747814655304
0.0387500300966981 0.586059033870697 0.00682544708251953 0.0022747814655304
0.0425866726076336 0.586059033870697 0.00682544708251953 0.0022747814655304
0.0468031812946723 0.586059033870697 0.00682544708251953 0.0022747814655304
0.0514371667278207 0.586059033870697 0.00682544708251953 0.0022747814655304
0.0565299633015929 0.586059033870697 0.00682544708251953 0.0022747814655304
0.0621269979310704 0.586059033870697 0.00682544708251953 0.0022747814655304
0.068278195252578 0.586059033870697 0.00682544708251953 0.0022747814655304
0.0750384229432996 0.586059033870697 0.0152374505996704 0.0022747814655304
0.0824679811320132 0.586059033870697 0.0152374505996704 0.0022747814655304
0.0907162527069789 0.586059033870697 0.0152374505996704 0.0022747814655304
0.0996980736423392 0.586059033870697 0.0152374505996704 0.0022747814655304
0.109569185139287 0.586059033870697 0.0152374505996704 0.0022747814655304
0.120417635902936 0.586059033870697 0.0152374505996704 0.0022747814655304
0.132340192345309 0.586059033870697 0.0152374505996704 0.0022747814655304
0.145443201725957 0.586059033870697 0.0152374505996704 0.0022747814655304
0.159843540752169 0.967256665229797 0.048625111579895 0.0175172388553619
0.175669658100152 0.967256665229797 0.048625111579895 0.0306103080511093
0.193062720156276 0.967256665229797 0.077793300151825 0.0308331847190857
0.212177870198225 1.85931992530823 0.0853660702705383 0.043182909488678
0.233185612247737 1.9137766957283 0.0853660702705383 0.0450140833854675
0.25627333193868 1.9137766957283 0.0960303246974945 0.05293208360672
0.281646967966354 2.74790793657303 0.137948036193848 0.0654486045241356
0.309532849027073 2.74790793657303 0.147829532623291 0.0695530474185944
0.340179712633237 2.74790793657303 0.176955342292786 0.0822454392910004
0.373860923811385 2.74790793657303 0.200542062520981 0.0949297249317169
0.411253695994416 3.10663169622421 0.235411114990711 0.106061220169067
0.451971945990459 3.10663169622421 0.280196994543076 0.117319971323013
0.496721712052834 3.12219077348709 0.280196994543076 0.132457137107849
0.54590215479858 3.56563341617584 0.325161963701248 0.151053965091705
0.599951955758347 3.56563341617584 0.368520051240921 0.165321975946426
0.659353230344131 3.56563341617584 0.413831777870655 0.189300537109375
0.724635828240139 3.56563341617584 0.413831777870655 0.201728940010071
0.796382059575582 3.56563341617584 0.479497283697128 0.222266286611557
0.875231889036086 3.84656143188477 0.507406562566757 0.252047181129456
0.961888644244345 3.84656143188477 0.613487333059311 0.264499142765999
1.05712528932784 3.84656143188477 0.645429700613022 0.297937899827957
1.16179131963283 3.84656143188477 0.722958385944366 0.328800141811371
1.27682033908432 3.98659324645996 0.782856047153473 0.359107404947281
1.4032383877809 4.04104137420654 0.898914843797684 0.390573650598526
1.54217309410505 4.04104995727539 0.97169229388237 0.442443668842316
1.69486373298454 4.17070913314819 1.08746176958084 0.480135381221771
1.86438038854372 4.17070913314819 1.21012908220291 0.517340950667858
2.0489727885339 4.17070913314819 1.27638414502144 0.587065666913986
2.25184169172242 4.17070913314819 1.41909509897232 0.656258314847946
2.4747966556489 4.17070913314819 1.58065967261791 0.698876917362213
2.7198264022398 4.17070913314819 1.73674117773771 0.774887263774872
2.98911655688376 4.19232761859894 1.95078575611115 0.915038704872131
3.28506914385371 4.19232761859894 2.1033468618989 0.98159459233284
3.61032401197175 4.19232761859894 2.37406599521637 1.0341854095459
3.96778238163021 4.19232761859894 2.55810105800629 1.10014450550079
4.36063272320454 4.19232761859894 2.8044622913003 1.20601716637611
4.79237919768918 4.19232761859894 3.07804796099663 1.34301856160164
5.2668729132423 4.19232761859894 3.5045982375741 1.43496486544609
5.78834627644265 4.19232761859894 3.74113839864731 1.64077067375183
6.36145074466621 4.19232761859894 3.96913877129555 1.860829859972
6.99129831632754 4.19232761859894 4.38875758647919 2.0438260436058
7.68350712907217 4.19232761859894 4.84795773029327 2.15581107139587
8.45199512379247 4.19232761859894 5.21514540910721 2.32685378938913
9.28882760400582 4.19232761859894 5.42622339725494 2.8790757060051
10.2085149119472 4.19232761859894 5.9921600818634 3.05665671825409
11.2192605084528 4.19232761859894 6.470294713974 3.28042328357697
12.330080079446 4.19232761859894 6.5483877658844 3.56591200828552
13.5508819543863 4.19232761859894 6.57415366172791 3.9919900894165
14.8925554869521 4.19232761859894 6.59737229347229 4.1754098534584
16.3670681863003 4.19232761859894 6.59737229347229 4.70892941951752
17.9875724652967 4.19232761859894 6.59737229347229 5.1137655377388
19.7685229578944 4.19232761859894 6.59737229347229 5.25580644607544
21.7258054521118 4.19232761859894 6.59737229347229 5.3471257686615
23.8768785886714 4.19232761859894 6.59737229347229 5.68761920928955
26.2409295892292 4.19232761859894 6.59737229347229 5.80293953418732
28.8390454032626 4.19232761859894 6.59737229347229 6.19652891159058
31.6944008002223 4.19232761859894 6.59737229347229 6.30059361457825
34.8324650846968 4.19232761859894 6.59737229347229 6.69889068603516
38.3163339475004 4.19232761859894 6.59737229347229 9.55381393432617
42.1100361799719 4.19232761859894 6.59737229347229 12.3754841387272
46.2793530693252 4.19232761859894 6.59737229347229 13.0893409252167
50.8614742424258 4.19232761859894 6.59737229347229 14.1773462295532
55.8972714730444 4.19232761859894 6.59737229347229 14.1773462295532
61.4316632514152 4.19232761859894 6.59737229347229 14.3148972988129
67.5140154498445 4.19232761859894 6.59737229347229 18.4026880264282
74.1985816582434 4.19232761859894 6.59737229347229 21.6528449058533
81.5449871173038 4.19232761859894 6.59737229347229 23.7836728096008
89.6187605659235 4.19232761859894 6.59737229347229 27.3397108316422
98.4919187468734 4.19232761859894 6.59737229347229 31.4856295585632
108.243608784401 4.19232761859894 7.38531184196472 32.5770773887634
118.960814163673 4.19232761859894 7.38531184196472 33.3320832252502
130.739130609284 4.19232761859894 7.38531184196472 34.2741227149963
143.683618783529 4.19232761859894 7.38531184196472 34.2741227149963
157.909741410383 4.19232761859894 7.38531184196472 35.1341423988342
173.703536936922 4.19232761859894 7.38531184196472 35.1341423988342
190.901933233621 4.19232761859894 7.38531184196472 35.1341423988342
209.803143649102 4.19232761859894 7.38531184196472 35.307918548584
230.575763898515 4.19232761859894 7.38531184196472 39.533260345459
253.405082367608 4.19232761859894 7.38531184196472 39.533260345459
278.494732854913 4.19232761859894 7.38531184196472 39.533260345459
306.068510952025 4.19232761859894 7.38531184196472 39.533260345459
336.372370263797 4.19232761859894 7.38531184196472 39.533260345459
369.676616274388 4.19232761859894 7.38531184196472 39.533260345459
370.015617281199 4.19232761859894 7.38531184196472 39.533260345459
