0.0387145280838013 0.586059033870697 0.00885790586471558 0.00416991114616394
0.0387500300966981 0.586059033870697 0.00885790586471558 0.00416991114616394
0.0425866726076336 0.586059033870697 0.00885790586471558 0.00416991114616394
0.0468031812946723 0.586059033870697 0.00885790586471558 0.00416991114616394
0.0514371667278207 0.586059033870697 0.00885790586471558 0.00416991114616394
0.0565299633015929 0.586059033870697 0.00885790586471558 0.00416991114616394
0.0621269979310704 0.586059033870697 0.00885790586471558 0.00416991114616394
0.068278195252578 0.586059033870697 0.00885790586471558 0.00416991114616394
0.0750384229432996 0.586059033870697 0.0176859200000763 0.00416991114616394
0.0824679811320132 0.586059033870697 0.0176859200000763 0.00416991114616394
0.0907162527069789 0.586059033870697 0.0176859200000763 0.00416991114616394
0.0996980736423392 0.586059033870697 0.0176859200000763 0.00416991114616394
0.109569185139287 0.586059033870697 0.0176859200000763 0.00416991114616394
0.120417635902936 0.586059033870697 0.0176859200000763 0.00416991114616394
0.132340192345309 0.586059033870697 0.0176859200000763 0.00416991114616394
0.145443201725957 0.586059033870697 0.0176859200000763 0.00416991114616394
0.159843540752169 0.967256665229797 0.0436882376670837 0.0340307038277388
0.175669658100152 0.967256665229797 0.0519027411937714 0.0362527370452881
0.193062720156276 0.967256665229797 0.0848003029823303 0.0373830199241638
0.212177870198225 1.85931992530823 0.0881906151771545 0.0484739542007446
0.233185612247737 1.9137766957283 0.0881906151771545 0.0612700581550598
0.25627333193868 1.9137766957283 0.101123571395874 0.0641870498657227
0.281646967966354 2.74790793657303 0.145754635334015 0.0757512003183365
0.309532849027073 2.74790793657303 0.157927870750427 0.0825543403625488
0.340179712633237 2.74790793657303 0.177601784467697 0.0872618854045868
0.373860923811385 2.74790793657303 0.208554804325104 0.0958124995231628
0.411253695994416 3.10663169622421 0.252186946570873 0.109404742717743
0.451971945990459 3.10663169622421 0.297288537025452 0.139865815639496
0.496721712052834 3.12219077348709 0.297288537025452 0.149483531713486
0.54590215479858 3.56563341617584 0.342927008867264 0.155728280544281
0.599951955758347 3.56563341617584 0.383488118648529 0.175631582736969
0.659353230344131 3.56563341617584 0.43498557060957 0.195535153150558
0.724635828240139 3.56563341617584 0.439490549266338 0.220179498195648
0.796382059575582 3.56563341617584 0.508725047111511 0.243340611457825
0.875231889036086 3.84656143188477 0.538070797920227 0.260662615299225
0.961888644244345 3.84656143188477 0.639093428850174 0.294084787368774
1.05712528932784 3.84656143188477 0.663410007953644 0.319231510162354
1.16179131963283 3.84656143188477 0.760885775089264 0.357657611370087
1.27682033908432 3.98659324645996 0.815713047981262 0.393376559019089
1.4032383877809 4.04104137420654 0.94018679857254 0.44386413693428
1.54217309410505 4.04104995727539 1.01569068431854 0.48664154112339
1.69486373298454 4.17070913314819 1.14295625686646 0.528388142585754
1.86438038854372 4.17070913314819 1.26493889093399 0.589226931333542
2.0489727885339 4.17070913314819 1.34569382667542 0.663342133164406
2.25184169172242 4.17070913314819 1.48536723852158 0.715082168579102
2.4747966556489 4.17070913314819 1.66518350690603 0.79653936624527
2.7198264022398 4.17070913314819 1.82298812270164 0.862708061933517
2.98911655688376 4.19232761859894 2.05630874633789 0.953768938779831
3.28506914385371 4.19232761859894 2.19510274380445 1.0574087202549
3.61032401197175 4.19232761859894 2.48539453744888 1.17181193828583
3.96778238163021 4.19232761859894 2.66622304916382 1.27922615408897
4.36063272320454 4.19232761859894 2.95669978111982 1.39385640621185
4.79237919768918 4.19232761859894 3.23573529720306 1.54229143261909
5.2668729132423 4.19232761859894 3.687027387321 1.69353842735291
5.78834627644265 4.19232761859894 3.88420349359512 1.8597783446312
6.36145074466621 4.19232761859894 4.14297938346863 2.06625545024872
6.99129831632754 4.19232761859894 4.5795581638813 2.26570291817188
7.68350712907217 4.19232761859894 5.01900035142899 2.43490228056908
8.45199512379247 4.19232761859894 5.39115279912949 2.62019068002701
9.28882760400582 4.19232761859894 5.59408211708069 2.86562776565552
10.2085149119472 4.19232761859894 6.10481715202332 3.14833760261536
11.2192605084528 4.19232761859894 6.54901957511902 3.38713955879211
12.330080079446 4.19232761859894 6.63285899162292 3.64675164222717
13.5508819543863 4.19232761859894 6.64597725868225 4.19560384750366
14.8925554869521 4.19232761859894 6.65106654167175 4.38794222474098
16.3670681863003 4.19232761859894 6.73864436149597 4.95238947868347
17.9875724652967 4.19232761859894 6.74373364448547 5.3600822687149
19.7685229578944 4.19232761859894 6.74373364448547 5.82747507095337
21.7258054521118 4.19232761859894 6.74373364448547 6.43380981683731
23.8768785886714 4.19232761859894 6.74373364448547 7.00650450587273
26.2409295892292 4.19232761859894 6.74373364448547 7.7312930226326
28.8390454032626 4.19232761859894 6.74373364448547 8.45217740535736
31.6944008002223 4.19232761859894 6.74373364448547 9.44378930330276
34.8324650846968 4.19232761859894 6.74373364448547 10.2277852296829
38.3163339475004 4.19232761859894 6.74373364448547 11.2780797481537
42.1100361799719 4.19232761859894 6.74373364448547 12.1822514533997
46.2793530693252 4.19232761859894 6.74373364448547 13.3579671382904
50.8614742424258 4.19232761859894 6.74373364448547 14.6570258140564
55.8972714730444 4.19232761859894 6.74373364448547 16.277613401413
61.4316632514152 4.19232761859894 6.74373364448547 17.7749838829041
67.5140154498445 4.19232761859894 6.74373364448547 17.7749838829041
74.1985816582434 4.19232761859894 6.74373364448547 19.2539749145508
81.5449871173038 4.19232761859894 6.74373364448547 23.0107326507568
89.6187605659235 4.19232761859894 6.74373364448547 24.5300612449646
98.4919187468734 4.19232761859894 6.74373364448547 27.7338013648987
108.243608784401 4.19232761859894 7.56664824485779 31.1699061393738
118.960814163673 4.19232761859894 7.56664824485779 34.3018645644188
130.739130609284 4.19232761859894 7.56664824485779 37.0289587974548
143.683618783529 4.19232761859894 7.56664824485779 37.0289587974548
157.909741410383 4.19232761859894 7.56664824485779 37.0289587974548
173.703536936922 4.19232761859894 7.56664824485779 37.0289587974548
190.901933233621 4.19232761859894 7.56664824485779 37.0289587974548
209.803143649102 4.19232761859894 7.56664824485779 37.0289587974548
230.575763898515 4.19232761859894 8.05904603004456 37.0289587974548
253.405082367608 4.19232761859894 8.05904603004456 37.0289587974548
278.494732854913 4.19232761859894 8.05904603004456 37.0289587974548
306.068510952025 4.19232761859894 8.05904603004456 37.0289587974548
336.372370263797 4.19232761859894 8.05904603004456 37.0289587974548
369.676616274388 4.19232761859894 8.05904603004456 37.0289587974548
370.015617281199 4.19232761859894 8.05904603004456 37.0289587974548
