0.0387145280838013 0.586059033870697 0.0091937780380249 0.00356400012969971
0.0387500300966981 0.586059033870697 0.0091937780380249 0.00356400012969971
0.0425866726076336 0.586059033870697 0.0091937780380249 0.00356400012969971
0.0468031812946723 0.586059033870697 0.0091937780380249 0.00356400012969971
0.0514371667278207 0.586059033870697 0.0091937780380249 0.00356400012969971
0.0565299633015929 0.586059033870697 0.0091937780380249 0.00356400012969971
0.0621269979310704 0.586059033870697 0.0091937780380249 0.00356400012969971
0.068278195252578 0.586059033870697 0.0091937780380249 0.00356400012969971
0.0750384229432996 0.586059033870697 0.0180314183235168 0.00441652536392212
0.0824679811320132 0.586059033870697 0.0180314183235168 0.00441652536392212
0.0907162527069789 0.586059033870697 0.0320956707000732 0.00441652536392212
0.0996980736423392 0.586059033870697 0.0320956707000732 0.00441652536392212
0.109569185139287 0.586059033870697 0.0320956707000732 0.00441652536392212
0.120417635902936 0.586059033870697 0.0320956707000732 0.00441652536392212
0.132340192345309 0.586059033870697 0.0320956707000732 0.00441652536392212
0.145443201725957 0.99837489426136 0.0653660893440247 0.0258272290229797
0.159843540752169 0.99837489426136 0.0653660893440247 0.0332984328269958
0.175669658100152 0.99837489426136 0.0653660893440247 0.0346060991287231
0.193062720156276 0.99837489426136 0.0857851058244705 0.04632967710495
0.212177870198225 2.30101633071899 0.109962999820709 0.0557050108909607
0.233185612247737 2.30101633071899 0.109962999820709 0.065570056438446
0.25627333193868 2.30101633071899 0.124851912260056 0.0717308968305588
0.281646967966354 2.74790793657303 0.146890923380852 0.0846688747406006
0.309532849027073 2.74790793657303 0.159306526184082 0.0986322462558746
0.340179712633237 2.74790793657303 0.185700058937073 0.0995646417140961
0.373860923811385 2.74790793657303 0.209430396556854 0.114826440811157
0.411253695994416 3.10663169622421 0.254432074725628 0.13012957572937
0.451971945990459 3.13343650102615 0.299566090106964 0.145446591079235
0.496721712052834 3.13343650102615 0.314205937087536 0.15882408618927
0.54590215479858 3.56563341617584 0.345189213752747 0.177655138075352
0.599951955758347 3.7056565284729 0.38635915517807 0.193209767341614
0.659353230344131 3.7056565284729 0.437411420047283 0.21089106798172
0.724635828240139 3.7056565284729 0.477992035448551 0.236372828483582
0.796382059575582 3.7056565284729 0.512498170137405 0.253312975168228
0.875231889036086 3.84656143188477 0.593137353658676 0.291149228811264
0.961888644244345 3.84656143188477 0.643778800964355 0.317744188010693
1.05712528932784 3.93300080299377 0.702899560332298 0.34381840378046
1.16179131963283 3.93300080299377 0.774234518408775 0.382855474948883
1.27682033908432 4.04104995727539 0.836222894489765 0.420682847499847
1.4032383877809 4.04104995727539 0.946617722511292 0.463489413261414
1.54217309410505 4.19232761859894 1.02221065759659 0.505238562822342
1.69486373298454 4.19232761859894 1.14988511800766 0.558091312646866
1.86438038854372 4.19232761859894 1.27287709712982 0.609755456447601
2.0489727885339 4.19232761859894 1.37940126657486 0.672114491462708
2.25184169172242 4.19232761859894 1.547722697258 0.742510557174683
2.4747966556489 4.19232761859894 1.67632349580526 0.820519030094147
2.7198264022398 4.19232761859894 1.86484968662262 0.902305394411087
2.98911655688376 4.19232761859894 2.06912140548229 0.996577218174934
3.28506914385371 4.19232761859894 2.20819097012281 1.0856129154563
3.61032401197175 4.19232761859894 2.49981671571732 1.19536167383194
3.96778238163021 4.19232761859894 2.68461191654205 1.31714832782745
4.36063272320454 4.19232761859894 2.9767275378108 1.45075202733278
4.79237919768918 4.19232761859894 3.32010138034821 1.56960325688124
5.2668729132423 4.19232761859894 3.71012740582228 1.73211246728897
5.78834627644265 4.19232761859894 3.90916627645493 1.89725703001022
6.36145074466621 4.19232761859894 4.16482746601105 2.0724064707756
6.99129831632754 4.19232761859894 4.60938821732998 2.29774928092957
7.68350712907217 4.19232761859894 5.04545503854752 2.51254570484161
8.45199512379247 4.19232761859894 5.57223033905029 2.77157747745514
9.28882760400582 4.19232761859894 5.83343946933746 3.05183839797974
10.2085149119472 4.19232761859894 6.13587129116058 3.30341422557831
11.2192605084528 4.19232761859894 6.58496499061584 3.68838381767273
12.330080079446 4.19232761859894 6.66045784950256 3.98151648044586
13.5508819543863 4.19232761859894 6.67652297019958 4.41685050725937
14.8925554869521 4.19232761859894 6.68568205833435 4.76913392543793
16.3670681863003 4.19232761859894 6.792475938797 5.21736338734627
17.9875724652967 4.19232761859894 6.792475938797 5.77675366401672
19.7685229578944 4.19232761859894 6.792475938797 6.54269528388977
21.7258054521118 4.19232761859894 6.792475938797 7.15405824780464
23.8768785886714 4.19232761859894 6.792475938797 7.8191784620285
26.2409295892292 4.19232761859894 6.792475938797 8.70047295093536
28.8390454032626 4.19232761859894 6.792475938797 9.48858368396759
31.6944008002223 4.19232761859894 6.792475938797 10.5514848232269
34.8324650846968 4.19232761859894 6.792475938797 11.4536272883415
38.3163339475004 4.19232761859894 6.792475938797 12.4488042593002
42.1100361799719 4.19232761859894 6.792475938797 13.1933896541595
46.2793530693252 4.19232761859894 6.95251727104187 14.8751714229584
50.8614742424258 4.19232761859894 6.95251727104187 15.5579416751862
55.8972714730444 4.19232761859894 6.95251727104187 16.317661523819
61.4316632514152 4.19232761859894 6.95251727104187 16.9748697280884
67.5140154498445 4.19232761859894 6.95251727104187 18.5564212799072
74.1985816582434 4.19232761859894 6.95251727104187 20.9320774078369
81.5449871173038 4.19232761859894 6.95251727104187 25.3750672340393
89.6187605659235 4.19232761859894 7.46143412590027 29.7240426540375
98.4919187468734 4.19232761859894 7.46143412590027 33.0098651647568
108.243608784401 4.19232761859894 7.63843989372253 34.8740828037262
118.960814163673 4.19232761859894 7.63843989372253 36.0073690414429
130.739130609284 4.19232761859894 7.63843989372253 39.4051876068115
143.683618783529 4.19232761859894 7.63843989372253 39.4051876068115
157.909741410383 4.19232761859894 7.63843989372253 40.3119192123413
173.703536936922 4.19232761859894 7.63843989372253 54.2540588378906
190.901933233621 4.19232761859894 7.63843989372253 54.2540588378906
209.803143649102 4.19232761859894 7.82388162612915 69.8120005130768
230.575763898515 4.19232761859894 8.14735674858093 71.7050065994263
253.405082367608 4.19232761859894 8.14735674858093 73.4965271949768
278.494732854913 4.19232761859894 8.14735674858093 76.0095567703247
306.068510952025 4.19232761859894 8.14735674858093 76.0095567703247
336.372370263797 4.19232761859894 8.33279848098755 84.9016284942627
369.676616274388 4.19232761859894 8.33279848098755 84.9016284942627
370.015617281199 4.19232761859894 8.33279848098755 84.9016284942627
