0.0387145280838013 0.586059033870697 0.0094064474105835 0.00798332691192627
0.0387500300966981 0.586059033870697 0.0094064474105835 0.00798332691192627
0.0425866726076336 0.586059033870697 0.0094064474105835 0.00798332691192627
0.0468031812946723 0.586059033870697 0.0094064474105835 0.00798332691192627
0.0514371667278207 0.586059033870697 0.0094064474105835 0.00798332691192627
0.0565299633015929 0.586059033870697 0.0094064474105835 0.00798332691192627
0.0621269979310704 0.586059033870697 0.0094064474105835 0.00798332691192627
0.068278195252578 0.586059033870697 0.0094064474105835 0.00798332691192627
0.0750384229432996 0.586059033870697 0.0182382464408875 0.00798332691192627
0.0824679811320132 0.586059033870697 0.0182382464408875 0.00798332691192627
0.0907162527069789 0.586059033870697 0.0182382464408875 0.00798332691192627
0.0996980736423392 0.586059033870697 0.0182382464408875 0.00798332691192627
0.109569185139287 0.586059033870697 0.0182382464408875 0.00798332691192627
0.120417635902936 0.586059033870697 0.0182382464408875 0.00798332691192627
0.132340192345309 0.586059033870697 0.0182382464408875 0.00798332691192627
0.145443201725957 0.586059033870697 0.0182382464408875 0.00798332691192627
0.159843540752169 0.967256665229797 0.0471240729093552 0.0237068384885788
0.175669658100152 0.967256665229797 0.0515534281730652 0.0237068384885788
0.193062720156276 0.967256665229797 0.0856429785490036 0.0327596664428711
0.212177870198225 1.85931992530823 0.0882177352905273 0.0451875329017639
0.233185612247737 1.9137766957283 0.0882177352905273 0.0564255714416504
0.25627333193868 1.9137766957283 0.103689670562744 0.0666373819112778
0.281646967966354 2.74790793657303 0.14733000099659 0.0666373819112778
0.309532849027073 2.74790793657303 0.159037470817566 0.0829050540924072
0.340179712633237 2.74790793657303 0.183794975280762 0.0936493277549744
0.373860923811385 2.74790793657303 0.209151893854141 0.0995950996875763
0.411253695994416 3.10663169622421 0.253974627703428 0.107450127601624
0.451971945990459 3.10663169622421 0.298974364995956 0.125595688819885
0.496721712052834 3.12219077348709 0.298974364995956 0.128926873207092
0.54590215479858 3.56563341617584 0.345068633556366 0.153630971908569
0.599951955758347 3.56563341617584 0.3902807533741 0.16965925693512
0.659353230344131 3.56563341617584 0.436037972569466 0.184271514415741
0.724635828240139 3.56563341617584 0.443436156958342 0.208469063043594
0.796382059575582 3.56563341617584 0.511276930570602 0.236528396606445
0.875231889036086 3.84656143188477 0.542625337839127 0.259079933166504
0.961888644244345 3.84656143188477 0.64915668964386 0.276631653308868
1.05712528932784 3.84656143188477 0.677236810326576 0.305995270609856
1.16179131963283 3.84656143188477 0.765897154808044 0.340243995189667
1.27682033908432 3.98659324645996 0.823336064815521 0.377813458442688
1.4032383877809 4.04104137420654 0.950714200735092 0.419850453734398
1.54217309410505 4.04104995727539 1.02428284287453 0.460917592048645
1.69486373298454 4.17070913314819 1.14686352014542 0.494102776050568
1.86438038854372 4.17070913314819 1.27608931064606 0.540151566267014
2.0489727885339 4.17070913314819 1.35808503627777 0.613455772399902
2.25184169172242 4.17070913314819 1.49441020190716 0.64663128554821
2.4747966556489 4.17070913314819 1.67399808764458 0.702813327312469
2.7198264022398 4.17070913314819 1.8324931114912 0.806429296731949
2.98911655688376 4.19232761859894 2.06346718966961 0.826156139373779
3.28506914385371 4.19232761859894 2.21199767291546 0.947500139474869
3.61032401197175 4.19232761859894 2.49857175350189 0.997098743915558
3.96778238163021 4.19232761859894 2.70324742794037 1.12943768501282
4.36063272320454 4.19232761859894 2.97408161684871 1.21483758091927
4.79237919768918 4.19232761859894 3.26808026432991 1.27932146191597
5.2668729132423 4.19232761859894 3.70586119219661 1.41532668471336
5.78834627644265 4.19232761859894 3.93599194288254 1.71884679794312
6.36145074466621 4.19232761859894 4.16265907883644 1.71884679794312
6.99129831632754 4.19232761859894 4.62414486706257 2.00170728564262
7.68350712907217 4.19232761859894 5.06812977790833 2.1551665365696
8.45199512379247 4.19232761859894 5.44807469844818 2.33387562632561
9.28882760400582 4.19232761859894 5.66883814334869 2.39377638697624
10.2085149119472 4.19232761859894 6.22502684593201 2.65670096874237
11.2192605084528 4.19232761859894 6.70735812187195 2.66231942176819
12.330080079446 4.19232761859894 6.76573204994202 3.21318972110748
13.5508819543863 4.19232761859894 6.77389645576477 3.63823044300079
14.8925554869521 4.19232761859894 6.77389645576477 3.63823044300079
16.3670681863003 4.19232761859894 6.82797074317932 3.63823044300079
17.9875724652967 4.19232761859894 6.83613514900208 3.69031751155853
19.7685229578944 4.19232761859894 6.83613514900208 3.74646651744843
21.7258054521118 4.19232761859894 6.83613514900208 3.95176899433136
23.8768785886714 4.19232761859894 6.954061627388 6.20971488952637
26.2409295892292 4.19232761859894 6.954061627388 6.20971488952637
28.8390454032626 4.19232761859894 6.954061627388 6.20971488952637
31.6944008002223 4.19232761859894 6.954061627388 6.20971488952637
34.8324650846968 4.19232761859894 6.954061627388 6.20971488952637
38.3163339475004 4.19232761859894 6.954061627388 6.20971488952637
42.1100361799719 4.19232761859894 6.954061627388 6.47811019420624
46.2793530693252 4.19232761859894 6.954061627388 6.68974566459656
50.8614742424258 4.19232761859894 6.954061627388 6.68974566459656
55.8972714730444 4.19232761859894 6.954061627388 6.68974566459656
61.4316632514152 4.19232761859894 6.954061627388 6.68974566459656
67.5140154498445 4.19232761859894 6.954061627388 6.78911185264587
74.1985816582434 4.19232761859894 6.954061627388 8.29108643531799
81.5449871173038 4.19232761859894 6.954061627388 8.29108643531799
89.6187605659235 4.19232761859894 6.954061627388 9.79712569713593
98.4919187468734 4.19232761859894 6.954061627388 10.6117236614227
108.243608784401 4.19232761859894 7.44429063796997 11.8445061445236
118.960814163673 4.19232761859894 7.44429063796997 12.3144021034241
130.739130609284 4.19232761859894 7.57805371284485 14.3617825508118
143.683618783529 4.19232761859894 7.57805371284485 14.3617825508118
157.909741410383 4.19232761859894 7.57805371284485 14.3617825508118
173.703536936922 4.19232761859894 7.57805371284485 14.3617825508118
190.901933233621 4.19232761859894 7.57805371284485 14.3617825508118
209.803143649102 4.19232761859894 7.57805371284485 14.3617825508118
230.575763898515 4.19232761859894 8.18620920181274 14.3617825508118
253.405082367608 4.19232761859894 8.18620920181274 14.3617825508118
278.494732854913 4.19232761859894 8.18620920181274 14.3617825508118
306.068510952025 4.19232761859894 8.18620920181274 14.3617825508118
336.372370263797 4.19232761859894 8.18620920181274 14.3617825508118
369.676616274388 4.19232761859894 8.18620920181274 14.3617825508118
370.015617281199 4.19232761859894 8.18620920181274 14.3617825508118
