0.0387145280838013 0.586059033870697 0.00776016712188721 0.00350236892700195
0.0387500300966981 0.586059033870697 0.00776016712188721 0.00350236892700195
0.0425866726076336 0.586059033870697 0.00776016712188721 0.00350236892700195
0.0468031812946723 0.586059033870697 0.00776016712188721 0.00350236892700195
0.0514371667278207 0.586059033870697 0.00776016712188721 0.00350236892700195
0.0565299633015929 0.586059033870697 0.00776016712188721 0.00350236892700195
0.0621269979310704 0.586059033870697 0.00776016712188721 0.00350236892700195
0.068278195252578 0.586059033870697 0.00776016712188721 0.00350236892700195
0.0750384229432996 0.586059033870697 0.0163758993148804 0.00940185785293579
0.0824679811320132 0.586059033870697 0.0163758993148804 0.00940185785293579
0.0907162527069789 0.586059033870697 0.0300708711147308 0.00940185785293579
0.0996980736423392 0.586059033870697 0.0300708711147308 0.00940185785293579
0.109569185139287 0.586059033870697 0.0300708711147308 0.00940185785293579
0.120417635902936 0.586059033870697 0.0300708711147308 0.00940185785293579
0.132340192345309 0.586059033870697 0.0300708711147308 0.00940185785293579
0.145443201725957 0.99837489426136 0.0625349283218384 0.0236462950706482
0.159843540752169 0.99837489426136 0.0625349283218384 0.0236462950706482
0.175669658100152 0.99837489426136 0.0625349283218384 0.0255120396614075
0.193062720156276 0.99837489426136 0.0815384387969971 0.0412611961364746
0.212177870198225 2.30101633071899 0.105325281620026 0.0412611961364746
0.233185612247737 2.30101633071899 0.105325281620026 0.0430139303207397
0.25627333193868 2.30101633071899 0.121757835149765 0.052224189043045
0.281646967966354 2.74790793657303 0.141654908657074 0.058221846818924
0.309532849027073 2.74790793657303 0.153095483779907 0.0682659149169922
0.340179712633237 2.74790793657303 0.179344177246094 0.0792158842086792
0.373860923811385 2.74790793657303 0.204567193984985 0.0918172597885132
0.411253695994416 3.10663169622421 0.24426556378603 0.108247876167297
0.451971945990459 3.13343650102615 0.289314389228821 0.114518582820892
0.496721712052834 3.13343650102615 0.304163448512554 0.146374464035034
0.54590215479858 3.56563341617584 0.334223538637161 0.146374464035034
0.599951955758347 3.7056565284729 0.373192429542542 0.166220009326935
0.659353230344131 3.7056565284729 0.42536012083292 0.175914883613586
0.724635828240139 3.7056565284729 0.46000462025404 0.194615244865417
0.796382059575582 3.7056565284729 0.495069086551666 0.223555088043213
0.875231889036086 3.84656143188477 0.573032557964325 0.245732724666595
0.961888644244345 3.84656143188477 0.622411221265793 0.279235124588013
1.05712528932784 3.93300080299377 0.682953409850597 0.298039972782135
1.16179131963283 3.93300080299377 0.748473018407822 0.329569786787033
1.27682033908432 4.04104995727539 0.810361720621586 0.36506462097168
1.4032383877809 4.04104995727539 0.916608095169067 0.432593673467636
1.54217309410505 4.19232761859894 0.992222368717194 0.46119487285614
1.69486373298454 4.19232761859894 1.1172810792923 0.505580693483353
1.86438038854372 4.19232761859894 1.23500257730484 0.552126407623291
2.0489727885339 4.19232761859894 1.33650702238083 0.614429235458374
2.25184169172242 4.19232761859894 1.49840199947357 0.674093514680862
2.4747966556489 4.19232761859894 1.62512087076902 0.754830598831177
2.7198264022398 4.19232761859894 1.80795848369598 0.819606363773346
2.98911655688376 4.19232761859894 2.0071736574173 0.907229721546173
3.28506914385371 4.19232761859894 2.14606053382158 0.990405678749084
3.61032401197175 4.19232761859894 2.43047153949738 1.085569024086
3.96778238163021 4.19232761859894 2.59856402873993 1.18247932195663
4.36063272320454 4.19232761859894 2.88266396895051 1.30169284343719
4.79237919768918 4.19232761859894 3.21869301795959 1.40353214740753
5.2668729132423 4.19232761859894 3.59880185499787 1.52433067560196
5.78834627644265 4.19232761859894 3.79309034347534 1.65194129943848
6.36145074466621 4.19232761859894 4.05718469619751 1.77461367845535
6.99129831632754 4.19232761859894 4.47376896440983 1.89154505729675
7.68350712907217 4.19232761859894 4.91529488563538 2.06189727783203
8.45199512379247 4.19232761859894 5.4170401096344 2.24774861335754
9.28882760400582 4.19232761859894 5.68089640140533 2.35414755344391
10.2085149119472 4.19232761859894 5.9791247844696 2.50863528251648
11.2192605084528 4.19232761859894 6.4184250831604 2.73301994800568
12.330080079446 4.19232761859894 6.50866794586182 2.94526886940002
13.5508819543863 4.19232761859894 6.53782391548157 3.03523695468903
14.8925554869521 4.19232761859894 6.551997423172 3.24233877658844
16.3670681863003 4.19232761859894 6.60270357131958 3.41503000259399
17.9875724652967 4.19232761859894 6.61341762542725 3.55904126167297
19.7685229578944 4.19232761859894 6.61341762542725 3.86248385906219
21.7258054521118 4.19232761859894 6.61341762542725 4.27922391891479
23.8768785886714 4.19232761859894 6.61341762542725 4.53970086574554
26.2409295892292 4.19232761859894 6.61341762542725 4.67345690727234
28.8390454032626 4.19232761859894 6.61341762542725 4.96704542636871
31.6944008002223 4.19232761859894 6.61341762542725 5.45452207326889
34.8324650846968 4.19232761859894 6.61341762542725 5.99378514289856
38.3163339475004 4.19232761859894 6.61341762542725 6.64361238479614
42.1100361799719 4.19232761859894 6.61341762542725 7.21193051338196
46.2793530693252 4.19232761859894 6.64691781997681 7.47094297409058
50.8614742424258 4.19232761859894 6.64691781997681 8.02321210503578
55.8972714730444 4.19232761859894 6.64691781997681 8.93083941936493
61.4316632514152 4.19232761859894 6.64691781997681 9.19662141799927
67.5140154498445 4.19232761859894 6.64691781997681 9.73633289337158
74.1985816582434 4.19232761859894 6.64691781997681 10.8307542800903
81.5449871173038 4.19232761859894 6.64691781997681 12.1642322540283
89.6187605659235 4.19232761859894 6.64691781997681 13.4626636505127
98.4919187468734 4.19232761859894 6.64691781997681 14.6495182514191
108.243608784401 4.19232761859894 7.45888781547546 16.8159744739532
118.960814163673 4.19232761859894 7.45888781547546 18.4885641634464
130.739130609284 4.19232761859894 7.45888781547546 19.8235360383987
143.683618783529 4.19232761859894 7.45888781547546 19.8235360383987
157.909741410383 4.19232761859894 7.45888781547546 22.9138126373291
173.703536936922 4.19232761859894 7.45888781547546 22.9138126373291
190.901933233621 4.19232761859894 7.45888781547546 22.9138126373291
209.803143649102 4.19232761859894 7.63272452354431 22.9766163825989
230.575763898515 4.19232761859894 7.63272452354431 23.8287100791931
253.405082367608 4.19232761859894 7.63272452354431 23.8287100791931
278.494732854913 4.19232761859894 7.63272452354431 23.8287100791931
306.068510952025 4.19232761859894 7.63272452354431 23.8287100791931
336.372370263797 4.19232761859894 7.63272452354431 29.1066036224365
369.676616274388 4.19232761859894 7.63272452354431 29.1066036224365
370.015617281199 4.19232761859894 7.63272452354431 29.1066036224365
