0.0194894644874591 0.586059033870697 0.00831037759780884 0.00104296207427979
0.0195076157341004 0.586059033870697 0.00831037759780884 0.00104296207427979
0.0214706726399789 0.586059033870697 0.00831037759780884 0.00104296207427979
0.0236312725192399 0.586059033870697 0.00831037759780884 0.00104296207427979
0.0260092941773403 0.586059033870697 0.00831037759780884 0.00104296207427979
0.02862661682957 0.586059033870697 0.00831037759780884 0.00104296207427979
0.0315073214028609 0.586059033870697 0.016930103302002 0.00650036334991455
0.0346779120946542 0.586059033870697 0.016930103302002 0.00650036334991455
0.0381675602272991 0.586059033870697 0.016930103302002 0.00650036334991455
0.0420083726415892 0.586059033870697 0.016930103302002 0.00650036334991455
0.0462787480746938 0.586059033870697 0.0312574505805969 0.00755774974822998
0.0509357916233132 0.586059033870697 0.0312574505805969 0.00755774974822998
0.056061474785492 0.586059033870697 0.0312574505805969 0.00755774974822998
0.0617029568985016 0.586059033870697 0.0312574505805969 0.00755774974822998
0.0679121429571029 0.651752918958664 0.0312574505805969 0.0329589545726776
0.0747461611704054 0.768446087837219 0.0494053959846497 0.0347581505775452
0.0822678885754094 0.967256665229797 0.0494053959846497 0.0372016429901123
0.0905465295431877 1.00701880455017 0.0494053959846497 0.0491454303264618
0.0996582525003081 1.9137766957283 0.0698708295822144 0.0491454303264618
0.109686890723714 2.30101633071899 0.100150942802429 0.0494273900985718
0.120724713656792 2.30101633071899 0.100150942802429 0.0675995051860809
0.132873275843195 2.74790793657303 0.102164417505264 0.0682606101036072
0.146244351289115 2.74790793657303 0.140379186719656 0.0796689987182617
0.160960961850701 2.74790793657303 0.167444229125977 0.0909456014633179
0.177158509108387 2.74790793657303 0.176104515790939 0.106928467750549
0.194986020142061 2.80583125352859 0.21653687953949 0.118086814880371
0.214807390451206 3.0089550614357 0.230053327977657 0.128111392259598
0.23642351909587 3.39448344707489 0.246557648293674 0.144353568553925
0.260214884898814 3.51117664575577 0.28874521702528 0.164919197559357
0.286400382592417 3.51117664575577 0.298801898956299 0.180985689163208
0.315220934348083 3.7056565284729 0.35029523819685 0.200157761573792
0.346941706403675 3.7056565284729 0.374700300395489 0.230951189994812
0.381854548750803 3.7056565284729 0.434147536754608 0.252893447875977
0.420280680328535 3.70566511154175 0.468489523977041 0.279215157032013
0.462573644428912 3.84656143188477 0.510721321217716 0.305522263050079
0.509122561505755 3.93300080299377 0.574087891727686 0.338265299797058
0.560355709314554 3.93300080299377 0.639075726270676 0.372654974460602
0.616744463322841 4.19232761859894 0.695976071059704 0.40850143134594
0.678807633645181 4.19232761859894 0.777030825614929 0.456095218658447
0.74711623840516 4.19232761859894 0.86334228515625 0.492884159088135
0.822298757442146 4.19232761859894 0.954369001090527 0.548253700137138
0.90504691470005 4.19232761859894 1.04252901673317 0.604084372520447
0.997049767162749 4.19232761859894 1.15298280864954 0.67547619342804
1.0973831681079 4.19232761859894 1.28294268250465 0.752688527107239
1.207813147656 4.19232761859894 1.39021074771881 0.824576258659363
1.32935572737641 4.19232761859894 1.54927676916122 0.908839344978333
1.46312917137724 4.19232761859894 1.68770653009415 0.992160886526108
1.61036427500108 4.19232761859894 1.84396204352379 1.08070759475231
1.77241568887504 4.19232761859894 2.03009778261185 1.17016586661339
1.95077438250316 4.19232761859894 2.24314683675766 1.32187521457672
2.14708136207369 4.19232761859894 2.44237387180328 1.4199994802475
2.36314276869316 4.19232761859894 2.69474679231644 1.56973245739937
2.60094649596008 4.19232761859894 2.84469437599182 1.73765900731087
2.86268047976978 4.19232761859894 3.1484546661377 1.90946471691132
3.15075282862747 4.19232761859894 3.39840722084045 2.09324181079865
3.46781397968047 4.19232761859894 3.66114401817322 2.30174195766449
3.81678108431816 4.19232761859894 3.95911645889282 2.51857912540436
4.2008648477019 4.19232761859894 4.40251231193542 2.76884996891022
4.62790519502682 4.19232761859894 4.64781332015991 3.06634163856506
5.09361260779729 4.19232761859894 4.92059659957886 3.35413753986359
5.6061842896419 4.19232761859894 5.29697918891907 3.61979556083679
6.17033620525356 4.19232761859894 5.63063383102417 3.95372354984283
6.79125888819023 4.19232761859894 6.21458220481873 3.95372354984283
7.47466519687438 4.19232761859894 6.72817158699036 4.2050256729126
8.22684287629239 4.19232761859894 6.72817158699036 4.44674563407898
9.05471240899251 4.19232761859894 6.73391127586365 5.04099953174591
9.96589068764523 4.19232761859894 6.73391127586365 5.29230165481567
10.9687610949915 4.19232761859894 6.73391127586365 5.29333555698395
12.072550635956 4.19232761859894 6.73391127586365 5.66713011264801
13.2874148315868 4.19232761859894 6.73391127586365 6.30482339859009
14.6245311558961 4.19232761859894 6.73391127586365 7.18543243408203
16.0962018752773 4.19232761859894 6.73391127586365 7.61914300918579
17.7159672366814 4.19232761859894 6.73391127586365 7.61914300918579
19.4987300459514 4.19232761859894 6.73391127586365 7.61914300918579
21.4808800919766 4.19232761859894 6.73391127586365 7.68626129627228
23.6425071500281 4.19232761859894 6.73391127586365 8.74293231964111
26.0216593522121 4.19232761859894 6.73391127586365 9.3695387840271
28.6402263154973 4.19232761859894 6.73391127586365 12.0236229896545
31.5223004152183 4.19232761859894 6.73391127586365 12.6532570123672
34.6943984492749 4.19232761859894 6.73391127586365 15.0477557182312
38.1857056084627 4.19232761859894 6.73391127586365 16.3620753288269
42.0283439976073 4.19232761859894 6.73391127586365 16.3620753288269
46.2576681780564 4.19232761859894 6.73391127586365 16.3620753288269
50.9125904506965 4.19232761859894 6.73391127586365 16.3620753288269
56.0359388722924 4.19232761859894 6.73391127586365 16.3620753288269
61.674851299112 4.19232761859894 7.02803158760071 18.0687198638916
67.8812090832727 4.19232761859894 7.02803158760071 21.8746366500854
74.7121144120754 4.19232761859894 7.02803158760071 25.7849613428116
82.2304156821292 4.19232761859894 7.02803158760071 29.4937796592712
90.5052857420251 4.19232761859894 7.07526278495789 32.6260810792446
99.7056313992196 4.19232761859894 7.65907311439514 34.4307951927185
109.739037374665 4.19232761859894 7.65907311439514 34.4307951927185
120.782107840023 4.19232761859894 7.65907311439514 39.1576080322266
132.936445619368 4.19232761859894 8.00042462348938 39.1576080322266
146.313877857786 4.19232761859894 8.00042462348938 39.1576080322266
161.037484897703 4.19232761859894 8.00042462348938 52.2893123626709
177.242732691319 4.19232761859894 8.00042462348938 52.2893123626709
195.078719168039 4.19232761859894 8.00042462348938 68.6513876914978
214.709546024206 4.19232761859894 8.11315011978149 68.6513876914978
214.909512828253 4.19232761859894 8.11315011978149 68.6513876914978
