0.0387145280838013 0.586059033870697 0.0091937780380249 0.00356400012969971
0.0387500300966981 0.586059033870697 0.0091937780380249 0.00356400012969971
0.0425866726076336 0.586059033870697 0.0091937780380249 0.00356400012969971
0.0468031812946723 0.586059033870697 0.0091937780380249 0.00356400012969971
0.0514371667278207 0.586059033870697 0.0091937780380249 0.00356400012969971
0.0565299633015929 0.586059033870697 0.0091937780380249 0.00356400012969971
0.0621269979310704 0.586059033870697 0.0091937780380249 0.00356400012969971
0.068278195252578 0.586059033870697 0.0091937780380249 0.00356400012969971
0.0750384229432996 0.586059033870697 0.0180314183235168 0.00441652536392212
0.0824679811320132 0.586059033870697 0.0180314183235168 0.00441652536392212
0.0907162527069789 0.586059033870697 0.0180314183235168 0.00441652536392212
0.0996980736423392 0.586059033870697 0.0180314183235168 0.00441652536392212
0.109569185139287 0.586059033870697 0.0180314183235168 0.00441652536392212
0.120417635902936 0.586059033870697 0.0180314183235168 0.00441652536392212
0.132340192345309 0.586059033870697 0.0180314183235168 0.00441652536392212
0.145443201725957 0.586059033870697 0.0180314183235168 0.00441652536392212
0.159843540752169 0.967256665229797 0.043752983212471 0.0332984328269958
0.175669658100152 0.967256665229797 0.0523644387722015 0.0346060991287231
0.193062720156276 0.967256665229797 0.0857851058244705 0.04632967710495
0.212177870198225 1.85931992530823 0.0885158777236938 0.0499782562255859
0.233185612247737 1.9137766957283 0.0885158777236938 0.0626329183578491
0.25627333193868 1.9137766957283 0.103353559970856 0.0717308968305588
0.281646967966354 2.74790793657303 0.146890923380852 0.0846688747406006
0.309532849027073 2.74790793657303 0.159306526184082 0.0986322462558746
0.340179712633237 2.74790793657303 0.179060161113739 0.0995646417140961
0.373860923811385 2.74790793657303 0.209430396556854 0.114826440811157
0.411253695994416 3.10663169622421 0.254432074725628 0.13012957572937
0.451971945990459 3.10663169622421 0.299566090106964 0.145446591079235
0.496721712052834 3.12219077348709 0.299566090106964 0.150401473045349
0.54590215479858 3.56563341617584 0.345189213752747 0.173890560865402
0.599951955758347 3.56563341617584 0.38635915517807 0.193209767341614
0.659353230344131 3.56563341617584 0.437411420047283 0.21089106798172
0.724635828240139 3.56563341617584 0.44373594969511 0.236372828483582
0.796382059575582 3.56563341617584 0.512498170137405 0.252613686025143
0.875231889036086 3.84656143188477 0.542958319187164 0.291149228811264
0.961888644244345 3.84656143188477 0.643778800964355 0.317744188010693
1.05712528932784 3.84656143188477 0.669117316603661 0.34381840378046
1.16179131963283 3.84656143188477 0.766879379749298 0.382855474948883
1.27682033908432 3.98659324645996 0.821048989892006 0.417497873306274
1.4032383877809 4.04104137420654 0.946617722511292 0.463489413261414
1.54217309410505 4.04104995727539 1.02221065759659 0.496648162603378
1.69486373298454 4.17070913314819 1.14988511800766 0.551919043064117
1.86438038854372 4.17070913314819 1.27287709712982 0.609439335763454
2.0489727885339 4.17070913314819 1.35628747940063 0.672114491462708
2.25184169172242 4.17070913314819 1.49579721689224 0.742510557174683
2.4747966556489 4.17070913314819 1.67632349580526 0.820519030094147
2.7198264022398 4.17070913314819 1.83485888689756 0.902305394411087
2.98911655688376 4.19232761859894 2.06912140548229 0.996577218174934
3.28506914385371 4.19232761859894 2.20819097012281 1.0856129154563
3.61032401197175 4.19232761859894 2.49981671571732 1.19536167383194
3.96778238163021 4.19232761859894 2.68461191654205 1.31714832782745
4.36063272320454 4.19232761859894 2.9767275378108 1.45075202733278
4.79237919768918 4.19232761859894 3.2593988776207 1.56960325688124
5.2668729132423 4.19232761859894 3.71012740582228 1.71332813054323
5.78834627644265 4.19232761859894 3.90916627645493 1.89725703001022
6.36145074466621 4.19232761859894 4.16482746601105 2.0724064707756
6.99129831632754 4.19232761859894 4.60938821732998 2.29774928092957
7.68350712907217 4.19232761859894 5.04545503854752 2.51254570484161
8.45199512379247 4.19232761859894 5.4190302491188 2.77157747745514
9.28882760400582 4.19232761859894 5.62396740913391 3.05183839797974
10.2085149119472 4.19232761859894 6.13587129116058 3.30341422557831
11.2192605084528 4.19232761859894 6.58496499061584 3.60999870300293
12.330080079446 4.19232761859894 6.66045784950256 3.96329188346863
13.5508819543863 4.19232761859894 6.66632509231567 4.41685050725937
14.8925554869521 4.19232761859894 6.67160129547119 4.76913392543793
16.3670681863003 4.19232761859894 6.77641081809998 5.21736338734627
17.9875724652967 4.19232761859894 6.78168702125549 5.77675366401672
19.7685229578944 4.19232761859894 6.78168702125549 6.54269528388977
21.7258054521118 4.19232761859894 6.78168702125549 7.15405824780464
23.8768785886714 4.19232761859894 6.78168702125549 7.8191784620285
26.2409295892292 4.19232761859894 6.78168702125549 8.70047295093536
28.8390454032626 4.19232761859894 6.78168702125549 9.48858368396759
31.6944008002223 4.19232761859894 6.78168702125549 10.4780330657959
34.8324650846968 4.19232761859894 6.78168702125549 11.4536272883415
38.3163339475004 4.19232761859894 6.78168702125549 12.4488042593002
42.1100361799719 4.19232761859894 6.78168702125549 13.1933896541595
46.2793530693252 4.19232761859894 6.78168702125549 14.8751714229584
50.8614742424258 4.19232761859894 6.78168702125549 15.5579416751862
55.8972714730444 4.19232761859894 6.78168702125549 16.317661523819
61.4316632514152 4.19232761859894 6.78168702125549 16.8817129135132
67.5140154498445 4.19232761859894 6.78168702125549 18.5564212799072
74.1985816582434 4.19232761859894 6.78168702125549 20.9320774078369
81.5449871173038 4.19232761859894 6.78168702125549 25.3750672340393
89.6187605659235 4.19232761859894 6.78168702125549 29.7240426540375
98.4919187468734 4.19232761859894 6.78168702125549 33.0098651647568
108.243608784401 4.19232761859894 7.62765097618103 34.8740828037262
118.960814163673 4.19232761859894 7.62765097618103 36.0073690414429
130.739130609284 4.19232761859894 7.62765097618103 37.7988896369934
143.683618783529 4.19232761859894 7.62765097618103 37.7988896369934
157.909741410383 4.19232761859894 7.62765097618103 40.3119192123413
173.703536936922 4.19232761859894 7.62765097618103 40.3119192123413
190.901933233621 4.19232761859894 7.62765097618103 40.3119192123413
209.803143649102 4.19232761859894 7.62765097618103 45.4964408874512
230.575763898515 4.19232761859894 8.14735674858093 49.2039909362793
253.405082367608 4.19232761859894 8.14735674858093 49.2039909362793
278.494732854913 4.19232761859894 8.14735674858093 49.2039909362793
306.068510952025 4.19232761859894 8.14735674858093 49.2039909362793
336.372370263797 4.19232761859894 8.14735674858093 49.2039909362793
369.676616274388 4.19232761859894 8.14735674858093 49.2039909362793
370.015617281199 4.19232761859894 8.14735674858093 49.2039909362793
