0.0387145280838013 0.586059033870697 0.00812536478042603 0.00205203890800476
0.0387500300966981 0.586059033870697 0.00812536478042603 0.00205203890800476
0.0425866726076336 0.586059033870697 0.00812536478042603 0.00205203890800476
0.0468031812946723 0.586059033870697 0.00812536478042603 0.00205203890800476
0.0514371667278207 0.586059033870697 0.00812536478042603 0.00205203890800476
0.0565299633015929 0.586059033870697 0.00812536478042603 0.00205203890800476
0.0621269979310704 0.586059033870697 0.00812536478042603 0.00205203890800476
0.068278195252578 0.586059033870697 0.00812536478042603 0.00205203890800476
0.0750384229432996 0.586059033870697 0.0167516469955444 0.00205203890800476
0.0824679811320132 0.586059033870697 0.0167516469955444 0.00205203890800476
0.0907162527069789 0.586059033870697 0.0167516469955444 0.00205203890800476
0.0996980736423392 0.586059033870697 0.0167516469955444 0.00205203890800476
0.109569185139287 0.586059033870697 0.0167516469955444 0.00205203890800476
0.120417635902936 0.586059033870697 0.0167516469955444 0.00205203890800476
0.132340192345309 0.586059033870697 0.0167516469955444 0.00205203890800476
0.145443201725957 0.586059033870697 0.0167516469955444 0.00205203890800476
0.159843540752169 0.967256665229797 0.0482807755470276 0.0133708268404007
0.175669658100152 0.967256665229797 0.0490495264530182 0.0272523164749146
0.193062720156276 0.967256665229797 0.0815032720565796 0.0290782749652863
0.212177870198225 1.85931992530823 0.0867276191711426 0.0360749959945679
0.233185612247737 1.9137766957283 0.0867276191711426 0.0431176871061325
0.25627333193868 1.9137766957283 0.0997175574302673 0.0567848682403564
0.281646967966354 2.74790793657303 0.142395317554474 0.0588383078575134
0.309532849027073 2.74790793657303 0.153265237808228 0.0686408281326294
0.340179712633237 2.74790793657303 0.181123018264771 0.0740324854850769
0.373860923811385 2.74790793657303 0.204600870609283 0.0842655152082443
0.411253695994416 3.10663169622421 0.244263827800751 0.105417251586914
0.451971945990459 3.10663169622421 0.288993775844574 0.128451526165009
0.496721712052834 3.12219077348709 0.288993775844574 0.141258239746094
0.54590215479858 3.56563341617584 0.334514915943146 0.14569953083992
0.599951955758347 3.56563341617584 0.379367053508759 0.164246678352356
0.659353230344131 3.56563341617584 0.424049884080887 0.182362169027328
0.724635828240139 3.56563341617584 0.425376355648041 0.188569307327271
0.796382059575582 3.56563341617584 0.494486212730408 0.230570018291473
0.875231889036086 3.84656143188477 0.523438692092896 0.253512531518936
0.961888644244345 3.84656143188477 0.631194025278091 0.277919858694077
1.05712528932784 3.84656143188477 0.662788987159729 0.315305024385452
1.16179131963283 3.84656143188477 0.73966971039772 0.333669364452362
1.27682033908432 3.98659324645996 0.802432715892792 0.393823146820068
1.4032383877809 4.04104137420654 0.923959672451019 0.422547519207001
1.54217309410505 4.04104995727539 0.99668276309967 0.466536700725555
1.69486373298454 4.17070913314819 1.11494415998459 0.508890122175217
1.86438038854372 4.17070913314819 1.24172204732895 0.567702561616898
2.0489727885339 4.17070913314819 1.31317031383514 0.624663323163986
2.25184169172242 4.17070913314819 1.45659965276718 0.679189175367355
2.4747966556489 4.17070913314819 1.6241557598114 0.759805291891098
2.7198264022398 4.17070913314819 1.77854418754578 0.853320196270943
2.98911655688376 4.19232761859894 2.00338852405548 0.935195297002792
3.28506914385371 4.19232761859894 2.15501797199249 1.03139433264732
3.61032401197175 4.19232761859894 2.43212461471558 1.12806522846222
3.96778238163021 4.19232761859894 2.62931740283966 1.19438245892525
4.36063272320454 4.19232761859894 2.88436537981033 1.31409654021263
4.79237919768918 4.19232761859894 3.16894018650055 1.4301096200943
5.2668729132423 4.19232761859894 3.59885388612747 1.50978994369507
5.78834627644265 4.19232761859894 3.83637458086014 1.62711071968079
6.36145074466621 4.19232761859894 4.05846244096756 1.72424685955048
6.99129831632754 4.19232761859894 4.50114001333714 1.89857837557793
7.68350712907217 4.19232761859894 4.95323073863983 2.02778479456902
8.45199512379247 4.19232761859894 5.32813984155655 2.19455754756927
9.28882760400582 4.19232761859894 5.54555773735046 2.34811091423035
10.2085149119472 4.19232761859894 6.11322808265686 2.50601160526276
11.2192605084528 4.19232761859894 6.59506893157959 2.77326083183289
12.330080079446 4.19232761859894 6.66460847854614 2.86640059947968
13.5508819543863 4.19232761859894 6.68074941635132 3.10385870933533
14.8925554869521 4.19232761859894 6.68566513061523 3.31834074854851
16.3670681863003 4.19232761859894 6.68744111061096 3.72092941403389
17.9875724652967 4.19232761859894 6.70358204841614 4.02854692935944
19.7685229578944 4.19232761859894 6.70358204841614 4.40164911746979
21.7258054521118 4.19232761859894 6.70358204841614 4.82731625437737
23.8768785886714 4.19232761859894 6.70358204841614 5.19105434417725
26.2409295892292 4.19232761859894 6.70358204841614 5.76633453369141
28.8390454032626 4.19232761859894 6.70358204841614 6.25737142562866
31.6944008002223 4.19232761859894 6.70358204841614 6.88567525148392
34.8324650846968 4.19232761859894 6.70358204841614 7.59019461274147
38.3163339475004 4.19232761859894 6.70358204841614 8.21032857894897
42.1100361799719 4.19232761859894 6.70358204841614 8.83532413840294
46.2793530693252 4.19232761859894 6.70358204841614 9.6739399433136
50.8614742424258 4.19232761859894 6.70358204841614 10.5555772781372
55.8972714730444 4.19232761859894 6.70358204841614 11.6262707412243
61.4316632514152 4.19232761859894 6.70358204841614 12.7765365839005
67.5140154498445 4.19232761859894 6.70358204841614 12.7765365839005
74.1985816582434 4.19232761859894 6.70358204841614 13.4455661773682
81.5449871173038 4.19232761859894 6.70358204841614 16.4302625656128
89.6187605659235 4.19232761859894 6.70358204841614 17.4248304367065
98.4919187468734 4.19232761859894 6.70358204841614 19.451427936554
108.243608784401 4.19232761859894 7.59547281265259 21.9636209011078
118.960814163673 4.19232761859894 7.59547281265259 24.3288347125053
130.739130609284 4.19232761859894 7.59547281265259 26.2221027612686
143.683618783529 4.19232761859894 7.59547281265259 26.2221027612686
157.909741410383 4.19232761859894 7.59547281265259 26.2221027612686
173.703536936922 4.19232761859894 7.59547281265259 26.2221027612686
190.901933233621 4.19232761859894 7.59547281265259 26.2221027612686
209.803143649102 4.19232761859894 7.59547281265259 26.9869494438171
230.575763898515 4.19232761859894 7.90025997161865 27.3582825660706
253.405082367608 4.19232761859894 7.90025997161865 27.3582825660706
278.494732854913 4.19232761859894 7.90025997161865 27.3582825660706
306.068510952025 4.19232761859894 7.90025997161865 27.3582825660706
336.372370263797 4.19232761859894 7.90025997161865 27.3582825660706
369.676616274388 4.19232761859894 7.90025997161865 27.3582825660706
370.015617281199 4.19232761859894 7.90025997161865 27.3582825660706
