0.0387145280838013 0.586059033870697 0.00942772626876831 0.00508895516395569
0.0387500300966981 0.586059033870697 0.00942772626876831 0.00508895516395569
0.0425866726076336 0.586059033870697 0.00942772626876831 0.00508895516395569
0.0468031812946723 0.586059033870697 0.00942772626876831 0.00508895516395569
0.0514371667278207 0.586059033870697 0.00942772626876831 0.00508895516395569
0.0565299633015929 0.586059033870697 0.00942772626876831 0.00508895516395569
0.0621269979310704 0.586059033870697 0.00942772626876831 0.00508895516395569
0.068278195252578 0.586059033870697 0.00942772626876831 0.00508895516395569
0.0750384229432996 0.586059033870697 0.0183084607124329 0.00508895516395569
0.0824679811320132 0.586059033870697 0.0183084607124329 0.00508895516395569
0.0907162527069789 0.586059033870697 0.0183084607124329 0.00508895516395569
0.0996980736423392 0.586059033870697 0.0183084607124329 0.00508895516395569
0.109569185139287 0.586059033870697 0.0183084607124329 0.00508895516395569
0.120417635902936 0.586059033870697 0.0183084607124329 0.00508895516395569
0.132340192345309 0.586059033870697 0.0183084607124329 0.00508895516395569
0.145443201725957 0.586059033870697 0.0183084607124329 0.00508895516395569
0.159843540752169 0.967256665229797 0.0471068769693375 0.0238000303506851
0.175669658100152 0.967256665229797 0.0515099465847015 0.0238000303506851
0.193062720156276 0.967256665229797 0.0856688767671585 0.0402289628982544
0.212177870198225 1.85931992530823 0.0883322954177856 0.0402289628982544
0.233185612247737 1.9137766957283 0.0883322954177856 0.0500154197216034
0.25627333193868 1.9137766957283 0.103739142417908 0.0553562045097351
0.281646967966354 2.74790793657303 0.147456869482994 0.0666917860507965
0.309532849027073 2.74790793657303 0.159231185913086 0.076494038105011
0.340179712633237 2.74790793657303 0.184133529663086 0.0833153873682022
0.373860923811385 2.74790793657303 0.209376811981201 0.0909321308135986
0.411253695994416 3.10663169622421 0.25418983772397 0.110093832015991
0.451971945990459 3.10663169622421 0.299156129360199 0.125376924872398
0.496721712052834 3.12219077348709 0.299156129360199 0.128760576248169
0.54590215479858 3.56563341617584 0.345334380865097 0.141772568225861
0.599951955758347 3.56563341617584 0.390509188175201 0.155407100915909
0.659353230344131 3.56563341617584 0.436339750885963 0.174004256725311
0.724635828240139 3.56563341617584 0.443854976445436 0.196279019117355
0.796382059575582 3.56563341617584 0.511713445186615 0.220139339566231
0.875231889036086 3.84656143188477 0.543114244937897 0.238144144415855
0.961888644244345 3.84656143188477 0.64957270026207 0.260835692286491
1.05712528932784 3.84656143188477 0.677764073014259 0.286461889743805
1.16179131963283 3.84656143188477 0.766382247209549 0.315049976110458
1.27682033908432 3.98659324645996 0.824042022228241 0.342558473348618
1.4032383877809 4.04104137420654 0.95133900642395 0.389530643820763
1.54217309410505 4.04104995727539 1.02490377426147 0.42613323032856
1.69486373298454 4.17070913314819 1.14750975370407 0.473073273897171
1.86438038854372 4.17070913314819 1.27703434228897 0.51720529794693
2.0489727885339 4.17070913314819 1.35907864570618 0.573054939508438
2.25184169172242 4.17070913314819 1.49528323113918 0.629427760839462
2.4747966556489 4.17070913314819 1.67502734065056 0.685151159763336
2.7198264022398 4.17070913314819 1.83357109129429 0.760689437389374
2.98911655688376 4.19232761859894 2.0651700347662 0.84866064786911
3.28506914385371 4.19232761859894 2.21363900601864 0.901233702898026
3.61032401197175 4.19232761859894 2.50007855892181 0.980876058340073
3.96778238163021 4.19232761859894 2.70541548728943 1.08135640621185
4.36063272320454 4.19232761859894 2.97600792720914 1.21338754892349
4.79237919768918 4.19232761859894 3.27036833763123 1.31133362650871
5.2668729132423 4.19232761859894 3.70860980823636 1.4538157582283
5.78834627644265 4.19232761859894 3.93847352266312 1.60046231746674
6.36145074466621 4.19232761859894 4.16546720266342 1.66695755720139
6.99129831632754 4.19232761859894 4.62628208100796 1.85945701599121
7.68350712907217 4.19232761859894 5.07188647985458 1.93813979625702
8.45199512379247 4.19232761859894 5.45208334922791 2.12080773711205
9.28882760400582 4.19232761859894 5.67349171638489 2.34156465530396
10.2085149119472 4.19232761859894 6.23041617870331 2.45065462589264
11.2192605084528 4.19232761859894 6.71183085441589 2.71385908126831
12.330080079446 4.19232761859894 6.7729504108429 2.96600532531738
13.5508819543863 4.19232761859894 6.77897953987122 3.18176645040512
14.8925554869521 4.19232761859894 6.77897953987122 3.44831359386444
16.3670681863003 4.19232761859894 6.82841420173645 3.82819402217865
17.9875724652967 4.19232761859894 6.83444333076477 4.1189546585083
19.7685229578944 4.19232761859894 6.83444333076477 4.27066469192505
21.7258054521118 4.19232761859894 6.83444333076477 4.76287221908569
23.8768785886714 4.19232761859894 6.98033344745636 5.46805095672607
26.2409295892292 4.19232761859894 6.98033344745636 6.11105942726135
28.8390454032626 4.19232761859894 6.98033344745636 6.47716629505157
31.6944008002223 4.19232761859894 6.98033344745636 7.19310915470123
34.8324650846968 4.19232761859894 6.98033344745636 7.90290927886963
38.3163339475004 4.19232761859894 6.98033344745636 8.2283091545105
42.1100361799719 4.19232761859894 6.98033344745636 8.56556487083435
46.2793530693252 4.19232761859894 6.98033344745636 8.56556487083435
50.8614742424258 4.19232761859894 6.98033344745636 8.56556487083435
55.8972714730444 4.19232761859894 6.98033344745636 8.56556487083435
61.4316632514152 4.19232761859894 6.98033344745636 8.56556487083435
67.5140154498445 4.19232761859894 6.98033344745636 8.56556487083435
74.1985816582434 4.19232761859894 6.98033344745636 9.37754034996033
81.5449871173038 4.19232761859894 6.98033344745636 9.37754034996033
89.6187605659235 4.19232761859894 6.98033344745636 10.2887508869171
98.4919187468734 4.19232761859894 6.98625528812408 10.8346934318542
108.243608784401 4.19232761859894 7.56167840957642 13.480655670166
118.960814163673 4.19232761859894 7.56167840957642 14.4669380187988
130.739130609284 4.19232761859894 7.67535948753357 16.2507553100586
143.683618783529 4.19232761859894 7.67535948753357 16.2507553100586
157.909741410383 4.19232761859894 7.67535948753357 16.2507553100586
173.703536936922 4.19232761859894 7.67535948753357 16.2507553100586
190.901933233621 4.19232761859894 7.67535948753357 16.2507553100586
209.803143649102 4.19232761859894 7.67535948753357 16.2507553100586
230.575763898515 4.19232761859894 8.40259456634521 16.2507553100586
253.405082367608 4.19232761859894 8.40259456634521 16.2507553100586
278.494732854913 4.19232761859894 8.40259456634521 16.2507553100586
306.068510952025 4.19232761859894 8.40259456634521 16.2507553100586
336.372370263797 4.19232761859894 8.40259456634521 16.2507553100586
369.676616274388 4.19232761859894 8.40259456634521 16.2507553100586
370.015617281199 4.19232761859894 8.40259456634521 16.2507553100586
