0.0387145280838013 0.586059033870697 0.00845432281494141 0.00417515635490417
0.0387500300966981 0.586059033870697 0.00845432281494141 0.00417515635490417
0.0425866726076336 0.586059033870697 0.00845432281494141 0.00417515635490417
0.0468031812946723 0.586059033870697 0.00845432281494141 0.00417515635490417
0.0514371667278207 0.586059033870697 0.00845432281494141 0.00417515635490417
0.0565299633015929 0.586059033870697 0.00845432281494141 0.00417515635490417
0.0621269979310704 0.586059033870697 0.00845432281494141 0.00417515635490417
0.068278195252578 0.586059033870697 0.00845432281494141 0.00417515635490417
0.0750384229432996 0.586059033870697 0.0171348750591278 0.00417515635490417
0.0824679811320132 0.586059033870697 0.0171348750591278 0.00417515635490417
0.0907162527069789 0.586059033870697 0.0171348750591278 0.00417515635490417
0.0996980736423392 0.586059033870697 0.0171348750591278 0.00417515635490417
0.109569185139287 0.586059033870697 0.0171348750591278 0.00417515635490417
0.120417635902936 0.586059033870697 0.0171348750591278 0.00417515635490417
0.132340192345309 0.586059033870697 0.0171348750591278 0.00417515635490417
0.145443201725957 0.586059033870697 0.0171348750591278 0.00417515635490417
0.159843540752169 0.967256665229797 0.0482839941978455 0.0263282358646393
0.175669658100152 0.967256665229797 0.0496750473976135 0.027115136384964
0.193062720156276 0.967256665229797 0.0825097560882568 0.0353960394859314
0.212177870198225 1.85931992530823 0.0869904160499573 0.0374412909150124
0.233185612247737 1.9137766957283 0.0869904160499573 0.0529341399669647
0.25627333193868 1.9137766957283 0.100866496562958 0.0529341399669647
0.281646967966354 2.74790793657303 0.143691003322601 0.0709941685199738
0.309532849027073 2.74790793657303 0.154549837112427 0.0709941685199738
0.340179712633237 2.74790793657303 0.182473063468933 0.0833992660045624
0.373860923811385 2.74790793657303 0.205634832382202 0.0867316126823425
0.411253695994416 3.10663169622421 0.246530953794718 0.0962995290756226
0.451971945990459 3.10663169622421 0.291356384754181 0.116158366203308
0.496721712052834 3.12219077348709 0.291356384754181 0.127415060997009
0.54590215479858 3.56563341617584 0.337110459804535 0.138851441442966
0.599951955758347 3.56563341617584 0.382307231426239 0.151689767837524
0.659353230344131 3.56563341617584 0.426858998835087 0.174664713442326
0.724635828240139 3.56563341617584 0.429591421037912 0.19567646831274
0.796382059575582 3.56563341617584 0.498310565948486 0.212643593549728
0.875231889036086 3.84656143188477 0.527851581573486 0.241511337459087
0.961888644244345 3.84656143188477 0.635871827602386 0.267677955329418
1.05712528932784 3.84656143188477 0.667683124542236 0.28088116645813
1.16179131963283 3.84656143188477 0.745963633060455 0.331471979618073
1.27682033908432 3.98659324645996 0.807617962360382 0.353889189660549
1.4032383877809 4.04104137420654 0.93072521686554 0.394982289522886
1.54217309410505 4.04104995727539 1.00348508358002 0.439972780644894
1.69486373298454 4.17070913314819 1.12234169244766 0.48300376534462
1.86438038854372 4.17070913314819 1.25022882223129 0.527643591165543
2.0489727885339 4.17070913314819 1.32433664798737 0.590175628662109
2.25184169172242 4.17070913314819 1.4670649766922 0.637866601347923
2.4747966556489 4.17070913314819 1.6360934600234 0.712855361402035
2.7198264022398 4.17070913314819 1.79136723279953 0.771399050951004
2.98911655688376 4.19232761859894 2.01756250858307 0.864907532930374
3.28506914385371 4.19232761859894 2.16898060590029 0.942432403564453
3.61032401197175 4.19232761859894 2.44816923141479 1.05665230751038
3.96778238163021 4.19232761859894 2.64877510070801 1.15844690799713
4.36063272320454 4.19232761859894 2.9056440051645 1.24348378181458
4.79237919768918 4.19232761859894 3.19377547502518 1.39248438924551
5.2668729132423 4.19232761859894 3.62446719966829 1.54407492280006
5.78834627644265 4.19232761859894 3.86255061626434 1.69377070665359
6.36145074466621 4.19232761859894 4.08423453569412 1.83895206451416
6.99129831632754 4.19232761859894 4.53182995319366 2.03144767135382
7.68350712907217 4.19232761859894 4.98347324132919 2.23062235116959
8.45199512379247 4.19232761859894 5.35953640937805 2.49276339262724
9.28882760400582 4.19232761859894 5.57874095439911 2.65426129102707
10.2085149119472 4.19232761859894 6.14742791652679 2.88525938987732
11.2192605084528 4.19232761859894 6.63369202613831 3.24046736955643
12.330080079446 4.19232761859894 6.69674754142761 3.57311335206032
13.5508819543863 4.19232761859894 6.71120858192444 3.86294364929199
14.8925554869521 4.19232761859894 6.71120858192444 4.12857073545456
16.3670681863003 4.19232761859894 6.71895480155945 4.38775503635406
17.9875724652967 4.19232761859894 6.73341584205627 4.79432141780853
19.7685229578944 4.19232761859894 6.73341584205627 5.49621188640594
21.7258054521118 4.19232761859894 6.73341584205627 6.2689425945282
23.8768785886714 4.19232761859894 6.73341584205627 6.81119804829359
26.2409295892292 4.19232761859894 6.73341584205627 7.69602859020233
28.8390454032626 4.19232761859894 6.73341584205627 8.47655427455902
31.6944008002223 4.19232761859894 6.73341584205627 9.43923598527908
34.8324650846968 4.19232761859894 6.73341584205627 9.94717621803284
38.3163339475004 4.19232761859894 6.73341584205627 10.2329380512238
42.1100361799719 4.19232761859894 6.73341584205627 10.2747505903244
46.2793530693252 4.19232761859894 6.73341584205627 10.9602077007294
50.8614742424258 4.19232761859894 6.73341584205627 11.2192887067795
55.8972714730444 4.19232761859894 6.73341584205627 11.2192887067795
61.4316632514152 4.19232761859894 6.73341584205627 11.2735245227814
67.5140154498445 4.19232761859894 6.73341584205627 12.2676229476929
74.1985816582434 4.19232761859894 6.73341584205627 15.5296530723572
81.5449871173038 4.19232761859894 6.73341584205627 18.3791309595108
89.6187605659235 4.19232761859894 6.73341584205627 21.002613902092
98.4919187468734 4.19232761859894 6.73341584205627 22.9420555830002
108.243608784401 4.19232761859894 7.39250946044922 23.4869116544724
118.960814163673 4.19232761859894 7.39250946044922 23.5411474704742
130.739130609284 4.19232761859894 7.39250946044922 23.5411474704742
143.683618783529 4.19232761859894 7.39250946044922 23.5411474704742
157.909741410383 4.19232761859894 7.39250946044922 23.5411474704742
173.703536936922 4.19232761859894 7.39250946044922 23.5411474704742
190.901933233621 4.19232761859894 7.39250946044922 23.5411474704742
209.803143649102 4.19232761859894 7.39250946044922 23.5411474704742
230.575763898515 4.19232761859894 7.73590135574341 23.5411474704742
253.405082367608 4.19232761859894 7.73590135574341 23.5411474704742
278.494732854913 4.19232761859894 7.73590135574341 23.5411474704742
306.068510952025 4.19232761859894 7.73590135574341 23.5411474704742
336.372370263797 4.19232761859894 7.73590135574341 23.5411474704742
369.676616274388 4.19232761859894 7.73590135574341 23.5411474704742
370.015617281199 4.19232761859894 7.73590135574341 23.5411474704742
