0.0387145280838013 0.586059033870697 0.00716322660446167 0.00266337394714355
0.0387500300966981 0.586059033870697 0.00716322660446167 0.00266337394714355
0.0425866726076336 0.586059033870697 0.00716322660446167 0.00266337394714355
0.0468031812946723 0.586059033870697 0.00716322660446167 0.00266337394714355
0.0514371667278207 0.586059033870697 0.00716322660446167 0.00266337394714355
0.0565299633015929 0.586059033870697 0.00716322660446167 0.00266337394714355
0.0621269979310704 0.586059033870697 0.00716322660446167 0.00266337394714355
0.068278195252578 0.586059033870697 0.00716322660446167 0.00266337394714355
0.0750384229432996 0.586059033870697 0.0156597793102264 0.00384905934333801
0.0824679811320132 0.586059033870697 0.0156597793102264 0.00384905934333801
0.0907162527069789 0.586059033870697 0.0156597793102264 0.00384905934333801
0.0996980736423392 0.586059033870697 0.0156597793102264 0.00384905934333801
0.109569185139287 0.586059033870697 0.0156597793102264 0.00384905934333801
0.120417635902936 0.586059033870697 0.0156597793102264 0.00384905934333801
0.132340192345309 0.586059033870697 0.0156597793102264 0.00384905934333801
0.145443201725957 0.586059033870697 0.0156597793102264 0.00384905934333801
0.159843540752169 0.967256665229797 0.0465245991945267 0.0257548689842224
0.175669658100152 0.967256665229797 0.0484664738178253 0.0335143208503723
0.193062720156276 0.967256665229797 0.0793018192052841 0.0401464700698853
0.212177870198225 1.85931992530823 0.086104691028595 0.0401464700698853
0.233185612247737 1.9137766957283 0.086104691028595 0.0548454821109772
0.25627333193868 1.9137766957283 0.0922682583332062 0.0610676109790802
0.281646967966354 2.74790793657303 0.139441415667534 0.06720370054245
0.309532849027073 2.74790793657303 0.150062441825867 0.0744180381298065
0.340179712633237 2.74790793657303 0.174305737018585 0.0828385949134827
0.373860923811385 2.74790793657303 0.202376216650009 0.0928180813789368
0.411253695994416 3.10663169622421 0.239099912345409 0.102497756481171
0.451971945990459 3.10663169622421 0.284021109342575 0.11248967051506
0.496721712052834 3.12219077348709 0.284021109342575 0.130814850330353
0.54590215479858 3.56563341617584 0.328962057828903 0.146190762519836
0.599951955758347 3.56563341617584 0.370431333780289 0.156900703907013
0.659353230344131 3.56563341617584 0.418809227645397 0.174204841256142
0.724635828240139 3.56563341617584 0.418809227645397 0.182588160037994
0.796382059575582 3.56563341617584 0.486149817705154 0.211127758026123
0.875231889036086 3.84656143188477 0.509976595640182 0.231498420238495
0.961888644244345 3.84656143188477 0.617212057113647 0.267054796218872
1.05712528932784 3.84656143188477 0.642046913504601 0.28577709197998
1.16179131963283 3.84656143188477 0.730986595153809 0.318142533302307
1.27682033908432 3.98659324645996 0.789037346839905 0.363579392433167
1.4032383877809 4.04104137420654 0.90639939904213 0.397216141223907
1.54217309410505 4.04104995727539 0.980478316545486 0.425604343414307
1.69486373298454 4.17070913314819 1.10039389133453 0.453626334667206
1.86438038854372 4.17070913314819 1.22084456682205 0.494102954864502
2.0489727885339 4.17070913314819 1.29115477204323 0.548183292150497
2.25184169172242 4.17070913314819 1.42485046386719 0.614211976528168
2.4747966556489 4.17070913314819 1.59945645928383 0.650380820035934
2.7198264022398 4.17070913314819 1.75472932308912 0.718177706003189
2.98911655688376 4.19232761859894 1.9744298607111 0.779158711433411
3.28506914385371 4.19232761859894 2.12188472598791 0.835677862167358
3.61032401197175 4.19232761859894 2.39838546514511 0.916772782802582
3.96778238163021 4.19232761859894 2.57519888877869 1.00450044870377
4.36063272320454 4.19232761859894 2.83783205598593 1.13518837094307
4.79237919768918 4.19232761859894 3.10883668065071 1.19142866134644
5.2668729132423 4.19232761859894 3.54496296495199 1.30920308828354
5.78834627644265 4.19232761859894 3.76310849189758 1.4668300151825
6.36145074466621 4.19232761859894 4.00728842616081 1.55586355924606
6.99129831632754 4.19232761859894 4.4250346571207 1.69372940063477
7.68350712907217 4.19232761859894 4.87765401601791 2.01579308509827
8.45199512379247 4.19232761859894 5.24410086870193 2.01579308509827
9.28882760400582 4.19232761859894 5.44662952423096 2.14726680517197
10.2085149119472 4.19232761859894 5.98798739910126 2.31978783011436
11.2192605084528 4.19232761859894 6.4484429359436 2.54856604337692
12.330080079446 4.19232761859894 6.53230762481689 2.92142015695572
13.5508819543863 4.19232761859894 6.55848360061646 3.48696398735046
14.8925554869521 4.19232761859894 6.57934665679932 3.48696398735046
16.3670681863003 4.19232761859894 6.57934665679932 3.57239699363708
17.9875724652967 4.19232761859894 6.58909797668457 3.95461535453796
19.7685229578944 4.19232761859894 6.58909797668457 3.95461535453796
21.7258054521118 4.19232761859894 6.58909797668457 4.09862947463989
23.8768785886714 4.19232761859894 6.58909797668457 4.33167219161987
26.2409295892292 4.19232761859894 6.58909797668457 4.64761424064636
28.8390454032626 4.19232761859894 6.58909797668457 5.09273263812065
31.6944008002223 4.19232761859894 6.58909797668457 5.58488982915878
34.8324650846968 4.19232761859894 6.58909797668457 6.15817832946777
38.3163339475004 4.19232761859894 6.58909797668457 6.63109803199768
42.1100361799719 4.19232761859894 6.58909797668457 7.04942107200623
46.2793530693252 4.19232761859894 6.58909797668457 7.47340250015259
50.8614742424258 4.19232761859894 6.58909797668457 7.95783257484436
55.8972714730444 4.19232761859894 6.58909797668457 8.01362872123718
61.4316632514152 4.19232761859894 6.58909797668457 8.58562207221985
67.5140154498445 4.19232761859894 6.58909797668457 8.58562207221985
74.1985816582434 4.19232761859894 6.58909797668457 10.0099973678589
81.5449871173038 4.19232761859894 6.58909797668457 11.19553399086
89.6187605659235 4.19232761859894 6.58909797668457 11.286950647831
98.4919187468734 4.19232761859894 6.58909797668457 12.1587074398994
108.243608784401 4.19232761859894 7.51841068267822 13.4986190795898
118.960814163673 4.19232761859894 7.51841068267822 14.8099262714386
130.739130609284 4.19232761859894 7.51841068267822 14.8099262714386
143.683618783529 4.19232761859894 7.51841068267822 17.7021641731262
157.909741410383 4.19232761859894 7.51841068267822 17.7021641731262
173.703536936922 4.19232761859894 7.51841068267822 17.7021641731262
190.901933233621 4.19232761859894 7.51841068267822 17.7021641731262
209.803143649102 4.19232761859894 7.51841068267822 17.7021641731262
230.575763898515 4.19232761859894 7.51841068267822 17.7021641731262
253.405082367608 4.19232761859894 7.51841068267822 17.7021641731262
278.494732854913 4.19232761859894 7.51841068267822 17.7021641731262
306.068510952025 4.19232761859894 7.51841068267822 17.7021641731262
336.372370263797 4.19232761859894 7.51841068267822 17.7021641731262
369.676616274388 4.19232761859894 7.51841068267822 17.7021641731262
370.015617281199 4.19232761859894 7.51841068267822 17.7021641731262
