0.0194894644874591 0.586059033870697 0.00994831323623657 0.00361868739128113
0.0195076157341004 0.586059033870697 0.00994831323623657 0.00361868739128113
0.0214706726399789 0.586059033870697 0.00994831323623657 0.00361868739128113
0.0236312725192399 0.586059033870697 0.00994831323623657 0.00361868739128113
0.0260092941773403 0.586059033870697 0.00994831323623657 0.00361868739128113
0.02862661682957 0.586059033870697 0.00994831323623657 0.00361868739128113
0.0315073214028609 0.586059033870697 0.0189678072929382 0.00361868739128113
0.0346779120946542 0.586059033870697 0.0189678072929382 0.00361868739128113
0.0381675602272991 0.586059033870697 0.0189678072929382 0.00361868739128113
0.0420083726415892 0.586059033870697 0.0189678072929382 0.00361868739128113
0.0462787480746938 0.586059033870697 0.0329979062080383 0.00917317718267441
0.0509357916233132 0.586059033870697 0.0329979062080383 0.00917317718267441
0.056061474785492 0.586059033870697 0.0329979062080383 0.00917317718267441
0.0617029568985016 0.586059033870697 0.0329979062080383 0.00917317718267441
0.0679121429571029 0.651752918958664 0.0329979062080383 0.028777539730072
0.0747461611704054 0.768446087837219 0.0427373200654984 0.0354213267564774
0.0822678885754094 0.967256665229797 0.0441954135894775 0.0354213267564774
0.0905465295431877 1.00701880455017 0.0482681095600128 0.0430046916007996
0.0996582525003081 1.9137766957283 0.0655192732810974 0.0430188775062561
0.109686890723714 2.30101633071899 0.0997236967086792 0.0584829822182655
0.120724713656792 2.30101633071899 0.0997236967086792 0.0646575689315796
0.132873275843195 2.74790793657303 0.108606696128845 0.0668658018112183
0.146244351289115 2.74790793657303 0.139937341213226 0.0731856971979141
0.160960961850701 2.74790793657303 0.167733237147331 0.0955025553703308
0.177158509108387 2.74790793657303 0.177624523639679 0.106873750686646
0.194986020142061 2.80583125352859 0.208326816558838 0.11064401268959
0.214807390451206 3.0089550614357 0.227345943450928 0.128733456134796
0.23642351909587 3.39448344707489 0.255214395001531 0.146028757095337
0.260214884898814 3.51117664575577 0.284348830580711 0.165755406022072
0.286400382592417 3.51117664575577 0.299768520519137 0.179315388202667
0.315220934348083 3.7056565284729 0.348981350660324 0.200445547699928
0.346941706403675 3.7056565284729 0.376929149031639 0.222497642040253
0.381854548750803 3.7056565284729 0.433124780654907 0.247361689805984
0.420280680328535 3.70566511154175 0.462388053536415 0.276636064052582
0.462573644428912 3.84656143188477 0.504221754148602 0.299773067235947
0.509122561505755 3.93300080299377 0.572064861655235 0.334769144654274
0.560355709314554 3.93300080299377 0.63180585205555 0.366111055016518
0.616744463322841 4.19232761859894 0.682650730013847 0.402056008577347
0.678807633645181 4.19232761859894 0.76718382537365 0.450635820627213
0.74711623840516 4.19232761859894 0.859035298228264 0.4830711632967
0.822298757442146 4.19232761859894 0.942263141274452 0.533205434679985
0.90504691470005 4.19232761859894 1.03227709233761 0.588679492473602
0.997049767162749 4.19232761859894 1.1408998966217 0.644396305084229
1.0973831681079 4.19232761859894 1.27354636788368 0.693288341164589
1.207813147656 4.19232761859894 1.38980309665203 0.764405563473701
1.32935572737641 4.19232761859894 1.51732689142227 0.866619631648064
1.46312917137724 4.19232761859894 1.68809133768082 0.914930760860443
1.61036427500108 4.19232761859894 1.84169302880764 1.02060508728027
1.77241568887504 4.19232761859894 1.99601268768311 1.15504586696625
1.95077438250316 4.19232761859894 2.20507776737213 1.22466766834259
2.14708136207369 4.19232761859894 2.40680181980133 1.39791983366013
2.36314276869316 4.19232761859894 2.64515280723572 1.45069658756256
2.60094649596008 4.19232761859894 2.85394561290741 1.5059849023819
2.86268047976978 4.19232761859894 3.11184394359589 1.59271478652954
3.15075282862747 4.19232761859894 3.37261736392975 1.86445321142673
3.46781397968047 4.19232761859894 3.62252604961395 2.01822032034397
3.81678108431816 4.19232761859894 3.90284073352814 2.03983175754547
4.2008648477019 4.19232761859894 4.31468772888184 2.52112448215485
4.62790519502682 4.19232761859894 4.65042555332184 2.52112448215485
5.09361260779729 4.19232761859894 4.91129994392395 2.84193217754364
5.6061842896419 4.19232761859894 5.22630572319031 2.85291373729706
6.17033620525356 4.19232761859894 5.59820067882538 3.0891318321228
6.79125888819023 4.19232761859894 6.23900711536407 3.49498212337494
7.47466519687438 4.19232761859894 6.73502993583679 3.85693824291229
8.22684287629239 4.19232761859894 6.74554419517517 3.97491252422333
9.05471240899251 4.19232761859894 6.86546969413757 4.52078485488892
9.96589068764523 4.19232761859894 6.86546969413757 4.76669681072235
10.9687610949915 4.19232761859894 6.86546969413757 5.18689811229706
12.072550635956 4.19232761859894 6.86546969413757 5.69926404953003
13.2874148315868 4.19232761859894 6.86546969413757 6.15848779678345
14.6245311558961 4.19232761859894 6.86546969413757 6.53654766082764
16.0962018752773 4.19232761859894 6.86546969413757 6.98598909378052
17.7159672366814 4.19232761859894 7.42230808734894 7.43184638023376
19.4987300459514 4.19232761859894 7.42230808734894 7.43184638023376
21.4808800919766 4.19232761859894 7.42230808734894 9.03497815132141
23.6425071500281 4.19232761859894 7.42230808734894 9.15573287010193
26.0216593522121 4.19232761859894 7.42230808734894 10.1884229183197
28.6402263154973 4.19232761859894 7.42230808734894 10.2569253444672
31.5223004152183 4.19232761859894 7.42230808734894 11.4103701114655
34.6943984492749 4.19232761859894 7.42230808734894 12.5927015542984
38.1857056084627 4.19232761859894 7.42230808734894 15.4341344833374
42.0283439976073 4.19232761859894 7.42230808734894 18.1907110214233
46.2576681780564 4.19232761859894 7.42230808734894 19.4126582145691
50.9125904506965 4.19232761859894 7.42230808734894 19.4126582145691
56.0359388722924 4.19232761859894 7.42230808734894 19.4126582145691
61.674851299112 4.19232761859894 8.01805472373962 20.3430767059326
67.8812090832727 4.19232761859894 8.01805472373962 24.3817555904388
74.7121144120754 4.19232761859894 8.01805472373962 25.2133971452713
82.2304156821292 4.19232761859894 8.01805472373962 34.638680934906
90.5052857420251 4.19232761859894 8.01805472373962 34.638680934906
99.7056313992196 4.19232761859894 8.01805472373962 39.7557349205017
109.739037374665 4.19232761859894 8.01805472373962 39.7557349205017
120.782107840023 4.19232761859894 8.01805472373962 39.7557349205017
132.936445619368 4.19232761859894 8.56317591667175 39.7557349205017
146.313877857786 4.19232761859894 8.56317591667175 39.7557349205017
161.037484897703 4.19232761859894 8.56317591667175 54.8560199737549
177.242732691319 4.19232761859894 8.56317591667175 54.8560199737549
195.078719168039 4.19232761859894 8.56317591667175 74.268678188324
214.709546024206 4.19232761859894 8.72584986686707 74.268678188324
214.909512828253 4.19232761859894 8.72584986686707 74.268678188324
