0.0387145280838013 0.586059033870697 0.00665271282196045 0.00651700794696808
0.0387500300966981 0.586059033870697 0.00665271282196045 0.00651700794696808
0.0425866726076336 0.586059033870697 0.00665271282196045 0.00651700794696808
0.0468031812946723 0.586059033870697 0.00665271282196045 0.00651700794696808
0.0514371667278207 0.586059033870697 0.00665271282196045 0.00651700794696808
0.0565299633015929 0.586059033870697 0.00665271282196045 0.00651700794696808
0.0621269979310704 0.586059033870697 0.00665271282196045 0.00651700794696808
0.068278195252578 0.586059033870697 0.00665271282196045 0.00651700794696808
0.0750384229432996 0.586059033870697 0.0150033831596375 0.0100697129964828
0.0824679811320132 0.586059033870697 0.0150033831596375 0.0100697129964828
0.0907162527069789 0.586059033870697 0.0290686786174774 0.0100697129964828
0.0996980736423392 0.586059033870697 0.0290686786174774 0.0100697129964828
0.109569185139287 0.586059033870697 0.0290686786174774 0.0100697129964828
0.120417635902936 0.586059033870697 0.0290686786174774 0.0100697129964828
0.132340192345309 0.586059033870697 0.0290686786174774 0.0100697129964828
0.145443201725957 0.99837489426136 0.069086492061615 0.0201445370912552
0.159843540752169 0.99837489426136 0.069086492061615 0.0274856612086296
0.175669658100152 0.99837489426136 0.069086492061615 0.0274856612086296
0.193062720156276 0.99837489426136 0.0764546096324921 0.0274856612086296
0.212177870198225 2.30101633071899 0.100200653076172 0.0437166318297386
0.233185612247737 2.30101633071899 0.100200653076172 0.0599260330200195
0.25627333193868 2.30101633071899 0.117061972618103 0.0599260330200195
0.281646967966354 2.74790793657303 0.136671364307404 0.0599260330200195
0.309532849027073 2.74790793657303 0.146124362945557 0.0781043171882629
0.340179712633237 2.74790793657303 0.181017994880676 0.0883417949080467
0.373860923811385 2.74790793657303 0.198875367641449 0.0931817591190338
0.411253695994416 3.10663169622421 0.232285372912884 0.0983900129795074
0.451971945990459 3.13343650102615 0.27673864364624 0.114012971520424
0.496721712052834 3.13343650102615 0.30622024089098 0.136806160211563
0.54590215479858 3.56563341617584 0.321687430143356 0.146207958459854
0.599951955758347 3.7056565284729 0.3679119348526 0.160400331020355
0.659353230344131 3.7056565284729 0.408924095332623 0.181758895516396
0.724635828240139 3.7056565284729 0.442138619720936 0.207457706332207
0.796382059575582 3.7056565284729 0.473624408245087 0.221838057041168
0.875231889036086 3.84656143188477 0.56220155954361 0.240977846086025
0.961888644244345 3.84656143188477 0.611890077590942 0.268092140555382
1.05712528932784 3.93300080299377 0.665867932140827 0.297353312373161
1.16179131963283 3.93300080299377 0.717939049005508 0.326854631304741
1.27682033908432 4.04104995727539 0.790010869503021 0.361707761883736
1.4032383877809 4.04104995727539 0.893448352813721 0.391972944140434
1.54217309410505 4.19232761859894 0.964480340480804 0.451774924993515
1.69486373298454 4.19232761859894 1.07512658834457 0.47613425552845
1.86438038854372 4.19232761859894 1.20153212547302 0.534163773059845
2.0489727885339 4.19232761859894 1.29232543706894 0.59302119910717
2.25184169172242 4.19232761859894 1.44959038496017 0.627549216151237
2.4747966556489 4.19232761859894 1.56949480623007 0.708416938781738
2.7198264022398 4.19232761859894 1.75009381771088 0.786106333136559
2.98911655688376 4.19232761859894 1.95581662654877 0.87658679485321
3.28506914385371 4.19232761859894 2.08798413723707 0.953754439949989
3.61032401197175 4.19232761859894 2.35147750377655 1.07533678412437
3.96778238163021 4.19232761859894 2.54815053939819 1.14722031354904
4.36063272320454 4.19232761859894 2.77464538067579 1.26697736978531
4.79237919768918 4.19232761859894 3.11944311857224 1.42183138430119
5.2668729132423 4.19232761859894 3.46737461537123 1.57643923163414
5.78834627644265 4.19232761859894 3.72831434011459 1.69094204902649
6.36145074466621 4.19232761859894 3.93262100219727 1.83530259132385
6.99129831632754 4.19232761859894 4.36035525798798 2.07165497541428
7.68350712907217 4.19232761859894 4.82467412948608 2.27508094906807
8.45199512379247 4.19232761859894 5.35687828063965 2.51296389102936
9.28882760400582 4.19232761859894 5.69582438468933 2.73294136673212
10.2085149119472 4.19232761859894 6.01581645011902 2.97683426737785
11.2192605084528 4.19232761859894 6.51646542549133 3.28756724298
12.330080079446 4.19232761859894 6.58451819419861 3.62577700614929
13.5508819543863 4.19232761859894 6.61407351493835 4.02554106712341
14.8925554869521 4.19232761859894 6.62777209281921 4.2787254601717
16.3670681863003 4.19232761859894 6.62777209281921 4.51708103716373
17.9875724652967 4.19232761859894 6.62777209281921 4.81851887702942
19.7685229578944 4.19232761859894 6.62777209281921 5.52021646499634
21.7258054521118 4.19232761859894 6.62777209281921 6.2531236410141
23.8768785886714 4.19232761859894 6.62777209281921 6.96183902025223
26.2409295892292 4.19232761859894 6.62777209281921 7.72354654967785
28.8390454032626 4.19232761859894 6.62777209281921 8.35031700134277
31.6944008002223 4.19232761859894 6.62777209281921 9.3590445369482
34.8324650846968 4.19232761859894 6.62777209281921 9.76514583826065
38.3163339475004 4.19232761859894 6.62777209281921 10.2474799752235
42.1100361799719 4.19232761859894 6.62777209281921 11.1297385692596
46.2793530693252 4.19232761859894 6.62777209281921 11.1297385692596
50.8614742424258 4.19232761859894 6.62777209281921 11.1297385692596
55.8972714730444 4.19232761859894 6.62777209281921 11.1297385692596
61.4316632514152 4.19232761859894 6.62777209281921 11.1297385692596
67.5140154498445 4.19232761859894 6.62777209281921 14.4064855575562
74.1985816582434 4.19232761859894 6.62777209281921 16.0155534744263
81.5449871173038 4.19232761859894 6.62777209281921 16.0155534744263
89.6187605659235 4.19232761859894 6.62777209281921 19.6435351371765
98.4919187468734 4.19232761859894 6.62777209281921 22.4061068296432
108.243608784401 4.19232761859894 7.62765336036682 24.2923693656921
118.960814163673 4.19232761859894 7.62765336036682 25.7732048034668
130.739130609284 4.19232761859894 7.62765336036682 30.4220390319824
143.683618783529 4.19232761859894 7.62765336036682 30.4220390319824
157.909741410383 4.19232761859894 7.62765336036682 30.4220390319824
173.703536936922 4.19232761859894 7.62765336036682 37.2617616653442
190.901933233621 4.19232761859894 7.62765336036682 37.2617616653442
209.803143649102 4.19232761859894 7.82796192169189 48.2484264373779
230.575763898515 4.19232761859894 7.82796192169189 53.2773151397705
253.405082367608 4.19232761859894 7.82796192169189 53.2773151397705
278.494732854913 4.19232761859894 7.82796192169189 53.2773151397705
306.068510952025 4.19232761859894 7.82796192169189 53.2773151397705
336.372370263797 4.19232761859894 7.82796192169189 53.2773151397705
369.676616274388 4.19232761859894 7.82796192169189 53.2773151397705
370.015617281199 4.19232761859894 7.82796192169189 53.2773151397705
