0.0194894644874591 0.586059033870697 0.0066831111907959 0.00349724292755127
0.0195076157341004 0.586059033870697 0.0066831111907959 0.00349724292755127
0.0214706726399789 0.586059033870697 0.0066831111907959 0.00349724292755127
0.0236312725192399 0.586059033870697 0.0066831111907959 0.00349724292755127
0.0260092941773403 0.586059033870697 0.0066831111907959 0.00349724292755127
0.02862661682957 0.586059033870697 0.0066831111907959 0.00349724292755127
0.0315073214028609 0.586059033870697 0.014998197555542 0.00490538775920868
0.0346779120946542 0.586059033870697 0.014998197555542 0.00490538775920868
0.0381675602272991 0.586059033870697 0.014998197555542 0.00490538775920868
0.0420083726415892 0.586059033870697 0.014998197555542 0.00490538775920868
0.0462787480746938 0.586059033870697 0.0292461812496185 0.00823879241943359
0.0509357916233132 0.586059033870697 0.0292461812496185 0.00823879241943359
0.056061474785492 0.586059033870697 0.0292461812496185 0.00823879241943359
0.0617029568985016 0.586059033870697 0.0292461812496185 0.00823879241943359
0.0679121429571029 0.651752918958664 0.0292461812496185 0.0106239765882492
0.0747461611704054 0.768446087837219 0.0530721098184586 0.0236487612128258
0.0822678885754094 0.967256665229797 0.0530721098184586 0.0236487612128258
0.0905465295431877 1.00701880455017 0.0530721098184586 0.0236487612128258
0.0996582525003081 1.9137766957283 0.0711024403572083 0.0242558717727661
0.109686890723714 2.30101633071899 0.0964778661727905 0.0271290391683578
0.120724713656792 2.30101633071899 0.0987865924835205 0.0330228805541992
0.132873275843195 2.74790793657303 0.102050594985485 0.0371111184358597
0.146244351289115 2.74790793657303 0.137186296284199 0.0432149767875671
0.160960961850701 2.74790793657303 0.162497863173485 0.0523571372032166
0.177158509108387 2.74790793657303 0.170173116028309 0.0602894872426987
0.194986020142061 2.80583125352859 0.217085599899292 0.0658143758773804
0.214807390451206 3.0089550614357 0.226865597069263 0.0767486095428467
0.23642351909587 3.39448344707489 0.237663134932518 0.0868750810623169
0.260214884898814 3.51117664575577 0.285501167178154 0.0923351943492889
0.286400382592417 3.51117664575577 0.291415207087994 0.104207307100296
0.315220934348083 3.7056565284729 0.34394596517086 0.119405850768089
0.346941706403675 3.7056565284729 0.36940710991621 0.136052012443542
0.381854548750803 3.7056565284729 0.422873556613922 0.139678955078125
0.420280680328535 3.70566511154175 0.462189190089703 0.158935070037842
0.462573644428912 3.84656143188477 0.51031382381916 0.17143739759922
0.509122561505755 3.93300080299377 0.561464078724384 0.189818635582924
0.560355709314554 3.93300080299377 0.627434246242046 0.214859500527382
0.616744463322841 4.19232761859894 0.698438808321953 0.232074484229088
0.678807633645181 4.19232761859894 0.767578981816769 0.254731476306915
0.74711623840516 4.19232761859894 0.84791374206543 0.290762320160866
0.822298757442146 4.19232761859894 0.940589725971222 0.321089699864388
0.90504691470005 4.19232761859894 1.0319167971611 0.342702269554138
0.997049767162749 4.19232761859894 1.1384332254529 0.382897585630417
1.0973831681079 4.19232761859894 1.25537875294685 0.42241957038641
1.207813147656 4.19232761859894 1.36904519796371 0.457464873790741
1.32935572737641 4.19232761859894 1.53573751449585 0.520270898938179
1.46312917137724 4.19232761859894 1.66803664714098 0.565375566482544
1.61036427500108 4.19232761859894 1.80764050781727 0.624447107315063
1.77241568887504 4.19232761859894 2.01979863643646 0.685891032218933
1.95077438250316 4.19232761859894 2.22830826044083 0.742455363273621
2.14708136207369 4.19232761859894 2.42449051141739 0.819302394986153
2.36314276869316 4.19232761859894 2.67940026521683 0.891677640378475
2.60094649596008 4.19232761859894 2.84235215187073 0.984236836433411
2.86268047976978 4.19232761859894 3.11390316486359 1.07244843244553
3.15075282862747 4.19232761859894 3.38722968101501 1.16237623989582
3.46781397968047 4.19232761859894 3.64987647533417 1.23641461133957
3.81678108431816 4.19232761859894 3.94375813007355 1.34709423780441
4.2008648477019 4.19232761859894 4.39624691009521 1.51637351512909
4.62790519502682 4.19232761859894 4.557701587677 1.69193226099014
5.09361260779729 4.19232761859894 4.88245153427124 1.80711144208908
5.6061842896419 4.19232761859894 5.27427816390991 1.97155123949051
6.17033620525356 4.19232761859894 5.64118003845215 2.16872078180313
6.79125888819023 4.19232761859894 6.17792844772339 2.35338711738586
7.47466519687438 4.19232761859894 6.66720151901245 2.37671327590942
8.22684287629239 4.19232761859894 6.67418360710144 2.393031001091
9.05471240899251 4.19232761859894 6.67418360710144 2.49313807487488
9.96589068764523 4.19232761859894 6.67418360710144 2.5289945602417
10.9687610949915 4.19232761859894 6.67418360710144 2.61618304252625
12.072550635956 4.19232761859894 6.67418360710144 2.85375881195068
13.2874148315868 4.19232761859894 6.67418360710144 3.0145965218544
14.6245311558961 4.19232761859894 6.67418360710144 3.33307719230652
16.0962018752773 4.19232761859894 6.67418360710144 3.4594212770462
17.7159672366814 4.19232761859894 6.67418360710144 3.68921530246735
19.4987300459514 4.19232761859894 6.67418360710144 3.84042823314667
21.4808800919766 4.19232761859894 6.67418360710144 4.16084098815918
23.6425071500281 4.19232761859894 6.67418360710144 4.51697909832001
26.0216593522121 4.19232761859894 6.67418360710144 4.93775916099548
28.6402263154973 4.19232761859894 6.67418360710144 4.93775916099548
31.5223004152183 4.19232761859894 6.67418360710144 4.93775916099548
34.6943984492749 4.19232761859894 6.67418360710144 5.34345602989197
38.1857056084627 4.19232761859894 6.67418360710144 6.17121982574463
42.0283439976073 4.19232761859894 6.67418360710144 6.47553491592407
46.2576681780564 4.19232761859894 6.67418360710144 6.68029594421387
50.9125904506965 4.19232761859894 6.67418360710144 7.70899558067322
56.0359388722924 4.19232761859894 6.67418360710144 7.70899558067322
61.674851299112 4.19232761859894 6.67418360710144 7.78622460365295
67.8812090832727 4.19232761859894 6.67418360710144 8.59375548362732
74.7121144120754 4.19232761859894 6.67418360710144 9.54032100737095
82.2304156821292 4.19232761859894 6.67418360710144 10.426786839962
90.5052857420251 4.19232761859894 6.67418360710144 12.9403069019318
99.7056313992196 4.19232761859894 7.5555157661438 12.9403069019318
109.739037374665 4.19232761859894 7.5555157661438 12.9403069019318
120.782107840023 4.19232761859894 7.5555157661438 15.3057403564453
132.936445619368 4.19232761859894 7.5555157661438 15.5878968238831
146.313877857786 4.19232761859894 7.5555157661438 15.5878968238831
161.037484897703 4.19232761859894 7.5555157661438 15.5878968238831
177.242732691319 4.19232761859894 7.5555157661438 15.5878968238831
195.078719168039 4.19232761859894 7.6047990322113 15.8536765575409
214.709546024206 4.19232761859894 7.6047990322113 22.622763633728
214.909512828253 4.19232761859894 7.6047990322113 22.622763633728
