0.0387145280838013 0.586059033870697 0.00994831323623657 0.00361868739128113
0.0387500300966981 0.586059033870697 0.00994831323623657 0.00361868739128113
0.0425866726076336 0.586059033870697 0.00994831323623657 0.00361868739128113
0.0468031812946723 0.586059033870697 0.00994831323623657 0.00361868739128113
0.0514371667278207 0.586059033870697 0.00994831323623657 0.00361868739128113
0.0565299633015929 0.586059033870697 0.00994831323623657 0.00361868739128113
0.0621269979310704 0.586059033870697 0.00994831323623657 0.00361868739128113
0.068278195252578 0.586059033870697 0.00994831323623657 0.00361868739128113
0.0750384229432996 0.586059033870697 0.0189678072929382 0.00361868739128113
0.0824679811320132 0.586059033870697 0.0189678072929382 0.00361868739128113
0.0907162527069789 0.586059033870697 0.0329979062080383 0.00917317718267441
0.0996980736423392 0.586059033870697 0.0329979062080383 0.00917317718267441
0.109569185139287 0.586059033870697 0.0329979062080383 0.00917317718267441
0.120417635902936 0.586059033870697 0.0329979062080383 0.00917317718267441
0.132340192345309 0.586059033870697 0.0329979062080383 0.00917317718267441
0.145443201725957 0.99837489426136 0.0655192732810974 0.028777539730072
0.159843540752169 0.99837489426136 0.0655192732810974 0.0354213267564774
0.175669658100152 0.99837489426136 0.0655192732810974 0.0354213267564774
0.193062720156276 0.99837489426136 0.0881573408842087 0.0430188775062561
0.212177870198225 2.30101633071899 0.112534940242767 0.0551155805587769
0.233185612247737 2.30101633071899 0.112534940242767 0.0646575689315796
0.25627333193868 2.30101633071899 0.126621663570404 0.0684652924537659
0.281646967966354 2.74790793657303 0.149761781096458 0.0833514928817749
0.309532849027073 2.74790793657303 0.162738800048828 0.0833514928817749
0.340179712633237 2.74790793657303 0.189334809780121 0.0947890281677246
0.373860923811385 2.74790793657303 0.212151139974594 0.117876887321472
0.411253695994416 3.10663169622421 0.260117636993527 0.128385379910469
0.451971945990459 3.13343650102615 0.305313736200333 0.13424426317215
0.496721712052834 3.13343650102615 0.317823529243469 0.150980934500694
0.54590215479858 3.56563341617584 0.351321250200272 0.17376321554184
0.599951955758347 3.7056565284729 0.392237573862076 0.186142683029175
0.659353230344131 3.7056565284729 0.444405302405357 0.201860427856445
0.724635828240139 3.7056565284729 0.487573698163033 0.223967850208282
0.796382059575582 3.7056565284729 0.523130506277084 0.246485590934753
0.875231889036086 3.84656143188477 0.602365463972092 0.265734359622002
0.961888644244345 3.84656143188477 0.653535097837448 0.293198943138123
1.05712528932784 3.93300080299377 0.713324710726738 0.325363919138908
1.16179131963283 3.93300080299377 0.788708105683327 0.361492767930031
1.27682033908432 4.04104995727539 0.850303813815117 0.396800398826599
1.4032383877809 4.04104995727539 0.961573392152786 0.430565074086189
1.54217309410505 4.19232761859894 1.03768387436867 0.47192819416523
1.69486373298454 4.19232761859894 1.16820472478867 0.525985807180405
1.86438038854372 4.19232761859894 1.29240942001343 0.564976036548615
2.0489727885339 4.19232761859894 1.40251657366753 0.610069453716278
2.25184169172242 4.19232761859894 1.5737589597702 0.692897260189056
2.4747966556489 4.19232761859894 1.70488832890987 0.782972559332848
2.7198264022398 4.19232761859894 1.89513564109802 0.8492311835289
2.98911655688376 4.19232761859894 2.10469926893711 0.901051223278046
3.28506914385371 4.19232761859894 2.24061454832554 1.06746329367161
3.61032401197175 4.19232761859894 2.53765860199928 1.13053591549397
3.96778238163021 4.19232761859894 2.72602462768555 1.22915837913752
4.36063272320454 4.19232761859894 3.02824355661869 1.34966599941254
4.79237919768918 4.19232761859894 3.37486279010773 1.44784790277481
5.2668729132423 4.19232761859894 3.77230669558048 1.54542595148087
5.78834627644265 4.19232761859894 3.96363520622253 1.67671287059784
6.36145074466621 4.19232761859894 4.22470000386238 1.92411482334137
6.99129831632754 4.19232761859894 4.67676983773708 2.08995348215103
7.68350712907217 4.19232761859894 5.11007183790207 2.28351449966431
8.45199512379247 4.19232761859894 5.64318299293518 2.45754677057266
9.28882760400582 4.19232761859894 5.89136731624603 2.92224955558777
10.2085149119472 4.19232761859894 6.19463789463043 3.17788600921631
11.2192605084528 4.19232761859894 6.63899493217468 3.401083111763
12.330080079446 4.19232761859894 6.71447110176086 4.04915034770966
13.5508819543863 4.19232761859894 6.73827624320984 4.38053095340729
14.8925554869521 4.19232761859894 6.74554419517517 4.75449752807617
16.3670681863003 4.19232761859894 6.86546969413757 4.93195939064026
17.9875724652967 4.19232761859894 6.86546969413757 5.42505502700806
19.7685229578944 4.19232761859894 6.86546969413757 5.94068026542664
21.7258054521118 4.19232761859894 6.86546969413757 6.34121680259705
23.8768785886714 4.19232761859894 7.42230808734894 6.67883086204529
26.2409295892292 4.19232761859894 7.42230808734894 6.98598909378052
28.8390454032626 4.19232761859894 7.42230808734894 7.48013424873352
31.6944008002223 4.19232761859894 7.42230808734894 8.00287333130836
34.8324650846968 4.19232761859894 7.42230808734894 9.03497815132141
38.3163339475004 4.19232761859894 7.42230808734894 10.2569253444672
42.1100361799719 4.19232761859894 7.42230808734894 13.2302807569504
46.2793530693252 4.19232761859894 7.42230808734894 14.0165393352509
50.8614742424258 4.19232761859894 7.42230808734894 15.4341344833374
55.8972714730444 4.19232761859894 7.42230808734894 15.4341344833374
61.4316632514152 4.19232761859894 7.42230808734894 15.4341344833374
67.5140154498445 4.19232761859894 7.42230808734894 20.3430767059326
74.1985816582434 4.19232761859894 7.42230808734894 24.3817555904388
81.5449871173038 4.19232761859894 7.42230808734894 25.2133971452713
89.6187605659235 4.19232761859894 8.01805472373962 29.7648584842682
98.4919187468734 4.19232761859894 8.01805472373962 33.2318638563156
108.243608784401 4.19232761859894 8.01805472373962 34.8819124698639
118.960814163673 4.19232761859894 8.01805472373962 35.77721118927
130.739130609284 4.19232761859894 8.01805472373962 39.7557349205017
143.683618783529 4.19232761859894 8.01805472373962 39.7557349205017
157.909741410383 4.19232761859894 8.01805472373962 39.7557349205017
173.703536936922 4.19232761859894 8.01805472373962 54.8560199737549
190.901933233621 4.19232761859894 8.01805472373962 54.8560199737549
209.803143649102 4.19232761859894 8.01805472373962 70.2901544570923
230.575763898515 4.19232761859894 8.56317591667175 74.268678188324
253.405082367608 4.19232761859894 8.56317591667175 74.268678188324
278.494732854913 4.19232761859894 8.56317591667175 74.268678188324
306.068510952025 4.19232761859894 8.56317591667175 74.268678188324
336.372370263797 4.19232761859894 8.72584986686707 74.268678188324
369.676616274388 4.19232761859894 8.72584986686707 74.268678188324
370.015617281199 4.19232761859894 8.72584986686707 74.268678188324
