0.0194894644874591 0.586059033870697 0.00682759284973145 0.00190824270248413
0.0195076157341004 0.586059033870697 0.00682759284973145 0.00190824270248413
0.0214706726399789 0.586059033870697 0.00682759284973145 0.00190824270248413
0.0236312725192399 0.586059033870697 0.00682759284973145 0.00190824270248413
0.0260092941773403 0.586059033870697 0.00682759284973145 0.00190824270248413
0.02862661682957 0.586059033870697 0.00682759284973145 0.00190824270248413
0.0315073214028609 0.586059033870697 0.0151098966598511 0.00336039811372757
0.0346779120946542 0.586059033870697 0.0151098966598511 0.00336039811372757
0.0381675602272991 0.586059033870697 0.0151098966598511 0.00336039811372757
0.0420083726415892 0.586059033870697 0.0151098966598511 0.00336039811372757
0.0462787480746938 0.586059033870697 0.0296687483787537 0.00336039811372757
0.0509357916233132 0.586059033870697 0.0296687483787537 0.00336039811372757
0.056061474785492 0.586059033870697 0.0296687483787537 0.00336039811372757
0.0617029568985016 0.586059033870697 0.0296687483787537 0.00336039811372757
0.0679121429571029 0.651752918958664 0.0296687483787537 0.0137856602668762
0.0747461611704054 0.768446087837219 0.0551567673683167 0.023957684636116
0.0822678885754094 0.967256665229797 0.0551567673683167 0.034814178943634
0.0905465295431877 1.00701880455017 0.0551567673683167 0.034814178943634
0.0996582525003081 1.9137766957283 0.073852002620697 0.0390453636646271
0.109686890723714 2.30101633071899 0.100245594978333 0.0456689596176147
0.120724713656792 2.30101633071899 0.101409554481506 0.051813306286931
0.132873275843195 2.74790793657303 0.104555726051331 0.0533156543970108
0.146244351289115 2.74790793657303 0.14068067073822 0.0705049391835928
0.160960961850701 2.74790793657303 0.166636824607849 0.0751100424677134
0.177158509108387 2.74790793657303 0.17482878267765 0.0914272088557482
0.194986020142061 2.80583125352859 0.223562717437744 0.0971641540527344
0.214807390451206 3.0089550614357 0.232014268636703 0.105325222015381
0.23642351909587 3.39448344707489 0.242745518684387 0.122005008161068
0.260214884898814 3.51117664575577 0.291964054107666 0.135447451844811
0.286400382592417 3.51117664575577 0.29976087808609 0.153367683291435
0.315220934348083 3.7056565284729 0.35272753238678 0.169239500537515
0.346941706403675 3.7056565284729 0.380784094333649 0.191159328445792
0.381854548750803 3.7056565284729 0.434184491634369 0.208154767751694
0.420280680328535 3.70566511154175 0.47326248884201 0.224213778972626
0.462573644428912 3.84656143188477 0.522996187210083 0.256094016134739
0.509122561505755 3.93300080299377 0.576448291540146 0.281607754528522
0.560355709314554 3.93300080299377 0.645748317241669 0.309568593278527
0.616744463322841 4.19232761859894 0.720450341701508 0.34875626116991
0.678807633645181 4.19232761859894 0.79146409034729 0.37583819963038
0.74711623840516 4.19232761859894 0.871039807796478 0.414647206664085
0.822298757442146 4.19232761859894 0.965899765491486 0.461207032203674
0.90504691470005 4.19232761859894 1.05735856294632 0.51204364746809
0.997049767162749 4.19232761859894 1.16840291023254 0.549458429217339
1.0973831681079 4.19232761859894 1.28823018074036 0.62377817183733
1.207813147656 4.19232761859894 1.40868538618088 0.668816111981869
1.32935572737641 4.19232761859894 1.57446902990341 0.7602578997612
1.46312917137724 4.19232761859894 1.71843278408051 0.815701633691788
1.61036427500108 4.19232761859894 1.86300790309906 0.897080972790718
1.77241568887504 4.19232761859894 2.07420539855957 0.965667799115181
1.95077438250316 4.19232761859894 2.28957325220108 1.05771291255951
2.14708136207369 4.19232761859894 2.48443084955215 1.16992899775505
2.36314276869316 4.19232761859894 2.74875646829605 1.27878281474113
2.60094649596008 4.19232761859894 2.92142695188522 1.38605690002441
2.86268047976978 4.19232761859894 3.1846798658371 1.50484758615494
3.15075282862747 4.19232761859894 3.46992146968842 1.64459252357483
3.46781397968047 4.19232761859894 3.72415816783905 1.81220829486847
3.81678108431816 4.19232761859894 4.0142959356308 1.92723715305328
4.2008648477019 4.19232761859894 4.47262191772461 2.07836043834686
4.62790519502682 4.19232761859894 4.63810682296753 2.26755630970001
5.09361260779729 4.19232761859894 4.94717884063721 2.50140976905823
5.6061842896419 4.19232761859894 5.34663867950439 2.70411735773087
6.17033620525356 4.19232761859894 5.70951080322266 2.9116462469101
6.79125888819023 4.19232761859894 6.2375283241272 3.18270611763
7.47466519687438 4.19232761859894 6.73056268692017 3.43727958202362
8.22684287629239 4.19232761859894 6.73056268692017 3.60318160057068
9.05471240899251 4.19232761859894 6.73056268692017 3.78053712844849
9.96589068764523 4.19232761859894 6.73056268692017 3.94780397415161
10.9687610949915 4.19232761859894 6.73056268692017 4.0384087562561
12.072550635956 4.19232761859894 6.73056268692017 4.43090450763702
13.2874148315868 4.19232761859894 6.73056268692017 4.6783931851387
14.6245311558961 4.19232761859894 6.73056268692017 4.99570310115814
16.0962018752773 4.19232761859894 6.73056268692017 5.34886169433594
17.7159672366814 4.19232761859894 6.73056268692017 5.34886169433594
19.4987300459514 4.19232761859894 6.73056268692017 5.34886169433594
21.4808800919766 4.19232761859894 6.73056268692017 5.34886169433594
23.6425071500281 4.19232761859894 6.73056268692017 5.48823726177216
26.0216593522121 4.19232761859894 6.73056268692017 6.00523805618286
28.6402263154973 4.19232761859894 6.73056268692017 6.9362433552742
31.5223004152183 4.19232761859894 6.73056268692017 7.87501859664917
34.6943984492749 4.19232761859894 6.73056268692017 7.87501859664917
38.1857056084627 4.19232761859894 6.73056268692017 7.87501859664917
42.0283439976073 4.19232761859894 6.73056268692017 7.87501859664917
46.2576681780564 4.19232761859894 6.73056268692017 7.87501859664917
50.9125904506965 4.19232761859894 6.73056268692017 8.13846790790558
56.0359388722924 4.19232761859894 6.73056268692017 8.13846790790558
61.674851299112 4.19232761859894 6.73056268692017 8.51267194747925
67.8812090832727 4.19232761859894 6.73056268692017 8.51267194747925
74.7121144120754 4.19232761859894 6.73056268692017 10.7161930799484
82.2304156821292 4.19232761859894 6.73056268692017 13.47065782547
90.5052857420251 4.19232761859894 6.73056268692017 14.7722606956959
99.7056313992196 4.19232761859894 7.578284740448 16.0330147743225
109.739037374665 4.19232761859894 7.578284740448 16.2964640855789
120.782107840023 4.19232761859894 7.578284740448 18.2513761520386
132.936445619368 4.19232761859894 7.578284740448 18.2513761520386
146.313877857786 4.19232761859894 7.578284740448 18.2513761520386
161.037484897703 4.19232761859894 7.578284740448 24.2016911506653
177.242732691319 4.19232761859894 7.578284740448 24.2016911506653
195.078719168039 4.19232761859894 7.578284740448 31.7220339775085
214.709546024206 4.19232761859894 7.578284740448 33.724125623703
214.909512828253 4.19232761859894 7.578284740448 33.724125623703
