0.0194894644874591 0.586059033870697 0.00926887989044189 0.00187051296234131
0.0195076157341004 0.586059033870697 0.00926887989044189 0.00187051296234131
0.0214706726399789 0.586059033870697 0.00926887989044189 0.00187051296234131
0.0236312725192399 0.586059033870697 0.00926887989044189 0.00187051296234131
0.0260092941773403 0.586059033870697 0.00926887989044189 0.00187051296234131
0.02862661682957 0.586059033870697 0.00926887989044189 0.00187051296234131
0.0315073214028609 0.586059033870697 0.0181970000267029 0.00504410266876221
0.0346779120946542 0.586059033870697 0.0181970000267029 0.00504410266876221
0.0381675602272991 0.586059033870697 0.0181970000267029 0.00504410266876221
0.0420083726415892 0.586059033870697 0.0181970000267029 0.00504410266876221
0.0462787480746938 0.586059033870697 0.0318412482738495 0.00776335597038269
0.0509357916233132 0.586059033870697 0.0318412482738495 0.00776335597038269
0.056061474785492 0.586059033870697 0.0318412482738495 0.00776335597038269
0.0617029568985016 0.586059033870697 0.0318412482738495 0.00776335597038269
0.0679121429571029 0.651752918958664 0.0318412482738495 0.0269073843955994
0.0747461611704054 0.768446087837219 0.0398990362882614 0.0292825698852539
0.0822678885754094 0.967256665229797 0.0436031222343445 0.0301432460546494
0.0905465295431877 1.00701880455017 0.047921359539032 0.0301432460546494
0.0996582525003081 1.9137766957283 0.0613836953416467 0.0307089760899544
0.109686890723714 2.30101633071899 0.0950663983821869 0.0575036332011223
0.120724713656792 2.30101633071899 0.0950663983821869 0.0575036332011223
0.132873275843195 2.74790793657303 0.105632960796356 0.0640833377838135
0.146244351289115 2.74790793657303 0.132917638868093 0.0776625275611877
0.160960961850701 2.74790793657303 0.159172609448433 0.0780520811676979
0.177158509108387 2.74790793657303 0.169087052345276 0.0979209616780281
0.194986020142061 2.80583125352859 0.196560859680176 0.104828596115112
0.214807390451206 3.0089550614357 0.21704538166523 0.121663987636566
0.23642351909587 3.39448344707489 0.243783531710505 0.132221959531307
0.260214884898814 3.51117664575577 0.271781876683235 0.146940372884274
0.286400382592417 3.51117664575577 0.288561154156923 0.165472567081451
0.315220934348083 3.7056565284729 0.33106404542923 0.176362536847591
0.346941706403675 3.7056565284729 0.361898884177208 0.207135111093521
0.381854548750803 3.7056565284729 0.409838199615479 0.224881142377853
0.420280680328535 3.70566511154175 0.440423202700913 0.264341711997986
0.462573644428912 3.84656143188477 0.480692099779844 0.276236027479172
0.509122561505755 3.93300080299377 0.545969173312187 0.302640050649643
0.560355709314554 3.93300080299377 0.59635166823864 0.340752087533474
0.616744463322841 4.19232761859894 0.650209859013557 0.370524048805237
0.678807633645181 4.19232761859894 0.732902811840177 0.414416462182999
0.74711623840516 4.19232761859894 0.819528266787529 0.447180368006229
0.822298757442146 4.19232761859894 0.898247706703842 0.497595138847828
0.90504691470005 4.19232761859894 0.983817279338837 0.549496732652187
0.997049767162749 4.19232761859894 1.08665516972542 0.608108557760715
1.0973831681079 4.19232761859894 1.20730981230736 0.652586363255978
1.207813147656 4.19232761859894 1.32381444051862 0.723796516656876
1.32935572737641 4.19232761859894 1.44242632389069 0.776662543416023
1.46312917137724 4.19232761859894 1.60915005207062 0.854200594127178
1.61036427500108 4.19232761859894 1.75564788281918 0.97287654876709
1.77241568887504 4.19232761859894 1.90597957372665 1.03785586357117
1.95077438250316 4.19232761859894 2.1000462770462 1.17456364631653
2.14708136207369 4.19232761859894 2.29718160629272 1.28437190502882
2.36314276869316 4.19232761859894 2.52507770061493 1.35598679631948
2.60094649596008 4.19232761859894 2.74263942241669 1.5512028336525
2.86268047976978 4.19232761859894 2.9892772436142 1.64221411943436
3.15075282862747 4.19232761859894 3.25073218345642 1.82262474298477
3.46781397968047 4.19232761859894 3.48829698562622 1.96138823032379
3.81678108431816 4.19232761859894 3.7548828125 2.15601056814194
4.2008648477019 4.19232761859894 4.16805696487427 2.40157234668732
4.62790519502682 4.19232761859894 4.47638845443726 2.47377574443817
5.09361260779729 4.19232761859894 4.75449800491333 2.69042992591858
5.6061842896419 4.19232761859894 5.0909743309021 2.87318527698517
6.17033620525356 4.19232761859894 5.46386528015137 3.16308510303497
6.79125888819023 4.19232761859894 6.10290598869324 3.4024224281311
7.47466519687438 4.19232761859894 6.58726596832275 3.83394742012024
8.22684287629239 4.19232761859894 6.66562533378601 4.18914639949799
9.05471240899251 4.19232761859894 6.75569605827332 4.70329689979553
9.96589068764523 4.19232761859894 6.75569605827332 4.94490528106689
10.9687610949915 4.19232761859894 6.75569605827332 5.35192775726318
12.072550635956 4.19232761859894 6.75569605827332 5.62033843994141
13.2874148315868 4.19232761859894 6.75569605827332 5.75207853317261
14.6245311558961 4.19232761859894 6.75569605827332 6.22868824005127
16.0962018752773 4.19232761859894 6.75569605827332 6.84736347198486
17.7159672366814 4.19232761859894 6.82611846923828 7.25438594818115
19.4987300459514 4.19232761859894 6.82611846923828 8.09194469451904
21.4808800919766 4.19232761859894 6.82611846923828 8.13114643096924
23.6425071500281 4.19232761859894 6.82611846923828 8.41931700706482
26.0216593522121 4.19232761859894 6.98403310775757 9.76429843902588
28.6402263154973 4.19232761859894 6.98403310775757 10.1083033084869
31.5223004152183 4.19232761859894 6.98403310775757 10.8595809936523
34.6943984492749 4.19232761859894 6.98403310775757 12.9483194351196
38.1857056084627 4.19232761859894 6.98403310775757 16.2189197540283
42.0283439976073 4.19232761859894 6.98403310775757 17.852071762085
46.2576681780564 4.19232761859894 6.98403310775757 18.8752975463867
50.9125904506965 4.19232761859894 6.98403310775757 20.9994220733643
56.0359388722924 4.19232761859894 6.98403310775757 20.9994220733643
61.674851299112 4.19232761859894 7.41466569900513 20.9994220733643
67.8812090832727 4.19232761859894 7.41466569900513 22.0012989044189
74.7121144120754 4.19232761859894 7.41466569900513 24.7731065750122
82.2304156821292 4.19232761859894 7.41466569900513 32.6351261138916
90.5052857420251 4.19232761859894 7.41466569900513 34.9129476547241
99.7056313992196 4.19232761859894 7.64865565299988 39.1851263046265
109.739037374665 4.19232761859894 7.64865565299988 39.9939975738525
120.782107840023 4.19232761859894 7.64865565299988 44.9697761535645
132.936445619368 4.19232761859894 8.07928824424744 49.2419548034668
146.313877857786 4.19232761859894 8.07928824424744 49.2419548034668
161.037484897703 4.19232761859894 8.07928824424744 52.2775049209595
177.242732691319 4.19232761859894 8.07928824424744 52.2775049209595
195.078719168039 4.19232761859894 8.07928824424744 71.1528024673462
214.709546024206 4.19232761859894 8.40551352500916 83.3337554931641
214.909512828253 4.19232761859894 8.40551352500916 83.3337554931641
