0.0194894644874591 0.586059033870697 0.00792026519775391 0.0012490451335907
0.0195076157341004 0.586059033870697 0.00792026519775391 0.0012490451335907
0.0214706726399789 0.586059033870697 0.00792026519775391 0.0012490451335907
0.0236312725192399 0.586059033870697 0.00792026519775391 0.0012490451335907
0.0260092941773403 0.586059033870697 0.00792026519775391 0.0012490451335907
0.02862661682957 0.586059033870697 0.00792026519775391 0.0012490451335907
0.0315073214028609 0.586059033870697 0.0165381133556366 0.0012490451335907
0.0346779120946542 0.586059033870697 0.0165381133556366 0.0012490451335907
0.0381675602272991 0.586059033870697 0.0165381133556366 0.0012490451335907
0.0420083726415892 0.586059033870697 0.0165381133556366 0.0012490451335907
0.0462787480746938 0.586059033870697 0.0305349826812744 0.00324821472167969
0.0509357916233132 0.586059033870697 0.0305349826812744 0.00324821472167969
0.056061474785492 0.586059033870697 0.0305349826812744 0.00324821472167969
0.0617029568985016 0.586059033870697 0.0305349826812744 0.00324821472167969
0.0679121429571029 0.651752918958664 0.0305349826812744 0.00349967181682587
0.0747461611704054 0.768446087837219 0.0469264388084412 0.0107769370079041
0.0822678885754094 0.967256665229797 0.0469264388084412 0.0107769370079041
0.0905465295431877 1.00701880455017 0.0469264388084412 0.0144709050655365
0.0996582525003081 1.9137766957283 0.066537082195282 0.0144709050655365
0.109686890723714 2.30101633071899 0.0946645736694336 0.0168255567550659
0.120724713656792 2.30101633071899 0.0960061550140381 0.0168255567550659
0.132873275843195 2.74790793657303 0.10005658864975 0.0212248861789703
0.146244351289115 2.74790793657303 0.13549548201263 0.0234689712524414
0.160960961850701 2.74790793657303 0.161122798919678 0.0245599895715714
0.177158509108387 2.74790793657303 0.169783741235733 0.0275937169790268
0.194986020142061 2.80583125352859 0.207808017730713 0.0319023728370667
0.214807390451206 3.0089550614357 0.222590118646622 0.0357921421527863
0.23642351909587 3.39448344707489 0.238739250227809 0.0390615016222
0.260214884898814 3.51117664575577 0.2794149518013 0.0431346893310547
0.286400382592417 3.51117664575577 0.285895466804504 0.0491980612277985
0.315220934348083 3.7056565284729 0.337142497301102 0.0542022883892059
0.346941706403675 3.7056565284729 0.361177831888199 0.0601559579372406
0.381854548750803 3.7056565284729 0.417530834674835 0.0655990839004517
0.420280680328535 3.70566511154175 0.452737031504512 0.0730747878551483
0.462573644428912 3.84656143188477 0.493035732768476 0.0807350873947144
0.509122561505755 3.93300080299377 0.552446901798248 0.0882685333490372
0.560355709314554 3.93300080299377 0.613297373056412 0.0988499224185944
0.616744463322841 4.19232761859894 0.669460892677307 0.107452988624573
0.678807633645181 4.19232761859894 0.748472303152084 0.120744675397873
0.74711623840516 4.19232761859894 0.830003172159195 0.133064925670624
0.822298757442146 4.19232761859894 0.916901767253876 0.144932270050049
0.90504691470005 4.19232761859894 1.00525319576263 0.16174840927124
0.997049767162749 4.19232761859894 1.11014848947525 0.175252944231033
1.0973831681079 4.19232761859894 1.23467248678207 0.195724010467529
1.207813147656 4.19232761859894 1.33918273448944 0.213616162538528
1.32935572737641 4.19232761859894 1.4940282702446 0.23742251098156
1.46312917137724 4.19232761859894 1.6309996843338 0.262961179018021
1.61036427500108 4.19232761859894 1.78142267465591 0.290692448616028
1.77241568887504 4.19232761859894 1.95206585526466 0.312756344676018
1.95077438250316 4.19232761859894 2.16643476486206 0.346323311328888
2.14708136207369 4.19232761859894 2.35722064971924 0.378032952547073
2.36314276869316 4.19232761859894 2.59721839427948 0.41641329228878
2.60094649596008 4.19232761859894 2.76684379577637 0.457878232002258
2.86268047976978 4.19232761859894 3.05728793144226 0.494988799095154
3.15075282862747 4.19232761859894 3.30069971084595 0.544877946376801
3.46781397968047 4.19232761859894 3.56245112419128 0.599205821752548
3.81678108431816 4.19232761859894 3.84913659095764 0.660170555114746
4.2008648477019 4.19232761859894 4.29400610923767 0.711401522159576
4.62790519502682 4.19232761859894 4.52696990966797 0.780088931322098
5.09361260779729 4.19232761859894 4.81348657608032 0.85082146525383
5.6061842896419 4.19232761859894 5.19378709793091 0.93858790397644
6.17033620525356 4.19232761859894 5.53857898712158 1.05291792750359
6.79125888819023 4.19232761859894 6.12592720985413 1.1415618956089
7.47466519687438 4.19232761859894 6.63147735595703 1.24596121907234
8.22684287629239 4.19232761859894 6.64445996284485 1.36440387368202
9.05471240899251 4.19232761859894 6.67033648490906 1.50542712211609
9.96589068764523 4.19232761859894 6.67033648490906 1.5428694486618
10.9687610949915 4.19232761859894 6.67033648490906 1.55688261985779
12.072550635956 4.19232761859894 6.67033648490906 1.73782408237457
13.2874148315868 4.19232761859894 6.67033648490906 1.77526640892029
14.6245311558961 4.19232761859894 6.67033648490906 1.9559508562088
16.0962018752773 4.19232761859894 6.67033648490906 1.9559508562088
17.7159672366814 4.19232761859894 6.67033648490906 1.9559508562088
19.4987300459514 4.19232761859894 6.67033648490906 2.12296998500824
21.4808800919766 4.19232761859894 6.67033648490906 2.33451402187347
23.6425071500281 4.19232761859894 6.67033648490906 2.33841478824615
26.0216593522121 4.19232761859894 6.67033648490906 2.33841478824615
28.6402263154973 4.19232761859894 6.67033648490906 2.51445209980011
31.5223004152183 4.19232761859894 6.67033648490906 2.63026612997055
34.6943984492749 4.19232761859894 6.67033648490906 3.1026197373867
38.1857056084627 4.19232761859894 6.67033648490906 3.36593902111053
42.0283439976073 4.19232761859894 6.67033648490906 3.36593902111053
46.2576681780564 4.19232761859894 6.67033648490906 3.70856821537018
50.9125904506965 4.19232761859894 6.67033648490906 3.70856821537018
56.0359388722924 4.19232761859894 6.67033648490906 3.70856821537018
61.674851299112 4.19232761859894 6.67033648490906 4.75705862045288
67.8812090832727 4.19232761859894 6.67033648490906 5.29941344261169
74.7121144120754 4.19232761859894 6.67033648490906 6.00123155117035
82.2304156821292 4.19232761859894 6.67033648490906 7.23064720630646
90.5052857420251 4.19232761859894 6.67033648490906 7.23621118068695
99.7056313992196 4.19232761859894 7.54273724555969 8.46562683582306
109.739037374665 4.19232761859894 7.54273724555969 8.46562683582306
120.782107840023 4.19232761859894 7.54273724555969 8.81208229064941
132.936445619368 4.19232761859894 7.54273724555969 8.81208229064941
146.313877857786 4.19232761859894 7.54273724555969 8.81208229064941
161.037484897703 4.19232761859894 7.54273724555969 12.3341612815857
177.242732691319 4.19232761859894 7.54273724555969 12.3341612815857
195.078719168039 4.19232761859894 7.65764927864075 16.0427294969559
214.709546024206 4.19232761859894 7.65764927864075 16.0427294969559
214.909512828253 4.19232761859894 7.65764927864075 16.0427294969559
