0.0194894644874591 0.586059033870697 0.00681549310684204 0.00663018226623535
0.0195076157341004 0.586059033870697 0.00681549310684204 0.00663018226623535
0.0214706726399789 0.586059033870697 0.00681549310684204 0.00663018226623535
0.0236312725192399 0.586059033870697 0.00681549310684204 0.00663018226623535
0.0260092941773403 0.586059033870697 0.00681549310684204 0.00663018226623535
0.02862661682957 0.586059033870697 0.00681549310684204 0.00663018226623535
0.0315073214028609 0.586059033870697 0.0152115225791931 0.00663018226623535
0.0346779120946542 0.586059033870697 0.0152115225791931 0.00663018226623535
0.0381675602272991 0.586059033870697 0.0152115225791931 0.00663018226623535
0.0420083726415892 0.586059033870697 0.0152115225791931 0.00663018226623535
0.0462787480746938 0.586059033870697 0.0293055474758148 0.00663018226623535
0.0509357916233132 0.586059033870697 0.0293055474758148 0.00663018226623535
0.056061474785492 0.586059033870697 0.0293055474758148 0.00663018226623535
0.0617029568985016 0.586059033870697 0.0293055474758148 0.00663018226623535
0.0679121429571029 0.651752918958664 0.0293055474758148 0.0134288668632507
0.0747461611704054 0.768446087837219 0.0504875183105469 0.0374437570571899
0.0822678885754094 0.967256665229797 0.0504875183105469 0.0374437570571899
0.0905465295431877 1.00701880455017 0.0504875183105469 0.0409454107284546
0.0996582525003081 1.9137766957283 0.0685379505157471 0.0409454107284546
0.109686890723714 2.30101633071899 0.0937347412109375 0.0580825507640839
0.120724713656792 2.30101633071899 0.096446692943573 0.0580825507640839
0.132873275843195 2.74790793657303 0.100165992975235 0.0702022016048431
0.146244351289115 2.74790793657303 0.134771103039384 0.0719647407531738
0.160960961850701 2.74790793657303 0.159632563591003 0.0803669095039368
0.177158509108387 2.74790793657303 0.167468547821045 0.0918636471033096
0.194986020142061 2.80583125352859 0.211058020591736 0.0997337102890015
0.214807390451206 3.0089550614357 0.222719885408878 0.115616023540497
0.23642351909587 3.39448344707489 0.233055979013443 0.126553177833557
0.260214884898814 3.51117664575577 0.280252486467361 0.143107354640961
0.286400382592417 3.51117664575577 0.285114342346787 0.163652822375298
0.315220934348083 3.7056565284729 0.336806327104568 0.172676235437393
0.346941706403675 3.7056565284729 0.360926084220409 0.195420503616333
0.381854548750803 3.7056565284729 0.414593160152435 0.21556830406189
0.420280680328535 3.70566511154175 0.453352952376008 0.229819148778915
0.462573644428912 3.84656143188477 0.498366320505738 0.259038150310516
0.509122561505755 3.93300080299377 0.55031356588006 0.284191489219666
0.560355709314554 3.93300080299377 0.612909730523825 0.316496759653091
0.616744463322841 4.19232761859894 0.677906893193722 0.343217462301254
0.678807633645181 4.19232761859894 0.750489746686071 0.383839935064316
0.74711623840516 4.19232761859894 0.829701453447342 0.416850030422211
0.822298757442146 4.19232761859894 0.919071286916733 0.467565804719925
0.90504691470005 4.19232761859894 1.01039811968803 0.513214379549026
0.997049767162749 4.19232761859894 1.11346743255854 0.541832536458969
1.0973831681079 4.19232761859894 1.23025989532471 0.611598700284958
1.207813147656 4.19232761859894 1.33645585179329 0.662993758916855
1.32935572737641 4.19232761859894 1.50211673974991 0.73132061958313
1.46312917137724 4.19232761859894 1.63432240486145 0.824416935443878
1.61036427500108 4.19232761859894 1.76944115757942 0.90796172618866
1.77241568887504 4.19232761859894 1.97037047147751 0.98533870279789
1.95077438250316 4.19232761859894 2.17385274171829 1.11086222529411
2.14708136207369 4.19232761859894 2.37285232543945 1.16430288553238
2.36314276869316 4.19232761859894 2.6185308098793 1.28924423456192
2.60094649596008 4.19232761859894 2.76892197132111 1.39563116431236
2.86268047976978 4.19232761859894 3.0605880022049 1.59132225811481
3.15075282862747 4.19232761859894 3.31525564193726 1.71833488345146
3.46781397968047 4.19232761859894 3.57900726795197 1.84655249118805
3.81678108431816 4.19232761859894 3.8781852722168 2.10901141166687
4.2008648477019 4.19232761859894 4.32611560821533 2.34751485288143
4.62790519502682 4.19232761859894 4.50072658061981 2.6373233795166
5.09361260779729 4.19232761859894 4.82759964466095 2.86957585811615
5.6061842896419 4.19232761859894 5.21576023101807 3.14830529689789
6.17033620525356 4.19232761859894 5.5799126625061 3.36698019504547
6.79125888819023 4.19232761859894 6.13147723674774 3.62158262729645
7.47466519687438 4.19232761859894 6.62261414527893 3.89961755275726
8.22684287629239 4.19232761859894 6.63725066184998 4.1635867357254
9.05471240899251 4.19232761859894 6.63725066184998 4.45409452915192
9.96589068764523 4.19232761859894 6.63725066184998 4.75443983078003
10.9687610949915 4.19232761859894 6.63725066184998 4.92725074291229
12.072550635956 4.19232761859894 6.63725066184998 5.45834672451019
13.2874148315868 4.19232761859894 6.63725066184998 5.55704987049103
14.6245311558961 4.19232761859894 6.63725066184998 6.57107424736023
16.0962018752773 4.19232761859894 6.63725066184998 7.08407783508301
17.7159672366814 4.19232761859894 6.63725066184998 7.08407783508301
19.4987300459514 4.19232761859894 6.63725066184998 7.08407783508301
21.4808800919766 4.19232761859894 6.63725066184998 7.08407783508301
23.6425071500281 4.19232761859894 6.63725066184998 7.87322425842285
26.0216593522121 4.19232761859894 6.63725066184998 7.87322425842285
28.6402263154973 4.19232761859894 6.63725066184998 10.2028622627258
31.5223004152183 4.19232761859894 6.63725066184998 11.6812633275986
34.6943984492749 4.19232761859894 6.63725066184998 13.9568536281586
38.1857056084627 4.19232761859894 6.63725066184998 14.9573020935059
42.0283439976073 4.19232761859894 6.63725066184998 14.9573020935059
46.2576681780564 4.19232761859894 6.63725066184998 14.9573020935059
50.9125904506965 4.19232761859894 6.63725066184998 14.9573020935059
56.0359388722924 4.19232761859894 6.63725066184998 14.9573020935059
61.674851299112 4.19232761859894 6.63725066184998 19.8937635421753
67.8812090832727 4.19232761859894 6.63725066184998 22.4253854751587
74.7121144120754 4.19232761859894 6.63725066184998 26.2334245443344
82.2304156821292 4.19232761859894 6.63725066184998 29.5094633102417
90.5052857420251 4.19232761859894 6.63725066184998 31.9301884770393
99.7056313992196 4.19232761859894 7.65025520324707 34.8510656356812
109.739037374665 4.19232761859894 7.65025520324707 34.8510656356812
120.782107840023 4.19232761859894 7.65025520324707 39.450756072998
132.936445619368 4.19232761859894 7.65025520324707 39.450756072998
146.313877857786 4.19232761859894 7.65025520324707 39.450756072998
161.037484897703 4.19232761859894 7.65025520324707 54.0029172897339
177.242732691319 4.19232761859894 7.65025520324707 54.0029172897339
195.078719168039 4.19232761859894 7.87067151069641 68.9602193832397
214.709546024206 4.19232761859894 7.87067151069641 68.9602193832397
214.909512828253 4.19232761859894 7.87067151069641 68.9602193832397
