0.0387145280838013 0.586059033870697 0.0102670192718506 0.00662291049957275
0.0387500300966981 0.586059033870697 0.0102670192718506 0.00662291049957275
0.0425866726076336 0.586059033870697 0.0102670192718506 0.00662291049957275
0.0468031812946723 0.586059033870697 0.0102670192718506 0.00662291049957275
0.0514371667278207 0.586059033870697 0.0102670192718506 0.00662291049957275
0.0565299633015929 0.586059033870697 0.0102670192718506 0.00662291049957275
0.0621269979310704 0.586059033870697 0.0102670192718506 0.00662291049957275
0.068278195252578 0.586059033870697 0.0102670192718506 0.00662291049957275
0.0750384229432996 0.586059033870697 0.019367516040802 0.00662291049957275
0.0824679811320132 0.586059033870697 0.019367516040802 0.00662291049957275
0.0907162527069789 0.586059033870697 0.0333560407161713 0.0196222364902496
0.0996980736423392 0.586059033870697 0.0333560407161713 0.0196222364902496
0.109569185139287 0.586059033870697 0.0333560407161713 0.0196222364902496
0.120417635902936 0.586059033870697 0.0333560407161713 0.0196222364902496
0.132340192345309 0.586059033870697 0.0333560407161713 0.0196222364902496
0.145443201725957 0.99837489426136 0.0645654201507568 0.0206250995397568
0.159843540752169 0.99837489426136 0.0645654201507568 0.0374121367931366
0.175669658100152 0.99837489426136 0.0645654201507568 0.0374121367931366
0.193062720156276 0.99837489426136 0.0894982665777206 0.0458019375801086
0.212177870198225 2.30101633071899 0.11396598815918 0.0531836748123169
0.233185612247737 2.30101633071899 0.11396598815918 0.0585099458694458
0.25627333193868 2.30101633071899 0.127843588590622 0.0703107714653015
0.281646967966354 2.74790793657303 0.151226624846458 0.0818203091621399
0.309532849027073 2.74790793657303 0.164577007293701 0.0847013145685196
0.340179712633237 2.74790793657303 0.191652655601501 0.0985909700393677
0.373860923811385 2.74790793657303 0.213791489601135 0.11209262907505
0.411253695994416 3.10663169622421 0.263309588655829 0.123804867267609
0.451971945990459 3.13343650102615 0.308698356151581 0.137834429740906
0.496721712052834 3.13343650102615 0.318437926471233 0.154170379042625
0.54590215479858 3.56563341617584 0.35489147901535 0.166187535971403
0.599951955758347 3.7056565284729 0.39457631111145 0.175463914871216
0.659353230344131 3.7056565284729 0.448875717818737 0.199388563632965
0.724635828240139 3.7056565284729 0.492660984396935 0.224061131477356
0.796382059575582 3.7056565284729 0.529422760009766 0.246307551860809
0.875231889036086 3.84656143188477 0.606434315443039 0.270200967788696
0.961888644244345 3.84656143188477 0.657687723636627 0.290553957223892
1.05712528932784 3.93300080299377 0.718696340918541 0.325096148997545
1.16179131963283 3.93300080299377 0.797042116522789 0.362070724368095
1.27682033908432 4.04104995727539 0.858466789126396 0.391817510128021
1.4032383877809 4.04104995727539 0.969050705432892 0.434108823537827
1.54217309410505 4.19232761859894 1.0460479259491 0.473044738173485
1.69486373298454 4.19232761859894 1.17958027124405 0.522773742675781
1.86438038854372 4.19232761859894 1.30265259742737 0.579767480492592
2.0489727885339 4.19232761859894 1.41530758142471 0.634274799376726
2.25184169172242 4.19232761859894 1.58788365125656 0.692503213882446
2.4747966556489 4.19232761859894 1.72195169702172 0.745408833026886
2.7198264022398 4.19232761859894 1.91195142269135 0.839414209127426
2.98911655688376 4.19232761859894 2.12640784680843 0.916516959667206
3.28506914385371 4.19232761859894 2.25806408375502 0.990533158183098
3.61032401197175 4.19232761859894 2.56029883027077 1.08463311195374
3.96778238163021 4.19232761859894 2.74498999118805 1.20389591157436
4.36063272320454 4.19232761859894 3.05832212418318 1.33634267747402
4.79237919768918 4.19232761859894 3.4054719209671 1.48940694332123
5.2668729132423 4.19232761859894 3.80880587548018 1.56251464784145
5.78834627644265 4.19232761859894 3.98807114362717 1.69210338592529
6.36145074466621 4.19232761859894 4.26072508096695 1.83639287948608
6.99129831632754 4.19232761859894 4.71268285810947 2.09946656227112
7.68350712907217 4.19232761859894 5.1412980556488 2.25941860675812
8.45199512379247 4.19232761859894 5.67105686664581 2.44982612133026
9.28882760400582 4.19232761859894 5.9050258398056 2.56957668066025
10.2085149119472 4.19232761859894 6.2038825750351 2.704061627388
11.2192605084528 4.19232761859894 6.63823533058167 2.98203660547733
12.330080079446 4.19232761859894 6.71618437767029 3.28772354125977
13.5508819543863 4.19232761859894 6.77188062667847 3.59967291355133
14.8925554869521 4.19232761859894 6.77212572097778 3.9088042974472
16.3670681863003 4.19232761859894 6.89914608001709 4.34104573726654
17.9875724652967 4.19232761859894 6.89914608001709 4.5856066942215
19.7685229578944 4.19232761859894 6.89914608001709 4.92776799201965
21.7258054521118 4.19232761859894 6.89914608001709 5.25489145517349
23.8768785886714 4.19232761859894 7.67324042320251 7.3005964756012
26.2409295892292 4.19232761859894 7.67324042320251 7.3005964756012
28.8390454032626 4.19232761859894 7.67324042320251 7.3077484369278
31.6944008002223 4.19232761859894 7.67324042320251 8.09074532985687
34.8324650846968 4.19232761859894 7.67324042320251 8.56503546237946
38.3163339475004 4.19232761859894 7.67324042320251 8.81327378749847
42.1100361799719 4.19232761859894 7.67324042320251 9.67871260643005
46.2793530693252 4.19232761859894 7.67324042320251 9.67871260643005
50.8614742424258 4.19232761859894 7.67324042320251 9.67871260643005
55.8972714730444 4.19232761859894 7.67324042320251 9.67871260643005
61.4316632514152 4.19232761859894 7.67324042320251 9.67871260643005
67.5140154498445 4.19232761859894 7.67324042320251 9.67871260643005
74.1985816582434 4.19232761859894 7.67324042320251 9.67871260643005
81.5449871173038 4.19232761859894 7.67324042320251 9.67871260643005
89.6187605659235 4.19232761859894 8.16757130622864 11.2892570495605
98.4919187468734 4.19232761859894 8.16757130622864 12.3566920757294
108.243608784401 4.19232761859894 8.16757130622864 14.8547811508179
118.960814163673 4.19232761859894 8.16757130622864 15.7820720672607
130.739130609284 4.19232761859894 8.16757130622864 17.4180717468262
143.683618783529 4.19232761859894 8.16757130622864 17.4180717468262
157.909741410383 4.19232761859894 8.16757130622864 17.4180717468262
173.703536936922 4.19232761859894 8.16757130622864 19.3495924472809
190.901933233621 4.19232761859894 8.16757130622864 19.3495924472809
209.803143649102 4.19232761859894 8.16757130622864 25.2485463619232
230.575763898515 4.19232761859894 8.47089123725891 28.6739263534546
253.405082367608 4.19232761859894 8.47089123725891 28.6739263534546
278.494732854913 4.19232761859894 8.47089123725891 28.6739263534546
306.068510952025 4.19232761859894 8.47089123725891 28.6739263534546
336.372370263797 4.19232761859894 8.48779797554016 31.0694026947021
369.676616274388 4.19232761859894 8.48779797554016 31.0694026947021
370.015617281199 4.19232761859894 8.48779797554016 31.0694026947021
