0.0194894644874591 0.586059033870697 0.00885355472564697 0.00765490531921387
0.0195076157341004 0.586059033870697 0.00885355472564697 0.00765490531921387
0.0214706726399789 0.586059033870697 0.00885355472564697 0.00765490531921387
0.0236312725192399 0.586059033870697 0.00885355472564697 0.00765490531921387
0.0260092941773403 0.586059033870697 0.00885355472564697 0.00765490531921387
0.02862661682957 0.586059033870697 0.00885355472564697 0.00765490531921387
0.0315073214028609 0.586059033870697 0.0176051557064056 0.00765490531921387
0.0346779120946542 0.586059033870697 0.0176051557064056 0.00765490531921387
0.0381675602272991 0.586059033870697 0.0176051557064056 0.00765490531921387
0.0420083726415892 0.586059033870697 0.0176051557064056 0.00765490531921387
0.0462787480746938 0.586059033870697 0.0176051557064056 0.00765490531921387
0.0509357916233132 0.586059033870697 0.0176051557064056 0.00765490531921387
0.056061474785492 0.586059033870697 0.0176051557064056 0.00765490531921387
0.0617029568985016 0.586059033870697 0.0176051557064056 0.00765490531921387
0.0679121429571029 0.586059033870697 0.0295045971870422 0.00765490531921387
0.0747461611704054 0.768446087837219 0.048955425620079 0.0174829363822937
0.0822678885754094 0.967256665229797 0.048955425620079 0.0315493941307068
0.0905465295431877 1.00701880455017 0.048955425620079 0.0338249206542969
0.0996582525003081 1.9137766957283 0.0500262677669525 0.0428921580314636
0.109686890723714 1.9137766957283 0.102191269397736 0.0499826669692993
0.120724713656792 1.9137766957283 0.102191269397736 0.0499826669692993
0.132873275843195 2.74790793657303 0.102191269397736 0.0661464184522629
0.146244351289115 2.74790793657303 0.132048606872559 0.0752157270908356
0.160960961850701 2.74790793657303 0.135254338383675 0.0817135125398636
0.177158509108387 2.74790793657303 0.172437011962757 0.0978930294513702
0.194986020142061 2.80583125352859 0.218685507774353 0.102726995944977
0.214807390451206 2.80583125352859 0.225587725639343 0.115928769111633
0.23642351909587 3.39448344707489 0.251717746257782 0.133271798491478
0.260214884898814 3.51117664575577 0.291699424386024 0.157033085823059
0.286400382592417 3.51117664575577 0.296825051307678 0.171323657035828
0.315220934348083 3.56563341617584 0.342698305845261 0.181480169296265
0.346941706403675 3.56563341617584 0.379370704293251 0.204454764723778
0.381854548750803 3.56563341617584 0.43533456325531 0.225485563278198
0.420280680328535 3.62527656555176 0.458248302340508 0.249453604221344
0.462573644428912 3.84656143188477 0.514990106225014 0.276088610291481
0.509122561505755 3.84656143188477 0.566543594002724 0.312650486826897
0.560355709314554 3.93300080299377 0.646866410970688 0.338376373052597
0.616744463322841 3.98659324645996 0.702542409300804 0.369781732559204
0.678807633645181 3.98659324645996 0.784499391913414 0.403650373220444
0.74711623840516 4.04104995727539 0.874910533428192 0.44496887922287
0.822298757442146 4.06265139579773 0.963906675577164 0.487237811088562
0.90504691470005 4.17070913314819 1.05695034563541 0.535357236862183
0.997049767162749 4.17070913314819 1.16683892905712 0.601456075906754
1.0973831681079 4.17070913314819 1.28791745007038 0.659858137369156
1.207813147656 4.17070913314819 1.40752391517162 0.735597133636475
1.32935572737641 4.17070913314819 1.5666811466217 0.802378237247467
1.46312917137724 4.17070913314819 1.71245473623276 0.873518019914627
1.61036427500108 4.19232761859894 1.84174782037735 0.928968071937561
1.77241568887504 4.19232761859894 2.02764809131622 1.03551471233368
1.95077438250316 4.19232761859894 2.2683190703392 1.1468032002449
2.14708136207369 4.19232761859894 2.46636861562729 1.22521430253983
2.36314276869316 4.19232761859894 2.72103196382523 1.36420047283173
2.60094649596008 4.19232761859894 2.88267397880554 1.48314154148102
2.86268047976978 4.19232761859894 3.18231797218323 1.61611318588257
3.15075282862747 4.19232761859894 3.42995011806488 1.74198055267334
3.46781397968047 4.19232761859894 3.69729912281036 1.88802051544189
3.81678108431816 4.19232761859894 3.9934458732605 2.02034902572632
4.2008648477019 4.19232761859894 4.43481302261353 2.17987895011902
4.62790519502682 4.19232761859894 4.54451012611389 2.33161652088165
5.09361260779729 4.19232761859894 4.9424421787262 2.53464937210083
5.6061842896419 4.19232761859894 5.32650256156921 2.70585799217224
6.17033620525356 4.19232761859894 5.66590428352356 2.99302279949188
6.79125888819023 4.19232761859894 6.13598966598511 3.28842926025391
7.47466519687438 4.19232761859894 6.77297592163086 3.34890860319138
8.22684287629239 4.19232761859894 6.77297592163086 3.66076719760895
9.05471240899251 4.19232761859894 6.79183626174927 4.08856070041656
9.96589068764523 4.19232761859894 6.79183626174927 4.08856070041656
10.9687610949915 4.19232761859894 6.79183626174927 4.3524364233017
12.072550635956 4.19232761859894 6.79183626174927 4.95729917287827
13.2874148315868 4.19232761859894 6.79183626174927 5.32963338494301
14.6245311558961 4.19232761859894 6.79183626174927 6.017786860466
16.0962018752773 4.19232761859894 6.79183626174927 6.68714511394501
17.7159672366814 4.19232761859894 6.79183626174927 6.68714511394501
19.4987300459514 4.19232761859894 6.79183626174927 6.68714511394501
21.4808800919766 4.19232761859894 6.79183626174927 6.68714511394501
23.6425071500281 4.19232761859894 6.79183626174927 6.68714511394501
26.0216593522121 4.19232761859894 6.79183626174927 6.68714511394501
28.6402263154973 4.19232761859894 6.79183626174927 8.56331753730774
31.5223004152183 4.19232761859894 6.79183626174927 9.65885543823242
34.6943984492749 4.19232761859894 6.79183626174927 11.5150910317898
38.1857056084627 4.19232761859894 6.79183626174927 12.6518782377243
42.0283439976073 4.19232761859894 6.79183626174927 12.6518782377243
46.2576681780564 4.19232761859894 6.79183626174927 12.6518782377243
50.9125904506965 4.19232761859894 6.79183626174927 12.6518782377243
56.0359388722924 4.19232761859894 6.79183626174927 12.6518782377243
61.674851299112 4.19232761859894 6.79183626174927 16.7608528137207
67.8812090832727 4.19232761859894 6.79183626174927 18.4467868804932
74.7121144120754 4.19232761859894 6.79183626174927 22.1409091949463
82.2304156821292 4.19232761859894 7.14170122146606 25.1339319944382
90.5052857420251 4.19232761859894 7.50720930099487 27.6828851103783
99.7056313992196 4.19232761859894 7.50720930099487 29.412731051445
109.739037374665 4.19232761859894 7.50720930099487 29.412731051445
120.782107840023 4.19232761859894 7.50720930099487 29.412731051445
132.936445619368 4.19232761859894 8.1797661781311 29.412731051445
146.313877857786 4.19232761859894 8.1797661781311 29.412731051445
161.037484897703 4.19232761859894 8.1797661781311 29.412731051445
177.242732691319 4.19232761859894 8.1797661781311 29.412731051445
195.078719168039 4.19232761859894 8.1797661781311 29.412731051445
214.709546024206 4.19232761859894 8.1797661781311 29.412731051445
214.909512828253 4.19232761859894 8.1797661781311 29.412731051445
