0.0387145280838013 0.586059033870697 0.00614601373672485 0.00674280524253845
0.0387500300966981 0.586059033870697 0.00614601373672485 0.00674280524253845
0.0425866726076336 0.586059033870697 0.00614601373672485 0.00674280524253845
0.0468031812946723 0.586059033870697 0.00614601373672485 0.00674280524253845
0.0514371667278207 0.586059033870697 0.00614601373672485 0.00674280524253845
0.0565299633015929 0.586059033870697 0.00614601373672485 0.00674280524253845
0.0621269979310704 0.586059033870697 0.00614601373672485 0.00674280524253845
0.068278195252578 0.586059033870697 0.00614601373672485 0.00674280524253845
0.0750384229432996 0.586059033870697 0.0143470168113708 0.00674280524253845
0.0824679811320132 0.586059033870697 0.0143470168113708 0.00674280524253845
0.0907162527069789 0.586059033870697 0.028773307800293 0.00674280524253845
0.0996980736423392 0.586059033870697 0.028773307800293 0.00674280524253845
0.109569185139287 0.586059033870697 0.028773307800293 0.00674280524253845
0.120417635902936 0.586059033870697 0.028773307800293 0.00674280524253845
0.132340192345309 0.586059033870697 0.028773307800293 0.00674280524253845
0.145443201725957 0.99837489426136 0.0736085772514343 0.0178160667419434
0.159843540752169 0.99837489426136 0.0736085772514343 0.0301933288574219
0.175669658100152 0.99837489426136 0.0736085772514343 0.0301933288574219
0.193062720156276 0.99837489426136 0.0739406943321228 0.0301933288574219
0.212177870198225 2.30101633071899 0.0977251529693604 0.0375729501247406
0.233185612247737 2.30101633071899 0.0977251529693604 0.0475564301013947
0.25627333193868 2.30101633071899 0.114728808403015 0.0494036674499512
0.281646967966354 2.74790793657303 0.139618396759033 0.0572126507759094
0.309532849027073 2.74790793657303 0.142659664154053 0.065290629863739
0.340179712633237 2.74790793657303 0.188071250915527 0.0747965574264526
0.373860923811385 2.74790793657303 0.196083575487137 0.0842065066099167
0.411253695994416 3.10663169622421 0.229594759643078 0.0890110209584236
0.451971945990459 3.13343650102615 0.270545274019241 0.0995626002550125
0.496721712052834 3.13343650102615 0.309117324650288 0.111888900399208
0.54590215479858 3.56563341617584 0.320958971977234 0.124043643474579
0.599951955758347 3.7056565284729 0.366689056158066 0.141620576381683
0.659353230344131 3.7056565284729 0.400667004287243 0.148727536201477
0.724635828240139 3.7056565284729 0.433687753975391 0.167129814624786
0.796382059575582 3.7056565284729 0.468991994857788 0.181555986404419
0.875231889036086 3.84656143188477 0.558708935976028 0.191810585558414
0.961888644244345 3.84656143188477 0.60868439078331 0.225621730089188
1.05712528932784 3.93300080299377 0.665633708238602 0.238340198993683
1.16179131963283 3.93300080299377 0.721414834260941 0.267925292253494
1.27682033908432 4.04104995727539 0.803251475095749 0.283093810081482
1.4032383877809 4.04104995727539 0.883790463209152 0.343352645635605
1.54217309410505 4.19232761859894 0.967977970838547 0.343352645635605
1.69486373298454 4.19232761859894 1.08349283784628 0.378446489572525
1.86438038854372 4.19232761859894 1.18669444322586 0.423836477100849
2.0489727885339 4.19232761859894 1.31245324015617 0.458605587482452
2.25184169172242 4.19232761859894 1.47986704111099 0.5100037753582
2.4747966556489 4.19232761859894 1.58548926562071 0.556311547756195
2.7198264022398 4.19232761859894 1.77311905473471 0.64356105029583
2.98911655688376 4.19232761859894 1.96378517150879 0.736911773681641
3.28506914385371 4.19232761859894 2.10182988643646 0.793171405792236
3.61032401197175 4.19232761859894 2.3408704996109 0.854210555553436
3.96778238163021 4.19232761859894 2.53022170066833 0.910864591598511
4.36063272320454 4.19232761859894 2.77572226524353 0.966500371694565
4.79237919768918 4.19232761859894 3.09551358222961 1.02165424823761
5.2668729132423 4.19232761859894 3.4032808765769 1.12565350532532
5.78834627644265 4.19232761859894 3.7068864107132 1.37076622247696
6.36145074466621 4.19232761859894 3.94010254740715 1.47032791376114
6.99129831632754 4.19232761859894 4.31234341859818 1.67137211561203
7.68350712907217 4.19232761859894 4.78978949785233 1.79363560676575
8.45199512379247 4.19232761859894 5.34416472911835 1.9321995973587
9.28882760400582 4.19232761859894 5.7306455373764 2.313068151474
10.2085149119472 4.19232761859894 6.0635769367218 2.42643642425537
11.2192605084528 4.19232761859894 6.60590720176697 2.61497914791107
12.330080079446 4.19232761859894 6.65633702278137 2.85720580816269
13.5508819543863 4.19232761859894 6.69594073295593 3.12749850749969
14.8925554869521 4.19232761859894 6.69705367088318 3.60149598121643
16.3670681863003 4.19232761859894 6.69705367088318 3.68429124355316
17.9875724652967 4.19232761859894 6.69705367088318 3.99769985675812
19.7685229578944 4.19232761859894 6.69705367088318 3.99769985675812
21.7258054521118 4.19232761859894 6.69705367088318 4.18393981456757
23.8768785886714 4.19232761859894 6.69705367088318 5.11945915222168
26.2409295892292 4.19232761859894 6.69705367088318 5.11945915222168
28.8390454032626 4.19232761859894 6.69705367088318 5.11945915222168
31.6944008002223 4.19232761859894 6.69705367088318 5.11945915222168
34.8324650846968 4.19232761859894 6.69705367088318 5.11945915222168
38.3163339475004 4.19232761859894 6.69705367088318 7.27868604660034
42.1100361799719 4.19232761859894 6.69705367088318 9.78542387485504
46.2793530693252 4.19232761859894 6.69705367088318 10.3024483919144
50.8614742424258 4.19232761859894 6.69705367088318 11.2464923858643
55.8972714730444 4.19232761859894 6.69705367088318 11.2464923858643
61.4316632514152 4.19232761859894 6.69705367088318 11.2464923858643
67.5140154498445 4.19232761859894 6.69705367088318 16.3659515380859
74.1985816582434 4.19232761859894 6.69705367088318 17.5062389373779
81.5449871173038 4.19232761859894 6.69705367088318 19.2903182506561
89.6187605659235 4.19232761859894 6.69705367088318 21.6988091468811
98.4919187468734 4.19232761859894 6.69705367088318 26.2030966281891
108.243608784401 4.19232761859894 7.6440441608429 26.969678401947
118.960814163673 4.19232761859894 7.6440441608429 27.3156703710556
130.739130609284 4.19232761859894 7.6440441608429 31.6213455200195
143.683618783529 4.19232761859894 7.6440441608429 31.6213455200195
157.909741410383 4.19232761859894 7.6440441608429 31.6213455200195
173.703536936922 4.19232761859894 7.6440441608429 42.8678379058838
190.901933233621 4.19232761859894 7.6440441608429 42.8678379058838
209.803143649102 4.19232761859894 7.73623204231262 53.4715647697449
230.575763898515 4.19232761859894 7.73623204231262 53.8175567388535
253.405082367608 4.19232761859894 7.73623204231262 53.8175567388535
278.494732854913 4.19232761859894 7.73623204231262 53.8175567388535
306.068510952025 4.19232761859894 7.73623204231262 53.8175567388535
336.372370263797 4.19232761859894 7.73623204231262 53.9546654224396
369.676616274388 4.19232761859894 7.73623204231262 53.9546654224396
370.015617281199 4.19232761859894 7.73623204231262 53.9546654224396
