0.0387145280838013 0.586059033870697 0.00953692197799683 0.00386211276054382
0.0387500300966981 0.586059033870697 0.00953692197799683 0.00386211276054382
0.0425866726076336 0.586059033870697 0.00953692197799683 0.00386211276054382
0.0468031812946723 0.586059033870697 0.00953692197799683 0.00386211276054382
0.0514371667278207 0.586059033870697 0.00953692197799683 0.00386211276054382
0.0565299633015929 0.586059033870697 0.00953692197799683 0.00386211276054382
0.0621269979310704 0.586059033870697 0.00953692197799683 0.00386211276054382
0.068278195252578 0.586059033870697 0.00953692197799683 0.00386211276054382
0.0750384229432996 0.586059033870697 0.0184950232505798 0.00832946598529816
0.0824679811320132 0.586059033870697 0.0184950232505798 0.00832946598529816
0.0907162527069789 0.586059033870697 0.0184950232505798 0.00832946598529816
0.0996980736423392 0.586059033870697 0.0184950232505798 0.00832946598529816
0.109569185139287 0.586059033870697 0.0184950232505798 0.00832946598529816
0.120417635902936 0.586059033870697 0.0184950232505798 0.00832946598529816
0.132340192345309 0.586059033870697 0.0184950232505798 0.00832946598529816
0.145443201725957 0.586059033870697 0.0184950232505798 0.00832946598529816
0.159843540752169 0.967256665229797 0.0409634560346603 0.0250643491744995
0.175669658100152 0.967256665229797 0.0539989769458771 0.0250643491744995
0.193062720156276 0.967256665229797 0.0875368267297745 0.0263883024454117
0.212177870198225 1.85931992530823 0.0893036425113678 0.034966766834259
0.233185612247737 1.9137766957283 0.0893036425113678 0.0486017167568207
0.25627333193868 1.9137766957283 0.106205105781555 0.0486017167568207
0.281646967966354 2.74790793657303 0.148680225014687 0.050906777381897
0.309532849027073 2.74790793657303 0.161742329597473 0.0593622028827667
0.340179712633237 2.74790793657303 0.181480079889297 0.0655403286218643
0.373860923811385 2.74790793657303 0.2115758061409 0.077389270067215
0.411253695994416 3.10663169622421 0.258633501827717 0.0928095877170563
0.451971945990459 3.10663169622421 0.304014593362808 0.0928095877170563
0.496721712052834 3.12219077348709 0.304014593362808 0.101242989301682
0.54590215479858 3.56563341617584 0.34968963265419 0.121265202760696
0.599951955758347 3.56563341617584 0.387997835874557 0.126883834600449
0.659353230344131 3.56563341617584 0.443418063223362 0.144837498664856
0.724635828240139 3.56563341617584 0.451100774109364 0.147865235805511
0.796382059575582 3.56563341617584 0.520475536584854 0.17211252450943
0.875231889036086 3.84656143188477 0.551484018564224 0.192018687725067
0.961888644244345 3.84656143188477 0.647131323814392 0.214709222316742
1.05712528932784 3.84656143188477 0.674467787146568 0.230156004428864
1.16179131963283 3.84656143188477 0.778180867433548 0.250096023082733
1.27682033908432 3.98659324645996 0.830642119050026 0.271856844425201
1.4032383877809 4.04104137420654 0.954654723405838 0.289830982685089
1.54217309410505 4.04104995727539 1.03200390934944 0.322320610284805
1.69486373298454 4.17070913314819 1.16513949632645 0.361284881830215
1.86438038854372 4.17070913314819 1.28484237194061 0.398481771349907
2.0489727885339 4.17070913314819 1.3733617067337 0.413782864809036
2.25184169172242 4.17070913314819 1.51543271541595 0.476361453533173
2.4747966556489 4.17070913314819 1.69833550602198 0.525351673364639
2.7198264022398 4.17070913314819 1.85861755162477 0.570677369832993
2.98911655688376 4.19232761859894 2.09813557565212 0.610929191112518
3.28506914385371 4.19232761859894 2.22910908609629 0.66910246014595
3.61032401197175 4.19232761859894 2.52832370996475 0.77293998003006
3.96778238163021 4.19232761859894 2.70658683776855 0.8312848508358
4.36063272320454 4.19232761859894 3.01522467285395 0.915341049432755
4.79237919768918 4.19232761859894 3.29382598400116 0.962502852082253
5.2668729132423 4.19232761859894 3.75780270248652 1.15588039159775
5.78834627644265 4.19232761859894 3.93111324310303 1.29693591594696
6.36145074466621 4.19232761859894 4.21094945073128 1.37997221946716
6.99129831632754 4.19232761859894 4.64849619567394 1.43668860197067
7.68350712907217 4.19232761859894 5.07924753427505 1.54352450370789
8.45199512379247 4.19232761859894 5.44981372356415 1.59425342082977
9.28882760400582 4.19232761859894 5.68405199050903 1.98033967614174
10.2085149119472 4.19232761859894 6.12254953384399 2.12924325466156
11.2192605084528 4.19232761859894 6.54814505577087 2.21819438040257
12.330080079446 4.19232761859894 6.63302206993103 2.77440667152405
13.5508819543863 4.19232761859894 6.67825317382812 3.06960594654083
14.8925554869521 4.19232761859894 6.67825317382812 3.25352936983109
16.3670681863003 4.19232761859894 6.7896203994751 3.56233203411102
17.9875724652967 4.19232761859894 6.7896203994751 3.82104384899139
19.7685229578944 4.19232761859894 6.7896203994751 4.14758062362671
21.7258054521118 4.19232761859894 6.7896203994751 4.4190616607666
23.8768785886714 4.19232761859894 7.05035495758057 5.22977352142334
26.2409295892292 4.19232761859894 7.05035495758057 5.22977352142334
28.8390454032626 4.19232761859894 7.05035495758057 5.27498364448547
31.6944008002223 4.19232761859894 7.05035495758057 5.60593688488007
34.8324650846968 4.19232761859894 7.05035495758057 5.60593688488007
38.3163339475004 4.19232761859894 7.05035495758057 7.10951566696167
42.1100361799719 4.19232761859894 7.05035495758057 8.81268060207367
46.2793530693252 4.19232761859894 7.05035495758057 9.71601998806
50.8614742424258 4.19232761859894 7.05035495758057 10.6355895996094
55.8972714730444 4.19232761859894 7.05035495758057 10.6496466398239
61.4316632514152 4.19232761859894 7.05035495758057 11.057253241539
67.5140154498445 4.19232761859894 7.05035495758057 13.7868480682373
74.1985816582434 4.19232761859894 7.05035495758057 15.6792993545532
81.5449871173038 4.19232761859894 7.05035495758057 18.6866463422775
89.6187605659235 4.19232761859894 7.05035495758057 20.608077287674
98.4919187468734 4.19232761859894 7.05035495758057 23.2275919318199
108.243608784401 4.19232761859894 7.55932831764221 24.1055414676666
118.960814163673 4.19232761859894 7.55932831764221 24.8441013097763
130.739130609284 4.19232761859894 7.55932831764221 26.0935225486755
143.683618783529 4.19232761859894 7.55932831764221 26.0935225486755
157.909741410383 4.19232761859894 7.55932831764221 27.5399618148804
173.703536936922 4.19232761859894 7.55932831764221 27.5399618148804
190.901933233621 4.19232761859894 7.55932831764221 27.5399618148804
209.803143649102 4.19232761859894 7.55932831764221 30.358250617981
230.575763898515 4.19232761859894 8.11708617210388 33.5095090866089
253.405082367608 4.19232761859894 8.11708617210388 33.5095090866089
278.494732854913 4.19232761859894 8.11708617210388 33.5095090866089
306.068510952025 4.19232761859894 8.11708617210388 33.5095090866089
336.372370263797 4.19232761859894 8.11708617210388 33.5095090866089
369.676616274388 4.19232761859894 8.11708617210388 33.5095090866089
370.015617281199 4.19232761859894 8.11708617210388 33.5095090866089
