0.0387145280838013 0.586059033870697 0.00682759284973145 0.00190824270248413
0.0387500300966981 0.586059033870697 0.00682759284973145 0.00190824270248413
0.0425866726076336 0.586059033870697 0.00682759284973145 0.00190824270248413
0.0468031812946723 0.586059033870697 0.00682759284973145 0.00190824270248413
0.0514371667278207 0.586059033870697 0.00682759284973145 0.00190824270248413
0.0565299633015929 0.586059033870697 0.00682759284973145 0.00190824270248413
0.0621269979310704 0.586059033870697 0.00682759284973145 0.00190824270248413
0.068278195252578 0.586059033870697 0.00682759284973145 0.00190824270248413
0.0750384229432996 0.586059033870697 0.0151098966598511 0.00336039811372757
0.0824679811320132 0.586059033870697 0.0151098966598511 0.00336039811372757
0.0907162527069789 0.586059033870697 0.0151098966598511 0.00336039811372757
0.0996980736423392 0.586059033870697 0.0151098966598511 0.00336039811372757
0.109569185139287 0.586059033870697 0.0151098966598511 0.00336039811372757
0.120417635902936 0.586059033870697 0.0151098966598511 0.00336039811372757
0.132340192345309 0.586059033870697 0.0151098966598511 0.00336039811372757
0.145443201725957 0.586059033870697 0.0151098966598511 0.00336039811372757
0.159843540752169 0.967256665229797 0.0551567673683167 0.0190430879592896
0.175669658100152 0.967256665229797 0.0551567673683167 0.037223057821393
0.193062720156276 0.967256665229797 0.0761180520057678 0.0419953018426895
0.212177870198225 1.85931992530823 0.084433376789093 0.0419953018426895
0.233185612247737 1.9137766957283 0.084433376789093 0.0456689596176147
0.25627333193868 1.9137766957283 0.111108720302582 0.0534548461437225
0.281646967966354 2.74790793657303 0.139776051044464 0.0653300583362579
0.309532849027073 2.74790793657303 0.14562714099884 0.0653300583362579
0.340179712633237 2.74790793657303 0.188701987266541 0.0753520429134369
0.373860923811385 2.74790793657303 0.198278546333313 0.088854968547821
0.411253695994416 3.10663169622421 0.231351435184479 0.102990761399269
0.451971945990459 3.10663169622421 0.275635421276093 0.125044345855713
0.496721712052834 3.12219077348709 0.284892410039902 0.132376313209534
0.54590215479858 3.56563341617584 0.324827134609222 0.148112326860428
0.599951955758347 3.56563341617584 0.371913015842438 0.171965509653091
0.659353230344131 3.56563341617584 0.406682819128036 0.185523264110088
0.724635828240139 3.56563341617584 0.417858004570007 0.193541221320629
0.796382059575582 3.56563341617584 0.474156856536865 0.226256847381592
0.875231889036086 3.84656143188477 0.527540802955627 0.239591524004936
0.961888644244345 3.84656143188477 0.617337465286255 0.270255126059055
1.05712528932784 3.84656143188477 0.671533763408661 0.296974927186966
1.16179131963283 3.84656143188477 0.72266149520874 0.333788469433784
1.27682033908432 3.98659324645996 0.780345261096954 0.358261188492179
1.4032383877809 4.04104137420654 0.896884441375732 0.402567377313972
1.54217309410505 4.04104995727539 0.973876893520355 0.445446535944939
1.69486373298454 4.17070913314819 1.08496679365635 0.491437427699566
1.86438038854372 4.17070913314819 1.20351558923721 0.525181636214256
2.0489727885339 4.17070913314819 1.3195384144783 0.605262920260429
2.25184169172242 4.17070913314819 1.49091482162476 0.648938223719597
2.4747966556489 4.17070913314819 1.60062509775162 0.712494334205985
2.7198264022398 4.17070913314819 1.78696835041046 0.8018464371562
2.98911655688376 4.19232761859894 1.9869025349617 0.857129856944084
3.28506914385371 4.19232761859894 2.11324101686478 0.950659267604351
3.61032401197175 4.19232761859894 2.34670400619507 1.03406900167465
3.96778238163021 4.19232761859894 2.56565463542938 1.11804001964629
4.36063272320454 4.19232761859894 2.7675855755806 1.25586369633675
4.79237919768918 4.19232761859894 3.05888450145721 1.36089105159044
5.2668729132423 4.19232761859894 3.45681983232498 1.5400153696537
5.78834627644265 4.19232761859894 3.75425320863724 1.61966907978058
6.36145074466621 4.19232761859894 3.98143780231476 1.75867847539485
6.99129831632754 4.19232761859894 4.37255996465683 1.91188017465174
7.68350712907217 4.19232761859894 4.84356153011322 2.11716318130493
8.45199512379247 4.19232761859894 5.22191762924194 2.27391338348389
9.28882760400582 4.19232761859894 5.46212673187256 2.54439318180084
10.2085149119472 4.19232761859894 6.11011946201324 2.71635961532593
11.2192605084528 4.19232761859894 6.64912033081055 2.84549331665039
12.330080079446 4.19232761859894 6.69503593444824 3.02128434181213
13.5508819543863 4.19232761859894 6.73056268692017 3.29257106781006
14.8925554869521 4.19232761859894 6.73056268692017 3.35102331638336
16.3670681863003 4.19232761859894 6.73056268692017 3.54675114154816
17.9875724652967 4.19232761859894 6.73056268692017 3.7779735326767
19.7685229578944 4.19232761859894 6.73056268692017 4.08794546127319
21.7258054521118 4.19232761859894 6.73056268692017 4.4510293006897
23.8768785886714 4.19232761859894 6.73056268692017 4.70666527748108
26.2409295892292 4.19232761859894 6.73056268692017 5.00550007820129
28.8390454032626 4.19232761859894 6.73056268692017 5.57184147834778
31.6944008002223 4.19232761859894 6.73056268692017 6.15256331115961
34.8324650846968 4.19232761859894 6.73056268692017 6.88513374328613
38.3163339475004 4.19232761859894 6.73056268692017 7.35075092315674
42.1100361799719 4.19232761859894 6.73056268692017 7.70775175094604
46.2793530693252 4.19232761859894 6.73056268692017 7.87501859664917
50.8614742424258 4.19232761859894 6.73056268692017 7.87501859664917
55.8972714730444 4.19232761859894 6.73056268692017 7.87501859664917
61.4316632514152 4.19232761859894 6.73056268692017 7.87501859664917
67.5140154498445 4.19232761859894 6.73056268692017 8.51267194747925
74.1985816582434 4.19232761859894 6.73056268692017 8.51267194747925
81.5449871173038 4.19232761859894 6.73056268692017 10.7161930799484
89.6187605659235 4.19232761859894 6.73056268692017 13.298076748848
98.4919187468734 4.19232761859894 6.73056268692017 15.0923295021057
108.243608784401 4.19232761859894 7.578284740448 16.0330147743225
118.960814163673 4.19232761859894 7.578284740448 16.0330147743225
130.739130609284 4.19232761859894 7.578284740448 16.0330147743225
143.683618783529 4.19232761859894 7.578284740448 16.0330147743225
157.909741410383 4.19232761859894 7.578284740448 16.2964640855789
173.703536936922 4.19232761859894 7.578284740448 16.2964640855789
190.901933233621 4.19232761859894 7.578284740448 16.2964640855789
209.803143649102 4.19232761859894 7.578284740448 18.035106420517
230.575763898515 4.19232761859894 7.578284740448 18.035106420517
253.405082367608 4.19232761859894 7.578284740448 18.035106420517
278.494732854913 4.19232761859894 7.578284740448 18.035106420517
306.068510952025 4.19232761859894 7.578284740448 18.035106420517
336.372370263797 4.19232761859894 7.578284740448 18.035106420517
369.676616274388 4.19232761859894 7.578284740448 18.035106420517
370.015617281199 4.19232761859894 7.578284740448 18.035106420517
