0.0387145280838013 0.586059033870697 0.00993716716766357 0.00408953428268433
0.0387500300966981 0.586059033870697 0.00993716716766357 0.00408953428268433
0.0425866726076336 0.586059033870697 0.00993716716766357 0.00408953428268433
0.0468031812946723 0.586059033870697 0.00993716716766357 0.00408953428268433
0.0514371667278207 0.586059033870697 0.00993716716766357 0.00408953428268433
0.0565299633015929 0.586059033870697 0.00993716716766357 0.00408953428268433
0.0621269979310704 0.586059033870697 0.00993716716766357 0.00408953428268433
0.068278195252578 0.586059033870697 0.00993716716766357 0.00408953428268433
0.0750384229432996 0.586059033870697 0.0190399289131165 0.00408953428268433
0.0824679811320132 0.586059033870697 0.0190399289131165 0.00408953428268433
0.0907162527069789 0.586059033870697 0.0190399289131165 0.00408953428268433
0.0996980736423392 0.586059033870697 0.0190399289131165 0.00408953428268433
0.109569185139287 0.586059033870697 0.0190399289131165 0.00408953428268433
0.120417635902936 0.586059033870697 0.0190399289131165 0.00408953428268433
0.132340192345309 0.586059033870697 0.0190399289131165 0.00408953428268433
0.145443201725957 0.586059033870697 0.0190399289131165 0.00408953428268433
0.159843540752169 0.967256665229797 0.0355575084686279 0.0288333594799042
0.175669658100152 0.967256665229797 0.0566138923168182 0.0288333594799042
0.193062720156276 0.967256665229797 0.0899030566215515 0.0308845639228821
0.212177870198225 1.85931992530823 0.0902982950210571 0.0442067384719849
0.233185612247737 1.9137766957283 0.0902982950210571 0.0442067384719849
0.25627333193868 1.9137766957283 0.110078454017639 0.0536020398139954
0.281646967966354 2.74790793657303 0.150718383491039 0.0568581819534302
0.309532849027073 2.74790793657303 0.16491174697876 0.066025972366333
0.340179712633237 2.74790793657303 0.184406757354736 0.0749316811561584
0.373860923811385 2.74790793657303 0.214230090379715 0.0847304463386536
0.411253695994416 3.10663169622421 0.264200862497091 0.101147592067719
0.451971945990459 3.10663169622421 0.309929579496384 0.108695715665817
0.496721712052834 3.12219077348709 0.309929579496384 0.128117322921753
0.54590215479858 3.56563341617584 0.355447918176651 0.137748062610626
0.599951955758347 3.56563341617584 0.388118296861649 0.15934357047081
0.659353230344131 3.56563341617584 0.451545409858227 0.176171898841858
0.724635828240139 3.56563341617584 0.460662119090557 0.202987194061279
0.796382059575582 3.56563341617584 0.531520932912827 0.216624319553375
0.875231889036086 3.84656143188477 0.562474399805069 0.242000102996826
0.961888644244345 3.84656143188477 0.648682296276093 0.265909492969513
1.05712528932784 3.84656143188477 0.683086633682251 0.307123839855194
1.16179131963283 3.84656143188477 0.793086796998978 0.345408499240875
1.27682033908432 3.98659324645996 0.841849774122238 0.371805042028427
1.4032383877809 4.04104137420654 0.962593823671341 0.44379922747612
1.54217309410505 4.04104995727539 1.0446558073163 0.462101340293884
1.69486373298454 4.17070913314819 1.18535250425339 0.494645625352859
1.86438038854372 4.17070913314819 1.29776293039322 0.582636266946793
2.0489727885339 4.17070913314819 1.39410090446472 0.618820071220398
2.25184169172242 4.17070913314819 1.54063841700554 0.666354656219482
2.4747966556489 4.17070913314819 1.72715900465846 0.759008884429932
2.7198264022398 4.17070913314819 1.88980859518051 0.827335745096207
2.98911655688376 4.19232761859894 2.13701900839806 0.908493965864182
3.28506914385371 4.19232761859894 2.25239833444357 1.00419998168945
3.61032401197175 4.19232761859894 2.56416714191437 1.06413546204567
3.96778238163021 4.19232761859894 2.74074590206146 1.15020847320557
4.36063272320454 4.19232761859894 3.06453665345907 1.30423539876938
4.79237919768918 4.19232761859894 3.33225521445274 1.40203720331192
5.2668729132423 4.19232761859894 3.81865509599447 1.51761144399643
5.78834627644265 4.19232761859894 3.96032410860062 1.66309988498688
6.36145074466621 4.19232761859894 4.26806947588921 1.73105257749557
6.99129831632754 4.19232761859894 4.68995663523674 1.79171288013458
7.68350712907217 4.19232761859894 5.106290102005 1.9457083940506
8.45199512379247 4.19232761859894 5.46962738037109 1.98924469947815
9.28882760400582 4.19232761859894 5.78332543373108 2.12214940786362
10.2085149119472 4.19232761859894 6.06285047531128 2.28453421592712
11.2192605084528 4.19232761859894 6.43421173095703 2.29046785831451
12.330080079446 4.19232761859894 6.54013252258301 2.35223126411438
13.5508819543863 4.19232761859894 6.6769437789917 2.43448323011398
14.8925554869521 4.19232761859894 6.6769437789917 2.51575720310211
16.3670681863003 4.19232761859894 6.78616189956665 2.62696361541748
17.9875724652967 4.19232761859894 6.78616189956665 2.64597058296204
19.7685229578944 4.19232761859894 6.78616189956665 2.90770375728607
21.7258054521118 4.19232761859894 6.78616189956665 3.10655915737152
23.8768785886714 4.19232761859894 7.35142135620117 3.48288199305534
26.2409295892292 4.19232761859894 7.35142135620117 3.84757030010223
28.8390454032626 4.19232761859894 7.35142135620117 4.39580282568932
31.6944008002223 4.19232761859894 7.35142135620117 4.88360977172852
34.8324650846968 4.19232761859894 7.35142135620117 5.22941672801971
38.3163339475004 4.19232761859894 7.35142135620117 5.47091484069824
42.1100361799719 4.19232761859894 7.35142135620117 5.77286696434021
46.2793530693252 4.19232761859894 7.35142135620117 5.97172236442566
50.8614742424258 4.19232761859894 7.35142135620117 6.16453814506531
55.8972714730444 4.19232761859894 7.35142135620117 6.36653256416321
61.4316632514152 4.19232761859894 7.35142135620117 6.73328423500061
67.5140154498445 4.19232761859894 7.35142135620117 6.92708301544189
74.1985816582434 4.19232761859894 7.35142135620117 6.92708301544189
81.5449871173038 4.19232761859894 7.35142135620117 7.66112786531448
89.6187605659235 4.19232761859894 7.35142135620117 8.93705153465271
98.4919187468734 4.19232761859894 7.35142135620117 10.1759040355682
108.243608784401 4.19232761859894 7.41052579879761 11.0718590021133
118.960814163673 4.19232761859894 7.41052579879761 11.9272577762604
130.739130609284 4.19232761859894 7.41052579879761 12.1155033111572
143.683618783529 4.19232761859894 7.41052579879761 13.1920402050018
157.909741410383 4.19232761859894 7.41052579879761 13.1920402050018
173.703536936922 4.19232761859894 7.41052579879761 13.1920402050018
190.901933233621 4.19232761859894 7.41052579879761 15.5291314125061
209.803143649102 4.19232761859894 7.41052579879761 17.6207699775696
230.575763898515 4.19232761859894 7.81199789047241 17.6207699775696
253.405082367608 4.19232761859894 7.81199789047241 17.6207699775696
278.494732854913 4.19232761859894 7.81199789047241 17.6207699775696
306.068510952025 4.19232761859894 7.81199789047241 17.6207699775696
336.372370263797 4.19232761859894 7.81199789047241 17.6207699775696
369.676616274388 4.19232761859894 7.81199789047241 17.6207699775696
370.015617281199 4.19232761859894 7.81199789047241 17.6207699775696
