0.0387145280838013 0.586059033870697 0.00927251577377319 0.00463855266571045
0.0387500300966981 0.586059033870697 0.00927251577377319 0.00463855266571045
0.0425866726076336 0.586059033870697 0.00927251577377319 0.00463855266571045
0.0468031812946723 0.586059033870697 0.00927251577377319 0.00463855266571045
0.0514371667278207 0.586059033870697 0.00927251577377319 0.00463855266571045
0.0565299633015929 0.586059033870697 0.00927251577377319 0.00463855266571045
0.0621269979310704 0.586059033870697 0.00927251577377319 0.00463855266571045
0.068278195252578 0.586059033870697 0.00927251577377319 0.00463855266571045
0.0750384229432996 0.586059033870697 0.0181495845317841 0.00463855266571045
0.0824679811320132 0.586059033870697 0.0181495845317841 0.00463855266571045
0.0907162527069789 0.586059033870697 0.0321884155273438 0.00463855266571045
0.0996980736423392 0.586059033870697 0.0321884155273438 0.00463855266571045
0.109569185139287 0.586059033870697 0.0321884155273438 0.00463855266571045
0.120417635902936 0.586059033870697 0.0321884155273438 0.00463855266571045
0.132340192345309 0.586059033870697 0.0321884155273438 0.00463855266571045
0.145443201725957 0.99837489426136 0.0665286183357239 0.0286481380462646
0.159843540752169 0.99837489426136 0.0665286183357239 0.0334355235099792
0.175669658100152 0.99837489426136 0.0665286183357239 0.0334355235099792
0.193062720156276 0.99837489426136 0.0857650637626648 0.038341224193573
0.212177870198225 2.30101633071899 0.11000794172287 0.04825758934021
0.233185612247737 2.30101633071899 0.11000794172287 0.0588539242744446
0.25627333193868 2.30101633071899 0.12467098236084 0.0639769434928894
0.281646967966354 2.74790793657303 0.147185146808624 0.0695982426404953
0.309532849027073 2.74790793657303 0.159203171730042 0.0859923958778381
0.340179712633237 2.74790793657303 0.185395538806915 0.0931443274021149
0.373860923811385 2.74790793657303 0.209426641464233 0.0980090796947479
0.411253695994416 3.10663169622421 0.254333324730396 0.115475594997406
0.451971945990459 3.13343650102615 0.299426734447479 0.123614877462387
0.496721712052834 3.13343650102615 0.315955929458141 0.139618098735809
0.54590215479858 3.56563341617584 0.345332145690918 0.155312240123749
0.599951955758347 3.7056565284729 0.387650370597839 0.177901804447174
0.659353230344131 3.7056565284729 0.437143810093403 0.19333016872406
0.724635828240139 3.7056565284729 0.478313587605953 0.21710216999054
0.796382059575582 3.7056565284729 0.512132942676544 0.243069022893906
0.875231889036086 3.84656143188477 0.594540983438492 0.269844651222229
0.961888644244345 3.84656143188477 0.64544814825058 0.297097384929657
1.05712528932784 3.93300080299377 0.704008013010025 0.324637770652771
1.16179131963283 3.93300080299377 0.774081528186798 0.368386745452881
1.27682033908432 4.04104995727539 0.835894323885441 0.406788229942322
1.4032383877809 4.04104995727539 0.948112010955811 0.44199275970459
1.54217309410505 4.19232761859894 1.02300024032593 0.491421103477478
1.69486373298454 4.19232761859894 1.14911603927612 0.536048591136932
1.86438038854372 4.19232761859894 1.27430784702301 0.58060085773468
2.0489727885339 4.19232761859894 1.38028341531754 0.650126695632935
2.25184169172242 4.19232761859894 1.54849702119827 0.709839284420013
2.4747966556489 4.19232761859894 1.67591495066881 0.7774937748909
2.7198264022398 4.19232761859894 1.86581778526306 0.854426205158234
2.98911655688376 4.19232761859894 2.06797933578491 0.9580437541008
3.28506914385371 4.19232761859894 2.21002925187349 1.05004638433456
3.61032401197175 4.19232761859894 2.50006902217865 1.15868246555328
3.96778238163021 4.19232761859894 2.69190859794617 1.2506343126297
4.36063272320454 4.19232761859894 2.97645521908998 1.37885987758636
4.79237919768918 4.19232761859894 3.32226860523224 1.5384047627449
5.2668729132423 4.19232761859894 3.7103965356946 1.69115105271339
5.78834627644265 4.19232761859894 3.91842049360275 1.87812912464142
6.36145074466621 4.19232761859894 4.16639465093613 2.03634066879749
6.99129831632754 4.19232761859894 4.61379760503769 2.24364507198334
7.68350712907217 4.19232761859894 5.05592525005341 2.46052177250385
8.45199512379247 4.19232761859894 5.59030961990356 2.7593452334404
9.28882760400582 4.19232761859894 5.86017024517059 2.9442794919014
10.2085149119472 4.19232761859894 6.16851007938385 3.25315821170807
11.2192605084528 4.19232761859894 6.62822818756104 3.57079473137856
12.330080079446 4.19232761859894 6.69896697998047 3.93781471252441
13.5508819543863 4.19232761859894 6.71629238128662 4.36608350276947
14.8925554869521 4.19232761859894 6.71633625030518 4.71574866771698
16.3670681863003 4.19232761859894 6.79927182197571 5.19671881198883
17.9875724652967 4.19232761859894 6.79927182197571 5.60810494422913
19.7685229578944 4.19232761859894 6.79927182197571 5.98090010881424
21.7258054521118 4.19232761859894 6.79927182197571 6.73322957754135
23.8768785886714 4.19232761859894 6.82958209514618 7.48289835453033
26.2409295892292 4.19232761859894 6.82958209514618 8.50764131546021
28.8390454032626 4.19232761859894 6.82958209514618 9.24833959341049
31.6944008002223 4.19232761859894 6.82958209514618 10.2085344195366
34.8324650846968 4.19232761859894 6.82958209514618 11.1190367937088
38.3163339475004 4.19232761859894 6.82958209514618 12.1315195560455
42.1100361799719 4.19232761859894 6.82958209514618 12.3470864295959
46.2793530693252 4.19232761859894 6.94949722290039 12.3470864295959
50.8614742424258 4.19232761859894 6.94949722290039 12.3470864295959
55.8972714730444 4.19232761859894 6.94949722290039 12.3470864295959
61.4316632514152 4.19232761859894 6.94949722290039 12.3470864295959
67.5140154498445 4.19232761859894 6.94949722290039 12.3470864295959
74.1985816582434 4.19232761859894 6.94949722290039 12.3470864295959
81.5449871173038 4.19232761859894 6.94949722290039 12.3470864295959
89.6187605659235 4.19232761859894 7.565260887146 12.3470864295959
98.4919187468734 4.19232761859894 7.565260887146 12.3470864295959
108.243608784401 4.19232761859894 7.565260887146 12.3470864295959
118.960814163673 4.19232761859894 7.565260887146 12.3470864295959
130.739130609284 4.19232761859894 7.565260887146 12.3470864295959
143.683618783529 4.19232761859894 7.565260887146 12.3470864295959
157.909741410383 4.19232761859894 7.565260887146 12.3470864295959
173.703536936922 4.19232761859894 7.565260887146 12.3470864295959
190.901933233621 4.19232761859894 7.565260887146 12.3470864295959
209.803143649102 4.19232761859894 7.565260887146 12.3470864295959
230.575763898515 4.19232761859894 8.08776664733887 12.3470864295959
253.405082367608 4.19232761859894 8.08776664733887 12.3470864295959
278.494732854913 4.19232761859894 8.08776664733887 12.3470864295959
306.068510952025 4.19232761859894 8.08776664733887 12.3470864295959
336.372370263797 4.19232761859894 8.08776664733887 12.3470864295959
369.676616274388 4.19232761859894 8.08776664733887 12.3470864295959
370.015617281199 4.19232761859894 8.08776664733887 12.3470864295959
