0.0387145280838013 0.586059033870697 0.00772017240524292 0.00123786926269531
0.0387500300966981 0.586059033870697 0.00772017240524292 0.00123786926269531
0.0425866726076336 0.586059033870697 0.00772017240524292 0.00123786926269531
0.0468031812946723 0.586059033870697 0.00772017240524292 0.00123786926269531
0.0514371667278207 0.586059033870697 0.00772017240524292 0.00123786926269531
0.0565299633015929 0.586059033870697 0.00772017240524292 0.00123786926269531
0.0621269979310704 0.586059033870697 0.00772017240524292 0.00123786926269531
0.068278195252578 0.586059033870697 0.00772017240524292 0.00123786926269531
0.0750384229432996 0.586059033870697 0.0162096619606018 0.00714927911758423
0.0824679811320132 0.586059033870697 0.0162096619606018 0.00714927911758423
0.0907162527069789 0.586059033870697 0.0305747389793396 0.00783616304397583
0.0996980736423392 0.586059033870697 0.0305747389793396 0.00783616304397583
0.109569185139287 0.586059033870697 0.0305747389793396 0.00783616304397583
0.120417635902936 0.586059033870697 0.0305747389793396 0.00783616304397583
0.132340192345309 0.586059033870697 0.0305747389793396 0.00783616304397583
0.145443201725957 0.99837489426136 0.071788489818573 0.0208145678043365
0.159843540752169 0.99837489426136 0.071788489818573 0.0356865078210831
0.175669658100152 0.99837489426136 0.071788489818573 0.0494738221168518
0.193062720156276 0.99837489426136 0.0793845653533936 0.0494738221168518
0.212177870198225 2.30101633071899 0.103379249572754 0.0606406927108765
0.233185612247737 2.30101633071899 0.103379249572754 0.0640567541122437
0.25627333193868 2.30101633071899 0.119009017944336 0.072161078453064
0.281646967966354 2.74790793657303 0.140390336513519 0.0831291675567627
0.309532849027073 2.74790793657303 0.150136590003967 0.0894473791122437
0.340179712633237 2.74790793657303 0.18650233745575 0.0955587029457092
0.373860923811385 2.74790793657303 0.201853215694427 0.1177619099617
0.411253695994416 3.10663169622421 0.239023149013519 0.12163782119751
0.451971945990459 3.13343650102615 0.283491671085358 0.141740441322327
0.496721712052834 3.13343650102615 0.314047455787659 0.157825827598572
0.54590215479858 3.56563341617584 0.329010426998138 0.170151352882385
0.599951955758347 3.7056565284729 0.377524018287659 0.185807347297668
0.659353230344131 3.7056565284729 0.416555404663086 0.214739099144936
0.724635828240139 3.7056565284729 0.454304039478302 0.227857649326324
0.796382059575582 3.7056565284729 0.48487251996994 0.248699188232422
0.875231889036086 3.84656143188477 0.576586037874222 0.286618590354919
0.961888644244345 3.84656143188477 0.627120465040207 0.305362403392792
1.05712528932784 3.93300080299377 0.67954084277153 0.339061185717583
1.16179131963283 3.93300080299377 0.734831303358078 0.382513538002968
1.27682033908432 4.04104995727539 0.812044084072113 0.408059298992157
1.4032383877809 4.04104995727539 0.914218366146088 0.459626376628876
1.54217309410505 4.19232761859894 0.984689056873322 0.498766675591469
1.69486373298454 4.19232761859894 1.09590816497803 0.555998623371124
1.86438038854372 4.19232761859894 1.22717922925949 0.61124324798584
2.0489727885339 4.19232761859894 1.32141256332397 0.669821918010712
2.25184169172242 4.19232761859894 1.48369693756104 0.743496417999268
2.4747966556489 4.19232761859894 1.60812911763787 0.826081573963165
2.7198264022398 4.19232761859894 1.78818774223328 0.896675169467926
2.98911655688376 4.19232761859894 2.00490939617157 1.00491391122341
3.28506914385371 4.19232761859894 2.1295063495636 1.07266926765442
3.61032401197175 4.19232761859894 2.39682948589325 1.19559556245804
3.96778238163021 4.19232761859894 2.60944437980652 1.28955182433128
4.36063272320454 4.19232761859894 2.83898401260376 1.43582087755203
4.79237919768918 4.19232761859894 3.18944811820984 1.56471468508244
5.2668729132423 4.19232761859894 3.54034108296037 1.72794508934021
5.78834627644265 4.19232761859894 3.81093430519104 1.91480720043182
6.36145074466621 4.19232761859894 4.01952946186066 2.08019731938839
6.99129831632754 4.19232761859894 4.45271241664886 2.29957246780396
7.68350712907217 4.19232761859894 4.91549277305603 2.512670353055
8.45199512379247 4.19232761859894 5.46939206123352 2.80440068244934
9.28882760400582 4.19232761859894 5.81270611286163 3.04221880435944
10.2085149119472 4.19232761859894 6.13837623596191 3.31410449743271
11.2192605084528 4.19232761859894 6.65313339233398 3.57641839981079
12.330080079446 4.19232761859894 6.70912551879883 3.90038895606995
13.5508819543863 4.19232761859894 6.73317909240723 4.271803855896
14.8925554869521 4.19232761859894 6.73317909240723 4.60340523719788
16.3670681863003 4.19232761859894 6.73317909240723 4.96630787849426
17.9875724652967 4.19232761859894 6.73317909240723 5.36729741096497
19.7685229578944 4.19232761859894 6.73317909240723 5.99231314659119
21.7258054521118 4.19232761859894 6.73317909240723 6.43364000320435
23.8768785886714 4.19232761859894 6.73317909240723 6.97851479053497
26.2409295892292 4.19232761859894 6.73317909240723 7.78317511081696
28.8390454032626 4.19232761859894 6.73317909240723 8.34730911254883
31.6944008002223 4.19232761859894 6.73317909240723 9.07841682434082
34.8324650846968 4.19232761859894 6.73317909240723 9.85739040374756
38.3163339475004 4.19232761859894 6.73317909240723 10.9274749755859
42.1100361799719 4.19232761859894 6.73317909240723 11.8524558544159
46.2793530693252 4.19232761859894 6.73317909240723 13.3120703697205
50.8614742424258 4.19232761859894 6.73317909240723 13.9320421218872
55.8972714730444 4.19232761859894 6.73317909240723 13.9488697052002
61.4316632514152 4.19232761859894 6.73317909240723 14.7884621620178
67.5140154498445 4.19232761859894 6.73317909240723 17.7345380783081
74.1985816582434 4.19232761859894 6.73317909240723 18.2981700897217
81.5449871173038 4.19232761859894 6.73317909240723 22.7037389278412
89.6187605659235 4.19232761859894 6.73317909240723 27.2419400215149
98.4919187468734 4.19232761859894 6.73317909240723 29.4376667141914
108.243608784401 4.19232761859894 7.48021006584167 31.6665802001953
118.960814163673 4.19232761859894 7.48021006584167 32.5230002403259
130.739130609284 4.19232761859894 7.48021006584167 35.1249694824219
143.683618783529 4.19232761859894 7.48021006584167 36.7243022918701
157.909741410383 4.19232761859894 7.48021006584167 37.1397323608398
173.703536936922 4.19232761859894 7.48021006584167 49.0548391342163
190.901933233621 4.19232761859894 7.48021006584167 49.0548391342163
209.803143649102 4.19232761859894 7.48021006584167 62.9868812561035
230.575763898515 4.19232761859894 7.61334872245789 64.6004405021667
253.405082367608 4.19232761859894 7.61334872245789 68.0446033477783
278.494732854913 4.19232761859894 7.61334872245789 68.460033416748
306.068510952025 4.19232761859894 7.61334872245789 68.460033416748
336.372370263797 4.19232761859894 7.61334872245789 79.5042266845703
369.676616274388 4.19232761859894 7.61334872245789 79.5042266845703
370.015617281199 4.19232761859894 7.61334872245789 79.5042266845703
