0.0387145280838013 0.586059033870697 0.00775504112243652 0.0036902129650116
0.0387500300966981 0.586059033870697 0.00775504112243652 0.0036902129650116
0.0425866726076336 0.586059033870697 0.00775504112243652 0.0036902129650116
0.0468031812946723 0.586059033870697 0.00775504112243652 0.0036902129650116
0.0514371667278207 0.586059033870697 0.00775504112243652 0.0036902129650116
0.0565299633015929 0.586059033870697 0.00775504112243652 0.0036902129650116
0.0621269979310704 0.586059033870697 0.00775504112243652 0.0036902129650116
0.068278195252578 0.586059033870697 0.00775504112243652 0.0036902129650116
0.0750384229432996 0.586059033870697 0.0162704586982727 0.0036902129650116
0.0824679811320132 0.586059033870697 0.0162704586982727 0.0036902129650116
0.0907162527069789 0.586059033870697 0.0305660367012024 0.00853794813156128
0.0996980736423392 0.586059033870697 0.0305660367012024 0.00853794813156128
0.109569185139287 0.586059033870697 0.0305660367012024 0.00853794813156128
0.120417635902936 0.586059033870697 0.0305660367012024 0.00853794813156128
0.132340192345309 0.586059033870697 0.0305660367012024 0.00853794813156128
0.145443201725957 0.99837489426136 0.0713579654693604 0.016796201467514
0.159843540752169 0.99837489426136 0.0713579654693604 0.0339663326740265
0.175669658100152 0.99837489426136 0.0713579654693604 0.0342085361480713
0.193062720156276 0.99837489426136 0.0796463638544083 0.0342085361480713
0.212177870198225 2.30101633071899 0.103669464588165 0.0416182279586792
0.233185612247737 2.30101633071899 0.103669464588165 0.0509361326694489
0.25627333193868 2.30101633071899 0.119291961193085 0.0634537935256958
0.281646967966354 2.74790793657303 0.140662625432014 0.072415679693222
0.309532849027073 2.74790793657303 0.150519013404846 0.0795757174491882
0.340179712633237 2.74790793657303 0.185845077037811 0.0805552899837494
0.373860923811385 2.74790793657303 0.202339440584183 0.0881458818912506
0.411253695994416 3.10663169622421 0.239709749817848 0.106062084436417
0.451971945990459 3.13343650102615 0.284236222505569 0.118664622306824
0.496721712052834 3.13343650102615 0.313915610313416 0.131453096866608
0.54590215479858 3.56563341617584 0.329863965511322 0.144707560539246
0.599951955758347 3.7056565284729 0.377892941236496 0.155655860900879
0.659353230344131 3.7056565284729 0.417735323309898 0.176090061664581
0.724635828240139 3.7056565284729 0.455420210957527 0.191217869520187
0.796382059575582 3.7056565284729 0.486212342977524 0.224699378013611
0.875231889036086 3.84656143188477 0.577213853597641 0.249803364276886
0.961888644244345 3.84656143188477 0.62783095240593 0.262227296829224
1.05712528932784 3.93300080299377 0.680760875344276 0.287312895059586
1.16179131963283 3.93300080299377 0.736698642373085 0.322298794984818
1.27682033908432 4.04104995727539 0.811062976717949 0.35873544216156
1.4032383877809 4.04104995727539 0.915788561105728 0.38631808757782
1.54217309410505 4.19232761859894 0.986501187086105 0.437419265508652
1.69486373298454 4.19232761859894 1.0987423658371 0.474866926670074
1.86438038854372 4.19232761859894 1.22950661182404 0.531172007322311
2.0489727885339 4.19232761859894 1.3241785466671 0.584036380052567
2.25184169172242 4.19232761859894 1.48562082648277 0.642743557691574
2.4747966556489 4.19232761859894 1.60739723965526 0.710296183824539
2.7198264022398 4.19232761859894 1.7918998003006 0.778027921915054
2.98911655688376 4.19232761859894 2.00513809919357 0.868017733097076
3.28506914385371 4.19232761859894 2.13349126279354 0.9619520008564
3.61032401197175 4.19232761859894 2.40244007110596 1.05281588435173
3.96778238163021 4.19232761859894 2.61292922496796 1.13806785643101
4.36063272320454 4.19232761859894 2.84354094788432 1.23550963401794
4.79237919768918 4.19232761859894 3.19374006986618 1.36836513876915
5.2668729132423 4.19232761859894 3.54923872277141 1.53523582965136
5.78834627644265 4.19232761859894 3.81534469127655 1.66235184669495
6.36145074466621 4.19232761859894 4.02125492691994 1.83955270051956
6.99129831632754 4.19232761859894 4.46035541594028 2.03560355305672
7.68350712907217 4.19232761859894 4.92246073484421 2.236303627491
8.45199512379247 4.19232761859894 5.47441470623016 2.45570385456085
9.28882760400582 4.19232761859894 5.81299686431885 2.69403040409088
10.2085149119472 4.19232761859894 6.13754427433014 2.90203106403351
11.2192605084528 4.19232761859894 6.64790344238281 3.20136404037476
12.330080079446 4.19232761859894 6.70437574386597 3.51972255110741
13.5508819543863 4.19232761859894 6.72700214385986 3.88377583026886
14.8925554869521 4.19232761859894 6.72700214385986 4.20602810382843
16.3670681863003 4.19232761859894 6.72700214385986 4.52645587921143
17.9875724652967 4.19232761859894 6.72700214385986 4.84801077842712
19.7685229578944 4.19232761859894 6.72700214385986 5.67176353931427
21.7258054521118 4.19232761859894 6.72700214385986 6.2424795627594
23.8768785886714 4.19232761859894 6.72700214385986 6.91202467679977
26.2409295892292 4.19232761859894 6.72700214385986 7.75339841842651
28.8390454032626 4.19232761859894 6.72700214385986 8.36087691783905
31.6944008002223 4.19232761859894 6.72700214385986 9.38175323605537
34.8324650846968 4.19232761859894 6.72700214385986 9.98637020587921
38.3163339475004 4.19232761859894 6.72700214385986 10.3228360414505
42.1100361799719 4.19232761859894 6.72700214385986 11.1882684826851
46.2793530693252 4.19232761859894 6.72700214385986 12.2908042669296
50.8614742424258 4.19232761859894 6.72700214385986 12.5724965333939
55.8972714730444 4.19232761859894 6.72700214385986 12.6126346588135
61.4316632514152 4.19232761859894 6.72700214385986 12.6126346588135
67.5140154498445 4.19232761859894 6.72700214385986 15.2712278366089
74.1985816582434 4.19232761859894 6.72700214385986 18.4299855232239
81.5449871173038 4.19232761859894 6.72700214385986 22.1332399845123
89.6187605659235 4.19232761859894 6.73849391937256 24.7806161642075
98.4919187468734 4.19232761859894 6.73849391937256 27.4890979528427
108.243608784401 4.19232761859894 7.42987632751465 27.8838624954224
118.960814163673 4.19232761859894 7.42987632751465 29.3784828186035
130.739130609284 4.19232761859894 7.42987632751465 32.1598987579346
143.683618783529 4.19232761859894 7.42987632751465 32.1598987579346
157.909741410383 4.19232761859894 7.42987632751465 32.1598987579346
173.703536936922 4.19232761859894 7.42987632751465 44.6497106552124
190.901933233621 4.19232761859894 7.42987632751465 44.6497106552124
209.803143649102 4.19232761859894 7.42987632751465 57.2623453140259
230.575763898515 4.19232761859894 7.66806125640869 57.2623453140259
253.405082367608 4.19232761859894 7.66806125640869 57.2623453140259
278.494732854913 4.19232761859894 7.66806125640869 57.2623453140259
306.068510952025 4.19232761859894 7.66806125640869 57.2623453140259
336.372370263797 4.19232761859894 7.66806125640869 57.2623453140259
369.676616274388 4.19232761859894 7.66806125640869 57.2623453140259
370.015617281199 4.19232761859894 7.66806125640869 57.2623453140259
