0.0194894644874591 0.586059033870697 0.00772017240524292 0.00123786926269531
0.0195076157341004 0.586059033870697 0.00772017240524292 0.00123786926269531
0.0214706726399789 0.586059033870697 0.00772017240524292 0.00123786926269531
0.0236312725192399 0.586059033870697 0.00772017240524292 0.00123786926269531
0.0260092941773403 0.586059033870697 0.00772017240524292 0.00123786926269531
0.02862661682957 0.586059033870697 0.00772017240524292 0.00123786926269531
0.0315073214028609 0.586059033870697 0.0162096619606018 0.00714927911758423
0.0346779120946542 0.586059033870697 0.0162096619606018 0.00714927911758423
0.0381675602272991 0.586059033870697 0.0162096619606018 0.00714927911758423
0.0420083726415892 0.586059033870697 0.0162096619606018 0.00714927911758423
0.0462787480746938 0.586059033870697 0.0162096619606018 0.00714927911758423
0.0509357916233132 0.586059033870697 0.0162096619606018 0.00714927911758423
0.056061474785492 0.586059033870697 0.0162096619606018 0.00714927911758423
0.0617029568985016 0.586059033870697 0.0162096619606018 0.00714927911758423
0.0679121429571029 0.586059033870697 0.0264254212379456 0.00793576240539551
0.0747461611704054 0.768446087837219 0.0520340204238892 0.0356865078210831
0.0822678885754094 0.967256665229797 0.0520340204238892 0.0356865078210831
0.0905465295431877 1.00701880455017 0.0520340204238892 0.0397995114326477
0.0996582525003081 1.9137766957283 0.0520340204238892 0.0494738221168518
0.109686890723714 1.9137766957283 0.10052901506424 0.0585999637842178
0.120724713656792 1.9137766957283 0.100847542285919 0.0632677674293518
0.132873275843195 2.74790793657303 0.100847542285919 0.06930872797966
0.146244351289115 2.74790793657303 0.13394832611084 0.0813521444797516
0.160960961850701 2.74790793657303 0.137030720710754 0.0969036817550659
0.177158509108387 2.74790793657303 0.172999995062128 0.102678030729294
0.194986020142061 2.80583125352859 0.22022807598114 0.118399143218994
0.214807390451206 2.80583125352859 0.221004549413919 0.142712414264679
0.23642351909587 3.39448344707489 0.243364395573735 0.158918559551239
0.260214884898814 3.51117664575577 0.290613055229187 0.167318105697632
0.286400382592417 3.51117664575577 0.295192720601335 0.188205480575562
0.315220934348083 3.56563341617584 0.343797445297241 0.209464907646179
0.346941706403675 3.56563341617584 0.377276122570038 0.234122216701508
0.381854548750803 3.56563341617584 0.42939031124115 0.256223186850548
0.420280680328535 3.62527656555176 0.452861189842224 0.281337007880211
0.462573644428912 3.84656143188477 0.516900422051549 0.314899981021881
0.509122561505755 3.84656143188477 0.562862813472748 0.343076407909393
0.560355709314554 3.93300080299377 0.642883360385895 0.388417422771454
0.616744463322841 3.98659324645996 0.708548069000244 0.423273175954819
0.678807633645181 3.98659324645996 0.781161425402388 0.467940330505371
0.74711623840516 4.04104995727539 0.868764221668243 0.515713512897491
0.822298757442146 4.06265139579773 0.960704207420349 0.571373835206032
0.90504691470005 4.17070913314819 1.05062839388847 0.618431031703949
0.997049767162749 4.17070913314819 1.16266322135925 0.694972515106201
1.0973831681079 4.17070913314819 1.27628660202026 0.759159803390503
1.207813147656 4.17070913314819 1.3975881934166 0.83248133957386
1.32935572737641 4.17070913314819 1.56433033943176 0.921613678336143
1.46312917137724 4.17070913314819 1.69681864976883 1.00553303956985
1.61036427500108 4.19232761859894 1.83208823204041 1.11610916256905
1.77241568887504 4.19232761859894 2.03157675266266 1.21283841133118
1.95077438250316 4.19232761859894 2.2615305185318 1.3263378739357
2.14708136207369 4.19232761859894 2.46572428941727 1.50199438631535
2.36314276869316 4.19232761859894 2.72423672676086 1.62693481147289
2.60094649596008 4.19232761859894 2.85180699825287 1.777612388134
2.86268047976978 4.19232761859894 3.17110633850098 1.98485857248306
3.15075282862747 4.19232761859894 3.43692135810852 2.22631442546844
3.46781397968047 4.19232761859894 3.6786150932312 2.44903267920017
3.81678108431816 4.19232761859894 3.98155033588409 2.67043179273605
4.2008648477019 4.19232761859894 4.44106674194336 2.92257696390152
4.62790519502682 4.19232761859894 4.5534234046936 3.23917979001999
5.09361260779729 4.19232761859894 4.93153548240662 3.59711837768555
5.6061842896419 4.19232761859894 5.32074975967407 3.87631177902222
6.17033620525356 4.19232761859894 5.66624784469604 4.08400058746338
6.79125888819023 4.19232761859894 6.11709070205688 4.48825883865356
7.47466519687438 4.19232761859894 6.73317909240723 4.73412871360779
8.22684287629239 4.19232761859894 6.73317909240723 5.27661728858948
9.05471240899251 4.19232761859894 6.73317909240723 5.61626172065735
9.96589068764523 4.19232761859894 6.73317909240723 5.89658904075623
10.9687610949915 4.19232761859894 6.73317909240723 6.07833337783813
12.072550635956 4.19232761859894 6.73317909240723 6.75300908088684
13.2874148315868 4.19232761859894 6.73317909240723 7.02771496772766
14.6245311558961 4.19232761859894 6.73317909240723 7.92935538291931
16.0962018752773 4.19232761859894 6.73317909240723 9.45630025863647
17.7159672366814 4.19232761859894 6.73317909240723 10.4201617240906
19.4987300459514 4.19232761859894 6.73317909240723 10.4201617240906
21.4808800919766 4.19232761859894 6.73317909240723 11.1773009300232
23.6425071500281 4.19232761859894 6.73317909240723 11.2459516525269
26.0216593522121 4.19232761859894 6.73317909240723 11.2459516525269
28.6402263154973 4.19232761859894 6.73317909240723 11.3337917327881
31.5223004152183 4.19232761859894 6.73317909240723 14.0128259658813
34.6943984492749 4.19232761859894 6.73317909240723 14.6214637756348
38.1857056084627 4.19232761859894 6.73317909240723 14.9264559745789
42.0283439976073 4.19232761859894 6.73317909240723 17.1321153640747
46.2576681780564 4.19232761859894 6.73317909240723 18.989764213562
50.9125904506965 4.19232761859894 6.73317909240723 19.4051942825317
56.0359388722924 4.19232761859894 6.73317909240723 19.4051942825317
61.674851299112 4.19232761859894 6.73317909240723 19.4051942825317
67.8812090832727 4.19232761859894 6.73317909240723 19.4051942825317
74.7121144120754 4.19232761859894 6.73317909240723 24.1305435299873
82.2304156821292 4.19232761859894 6.73317909240723 32.310996055603
90.5052857420251 4.19232761859894 6.86631774902344 33.3350639343262
99.7056313992196 4.19232761859894 7.48021006584167 36.7243022918701
109.739037374665 4.19232761859894 7.48021006584167 43.8224124908447
120.782107840023 4.19232761859894 7.48021006584167 47.6270809173584
132.936445619368 4.19232761859894 7.61334872245789 48.1839256286621
146.313877857786 4.19232761859894 7.61334872245789 48.1839256286621
161.037484897703 4.19232761859894 7.61334872245789 48.1839256286621
177.242732691319 4.19232761859894 7.61334872245789 48.1839256286621
195.078719168039 4.19232761859894 7.61334872245789 48.1839256286621
214.709546024206 4.19232761859894 7.61334872245789 48.1839256286621
214.909512828253 4.19232761859894 7.61334872245789 48.1839256286621
