0.0194894644874591 0.586059033870697 0.00902688503265381 0.00165069103240967
0.0195076157341004 0.586059033870697 0.00902688503265381 0.00165069103240967
0.0214706726399789 0.586059033870697 0.00902688503265381 0.00165069103240967
0.0236312725192399 0.586059033870697 0.00902688503265381 0.00165069103240967
0.0260092941773403 0.586059033870697 0.00902688503265381 0.00165069103240967
0.02862661682957 0.586059033870697 0.00902688503265381 0.00165069103240967
0.0315073214028609 0.586059033870697 0.0179229974746704 0.00461548566818237
0.0346779120946542 0.586059033870697 0.0179229974746704 0.00461548566818237
0.0381675602272991 0.586059033870697 0.0179229974746704 0.00461548566818237
0.0420083726415892 0.586059033870697 0.0179229974746704 0.00461548566818237
0.0462787480746938 0.586059033870697 0.0179229974746704 0.00461548566818237
0.0509357916233132 0.586059033870697 0.0179229974746704 0.00461548566818237
0.056061474785492 0.586059033870697 0.0179229974746704 0.00461548566818237
0.0617029568985016 0.586059033870697 0.0179229974746704 0.00461548566818237
0.0679121429571029 0.586059033870697 0.0291930437088013 0.0049934983253479
0.0747461611704054 0.768446087837219 0.0415628552436829 0.0317940711975098
0.0822678885754094 0.967256665229797 0.0424445271492004 0.0317940711975098
0.0905465295431877 1.00701880455017 0.0475024878978729 0.0405603796243668
0.0996582525003081 1.9137766957283 0.0529475808143616 0.0405603796243668
0.109686890723714 1.9137766957283 0.0931280255317688 0.053803563117981
0.120724713656792 1.9137766957283 0.0936735272407532 0.0663438439369202
0.132873275843195 2.74790793657303 0.095990002155304 0.0671746134757996
0.146244351289115 2.74790793657303 0.1182541847229 0.0792127400636673
0.160960961850701 2.74790793657303 0.126984655857086 0.0792127400636673
0.177158509108387 2.74790793657303 0.162439107894897 0.0947499573230743
0.194986020142061 2.80583125352859 0.199854135513306 0.111771926283836
0.214807390451206 2.80583125352859 0.213523687794805 0.124920979142189
0.23642351909587 3.39448344707489 0.243460418656468 0.13995224237442
0.260214884898814 3.51117664575577 0.274310410022736 0.154747903347015
0.286400382592417 3.51117664575577 0.287801504135132 0.169958040118217
0.315220934348083 3.56563341617584 0.326232612133026 0.188731729984283
0.346941706403675 3.56563341617584 0.36273467540741 0.213215827941895
0.381854548750803 3.56563341617584 0.40916109085083 0.225050628185272
0.420280680328535 3.62527656555176 0.44073697924614 0.248860746622086
0.462573644428912 3.84656143188477 0.482175439596176 0.288908645510674
0.509122561505755 3.84656143188477 0.531260251998901 0.304145038127899
0.560355709314554 3.93300080299377 0.594068557024002 0.34579011797905
0.616744463322841 3.98659324645996 0.655280977487564 0.378495499491692
0.678807633645181 3.98659324645996 0.73541197180748 0.417003244161606
0.74711623840516 4.04104995727539 0.814812391996384 0.453990191221237
0.822298757442146 4.06265139579773 0.901974705979228 0.48767714202404
0.90504691470005 4.17070913314819 0.986716747283936 0.544946894049644
0.997049767162749 4.17070913314819 1.09435543417931 0.5920050740242
1.0973831681079 4.17070913314819 1.20541128516197 0.660906821489334
1.207813147656 4.17070913314819 1.33132556080818 0.739047482609749
1.32935572737641 4.17070913314819 1.45856952667236 0.815604239702225
1.46312917137724 4.17070913314819 1.61883616447449 0.884315192699432
1.61036427500108 4.19232761859894 1.75180602073669 0.954682052135468
1.77241568887504 4.19232761859894 1.91412442922592 1.04147624969482
1.95077438250316 4.19232761859894 2.12113052606583 1.17262303829193
2.14708136207369 4.19232761859894 2.31696462631226 1.27115613222122
2.36314276869316 4.19232761859894 2.54854989051819 1.387042760849
2.60094649596008 4.19232761859894 2.7554417848587 1.53040438890457
2.86268047976978 4.19232761859894 3.012286901474 1.68990474939346
3.15075282862747 4.19232761859894 3.19692671298981 1.84355527162552
3.46781397968047 4.19232761859894 3.51440715789795 1.97064727544785
3.81678108431816 4.19232761859894 3.78548729419708 2.30412673950195
4.2008648477019 4.19232761859894 4.20617747306824 2.47103810310364
4.62790519502682 4.19232761859894 4.34605884552002 2.73443222045898
5.09361260779729 4.19232761859894 4.75304293632507 2.85963726043701
5.6061842896419 4.19232761859894 5.12292385101318 3.2028284072876
6.17033620525356 4.19232761859894 5.48875498771667 3.38594341278076
6.79125888819023 4.19232761859894 5.96560478210449 3.6771993637085
7.47466519687438 4.19232761859894 6.59936118125916 3.89732933044434
8.22684287629239 4.19232761859894 6.62041783332825 4.20947933197021
9.05471240899251 4.19232761859894 6.73679041862488 4.81614184379578
9.96589068764523 4.19232761859894 6.73679041862488 4.96943879127502
10.9687610949915 4.19232761859894 6.73679041862488 5.50137209892273
12.072550635956 4.19232761859894 6.73679041862488 6.25035572052002
13.2874148315868 4.19232761859894 6.73679041862488 6.68237972259521
14.6245311558961 4.19232761859894 6.73679041862488 7.44040679931641
16.0962018752773 4.19232761859894 6.73679041862488 8.1364860534668
17.7159672366814 4.19232761859894 6.73679041862488 8.92635345458984
19.4987300459514 4.19232761859894 6.73679041862488 9.61830472946167
21.4808800919766 4.19232761859894 6.73679041862488 10.4107894897461
23.6425071500281 4.19232761859894 6.73679041862488 11.1169395446777
26.0216593522121 4.19232761859894 6.73679041862488 11.1169395446777
28.6402263154973 4.19232761859894 6.73679041862488 13.4641666412354
31.5223004152183 4.19232761859894 6.73679041862488 14.6601152420044
34.6943984492749 4.19232761859894 6.73679041862488 14.6601152420044
38.1857056084627 4.19232761859894 6.73679041862488 17.2484474182129
42.0283439976073 4.19232761859894 6.73679041862488 17.507342338562
46.2576681780564 4.19232761859894 6.73679041862488 21.0505180358887
50.9125904506965 4.19232761859894 6.73679041862488 23.6388502120972
56.0359388722924 4.19232761859894 6.73679041862488 23.6388502120972
61.674851299112 4.19232761859894 6.73679041862488 23.6388502120972
67.8812090832727 4.19232761859894 6.73679041862488 26.2903709411621
74.7121144120754 4.19232761859894 6.73679041862488 30.6879110336304
82.2304156821292 4.19232761859894 6.78817331790924 37.0783138275146
90.5052857420251 4.19232761859894 7.18055844306946 42.5317420959473
99.7056313992196 4.19232761859894 7.60502886772156 42.5317420959473
109.739037374665 4.19232761859894 7.60502886772156 51.061580657959
120.782107840023 4.19232761859894 7.60502886772156 56.5150089263916
132.936445619368 4.19232761859894 8.04879689216614 61.3675556182861
146.313877857786 4.19232761859894 8.04879689216614 61.3675556182861
161.037484897703 4.19232761859894 8.04879689216614 61.3675556182861
177.242732691319 4.19232761859894 8.04879689216614 61.3675556182861
195.078719168039 4.19232761859894 8.04879689216614 61.3675556182861
214.709546024206 4.19232761859894 8.04879689216614 61.3675556182861
214.909512828253 4.19232761859894 8.04879689216614 61.3675556182861
