0.0194894644874591 0.586059033870697 0.00812536478042603 0.00205203890800476
0.0195076157341004 0.586059033870697 0.00812536478042603 0.00205203890800476
0.0214706726399789 0.586059033870697 0.00812536478042603 0.00205203890800476
0.0236312725192399 0.586059033870697 0.00812536478042603 0.00205203890800476
0.0260092941773403 0.586059033870697 0.00812536478042603 0.00205203890800476
0.02862661682957 0.586059033870697 0.00812536478042603 0.00205203890800476
0.0315073214028609 0.586059033870697 0.0167516469955444 0.00205203890800476
0.0346779120946542 0.586059033870697 0.0167516469955444 0.00205203890800476
0.0381675602272991 0.586059033870697 0.0167516469955444 0.00205203890800476
0.0420083726415892 0.586059033870697 0.0167516469955444 0.00205203890800476
0.0462787480746938 0.586059033870697 0.0308707356452942 0.00205203890800476
0.0509357916233132 0.586059033870697 0.0308707356452942 0.00205203890800476
0.056061474785492 0.586059033870697 0.0308707356452942 0.00205203890800476
0.0617029568985016 0.586059033870697 0.0308707356452942 0.00205203890800476
0.0679121429571029 0.651752918958664 0.0308707356452942 0.0148987174034119
0.0747461611704054 0.768446087837219 0.0482807755470276 0.0148987174034119
0.0822678885754094 0.967256665229797 0.0482807755470276 0.0245381593704224
0.0905465295431877 1.00701880455017 0.0482807755470276 0.0255318880081177
0.0996582525003081 1.9137766957283 0.0684475898742676 0.0290782749652863
0.109686890723714 2.30101633071899 0.0975780487060547 0.0380977988243103
0.120724713656792 2.30101633071899 0.0982013344764709 0.0487157106399536
0.132873275843195 2.74790793657303 0.101296275854111 0.061098575592041
0.146244351289115 2.74790793657303 0.138061940670013 0.0668052136898041
0.160960961850701 2.74790793657303 0.164492428302765 0.0695083737373352
0.177158509108387 2.74790793657303 0.17311429977417 0.075079008936882
0.194986020142061 2.80583125352859 0.212658405303955 0.0929465293884277
0.214807390451206 3.0089550614357 0.226609662175179 0.105910032987595
0.23642351909587 3.39448344707489 0.242807865142822 0.116708695888519
0.260214884898814 3.51117664575577 0.284402877092361 0.125726819038391
0.286400382592417 3.51117664575577 0.292042672634125 0.148847043514252
0.315220934348083 3.7056565284729 0.344286501407623 0.158858120441437
0.346941706403675 3.7056565284729 0.368083596229553 0.17524391412735
0.381854548750803 3.7056565284729 0.426359295845032 0.194584131240845
0.420280680328535 3.70566511154175 0.461274147033691 0.210697188973427
0.462573644428912 3.84656143188477 0.502625762950629 0.23806631565094
0.509122561505755 3.93300080299377 0.564238101243973 0.265951782464981
0.560355709314554 3.93300080299377 0.627424538135529 0.28791631758213
0.616744463322841 4.19232761859894 0.682869553565979 0.325915783643723
0.678807633645181 4.19232761859894 0.763654410839081 0.355602860450745
0.74711623840516 4.19232761859894 0.847798585891724 0.388550400733948
0.822298757442146 4.19232761859894 0.937213957309723 0.425852626562119
0.90504691470005 4.19232761859894 1.02454286813736 0.473272353410721
0.997049767162749 4.19232761859894 1.13331890106201 0.523248046636581
1.0973831681079 4.19232761859894 1.26052930951118 0.576406419277191
1.207813147656 4.19232761859894 1.36570906639099 0.634879052639008
1.32935572737641 4.19232761859894 1.5241721868515 0.710126966238022
1.46312917137724 4.19232761859894 1.66156685352325 0.767512023448944
1.61036427500108 4.19232761859894 1.81463417410851 0.850284993648529
1.77241568887504 4.19232761859894 1.99388900399208 0.939804494380951
1.95077438250316 4.19232761859894 2.20789617300034 1.04328793287277
2.14708136207369 4.19232761859894 2.40270686149597 1.14587214589119
2.36314276869316 4.19232761859894 2.64931809902191 1.25020089745522
2.60094649596008 4.19232761859894 2.8086930513382 1.38144338130951
2.86268047976978 4.19232761859894 3.10534477233887 1.5183978676796
3.15075282862747 4.19232761859894 3.34821939468384 1.66556206345558
3.46781397968047 4.19232761859894 3.6153519153595 1.84109556674957
3.81678108431816 4.19232761859894 3.90584480762482 2.01314768195152
4.2008648477019 4.19232761859894 4.35319066047668 2.21957349777222
4.62790519502682 4.19232761859894 4.58997869491577 2.47165644168854
5.09361260779729 4.19232761859894 4.86409330368042 2.67672049999237
5.6061842896419 4.19232761859894 5.24547672271729 2.91780912876129
6.17033620525356 4.19232761859894 5.58632326126099 3.1784508228302
6.79125888819023 4.19232761859894 6.17284893989563 3.4347677230835
7.47466519687438 4.19232761859894 6.68074941635132 3.7384580373764
8.22684287629239 4.19232761859894 6.68566513061523 4.08551621437073
9.05471240899251 4.19232761859894 6.70358204841614 4.36590838432312
9.96589068764523 4.19232761859894 6.70358204841614 4.51619318127632
10.9687610949915 4.19232761859894 6.70358204841614 4.96026992797852
12.072550635956 4.19232761859894 6.70358204841614 5.29274299740791
13.2874148315868 4.19232761859894 6.70358204841614 5.73063611984253
14.6245311558961 4.19232761859894 6.70358204841614 6.11484920978546
16.0962018752773 4.19232761859894 6.70358204841614 6.22880566120148
17.7159672366814 4.19232761859894 6.70358204841614 6.73119190335274
19.4987300459514 4.19232761859894 6.70358204841614 7.43206548690796
21.4808800919766 4.19232761859894 6.70358204841614 8.18482637405396
23.6425071500281 4.19232761859894 6.70358204841614 8.47833073139191
26.0216593522121 4.19232761859894 6.70358204841614 9.16369989514351
28.6402263154973 4.19232761859894 6.70358204841614 9.98580610752106
31.5223004152183 4.19232761859894 6.70358204841614 10.3040580749512
34.6943984492749 4.19232761859894 6.70358204841614 11.6720454990864
38.1857056084627 4.19232761859894 6.70358204841614 12.7765365839005
42.0283439976073 4.19232761859894 6.70358204841614 12.7765365839005
46.2576681780564 4.19232761859894 6.70358204841614 12.7765365839005
50.9125904506965 4.19232761859894 6.70358204841614 14.9822845458984
56.0359388722924 4.19232761859894 6.70358204841614 15.7429475784302
61.674851299112 4.19232761859894 6.91862273216248 17.3917059898376
67.8812090832727 4.19232761859894 6.91862273216248 19.8391137123108
74.7121144120754 4.19232761859894 6.91862273216248 22.1431930065155
82.2304156821292 4.19232761859894 6.91862273216248 24.9444386065006
90.5052857420251 4.19232761859894 7.0083692073822 26.2221027612686
99.7056313992196 4.19232761859894 7.59547281265259 26.2221027612686
109.739037374665 4.19232761859894 7.59547281265259 26.2221027612686
120.782107840023 4.19232761859894 7.59547281265259 26.9869494438171
132.936445619368 4.19232761859894 7.90025997161865 27.3582825660706
146.313877857786 4.19232761859894 7.90025997161865 27.3582825660706
161.037484897703 4.19232761859894 7.90025997161865 27.3582825660706
177.242732691319 4.19232761859894 7.90025997161865 27.3582825660706
195.078719168039 4.19232761859894 7.90025997161865 27.3582825660706
214.709546024206 4.19232761859894 8.00392127037048 31.2272267341614
214.909512828253 4.19232761859894 8.00392127037048 31.2272267341614
