0.0387145280838013 0.586059033870697 0.00880706310272217 0.00334620475769043
0.0387500300966981 0.586059033870697 0.00880706310272217 0.00334620475769043
0.0425866726076336 0.586059033870697 0.00880706310272217 0.00334620475769043
0.0468031812946723 0.586059033870697 0.00880706310272217 0.00334620475769043
0.0514371667278207 0.586059033870697 0.00880706310272217 0.00334620475769043
0.0565299633015929 0.586059033870697 0.00880706310272217 0.00334620475769043
0.0621269979310704 0.586059033870697 0.00880706310272217 0.00334620475769043
0.068278195252578 0.586059033870697 0.00880706310272217 0.00334620475769043
0.0750384229432996 0.586059033870697 0.0175245702266693 0.00673896074295044
0.0824679811320132 0.586059033870697 0.0175245702266693 0.00673896074295044
0.0907162527069789 0.586059033870697 0.0175245702266693 0.00673896074295044
0.0996980736423392 0.586059033870697 0.0175245702266693 0.00673896074295044
0.109569185139287 0.586059033870697 0.0175245702266693 0.00673896074295044
0.120417635902936 0.586059033870697 0.0175245702266693 0.00673896074295044
0.132340192345309 0.586059033870697 0.0175245702266693 0.00673896074295044
0.145443201725957 0.586059033870697 0.0175245702266693 0.00673896074295044
0.159843540752169 0.967256665229797 0.0505902916193008 0.0258558988571167
0.175669658100152 0.967256665229797 0.0505902916193008 0.0258558988571167
0.193062720156276 0.967256665229797 0.0830888003110886 0.0298247337341309
0.212177870198225 1.85931992530823 0.0872654318809509 0.0407758355140686
0.233185612247737 1.9137766957283 0.0872654318809509 0.0560157597064972
0.25627333193868 1.9137766957283 0.107366174459457 0.0608073249459267
0.281646967966354 2.74790793657303 0.144826635718346 0.0675462856888771
0.309532849027073 2.74790793657303 0.155615091323853 0.0777270793914795
0.340179712633237 2.74790793657303 0.188157081604004 0.0816144049167633
0.373860923811385 2.74790793657303 0.20639380812645 0.0939478948712349
0.411253695994416 3.10663169622421 0.248035717755556 0.0966130197048187
0.451971945990459 3.10663169622421 0.29276505112648 0.117554664611816
0.496721712052834 3.12219077348709 0.29276505112648 0.137532092630863
0.54590215479858 3.56563341617584 0.338813006877899 0.137801468372345
0.599951955758347 3.56563341617584 0.38710805773735 0.152452111244202
0.659353230344131 3.56563341617584 0.428013138473034 0.18136915564537
0.724635828240139 3.56563341617584 0.432817270979285 0.215399265289307
0.796382059575582 3.56563341617584 0.500671744346619 0.215399265289307
0.875231889036086 3.84656143188477 0.540203422307968 0.245800726115704
0.961888644244345 3.84656143188477 0.643162250518799 0.261451341211796
1.05712528932784 3.84656143188477 0.682811483740807 0.290975473821163
1.16179131963283 3.84656143188477 0.749940603971481 0.332112908363342
1.27682033908432 3.98659324645996 0.813830733299255 0.373999543488026
1.4032383877809 4.04104137420654 0.938624888658524 0.401496648788452
1.54217309410505 4.04104995727539 1.0102426558733 0.462985120713711
1.69486373298454 4.17070913314819 1.12626582384109 0.513808660209179
1.86438038854372 4.17070913314819 1.25911450386047 0.561688624322414
2.0489727885339 4.17070913314819 1.34347397089005 0.624853521585464
2.25184169172242 4.17070913314819 1.5048902630806 0.680163271725178
2.4747966556489 4.17070913314819 1.64348723739386 0.733097076416016
2.7198264022398 4.17070913314819 1.81407322455198 0.812068164348602
2.98911655688376 4.19232761859894 2.04802107810974 0.871941663324833
3.28506914385371 4.19232761859894 2.18290939182043 0.970601961016655
3.61032401197175 4.19232761859894 2.45933133363724 1.0621349811554
3.96778238163021 4.19232761859894 2.67629671096802 1.15384036302567
4.36063272320454 4.19232761859894 2.92039682436734 1.24721200019121
4.79237919768918 4.19232761859894 3.21835932135582 1.41970330476761
5.2668729132423 4.19232761859894 3.64113857317716 1.48800858855247
5.78834627644265 4.19232761859894 3.90057647228241 1.6726296544075
6.36145074466621 4.19232761859894 4.10117068886757 1.81205660104752
6.99129831632754 4.19232761859894 4.5653433650732 1.93847870826721
7.68350712907217 4.19232761859894 5.02168077230453 2.04590821266174
8.45199512379247 4.19232761859894 5.40355670452118 2.15237128734589
9.28882760400582 4.19232761859894 5.63563442230225 2.20118528604507
10.2085149119472 4.19232761859894 6.23518621921539 2.29513424634933
11.2192605084528 4.19232761859894 6.74397778511047 2.40971541404724
12.330080079446 4.19232761859894 6.79539799690247 2.45550060272217
13.5508819543863 4.19232761859894 6.81018567085266 2.56805181503296
14.8925554869521 4.19232761859894 6.81018567085266 2.58509767055511
16.3670681863003 4.19232761859894 6.81018567085266 2.85026842355728
17.9875724652967 4.19232761859894 6.81018567085266 3.16618824005127
19.7685229578944 4.19232761859894 6.81018567085266 3.2739315032959
21.7258054521118 4.19232761859894 6.81018567085266 3.45227485895157
23.8768785886714 4.19232761859894 6.81018567085266 3.59161329269409
26.2409295892292 4.19232761859894 6.81018567085266 3.82087302207947
28.8390454032626 4.19232761859894 6.81018567085266 4.08587646484375
31.6944008002223 4.19232761859894 6.81018567085266 4.30957090854645
34.8324650846968 4.19232761859894 6.81018567085266 4.3730788230896
38.3163339475004 4.19232761859894 6.81018567085266 5.4412305355072
42.1100361799719 4.19232761859894 6.81018567085266 7.04816970229149
46.2793530693252 4.19232761859894 6.81018567085266 7.71622085571289
50.8614742424258 4.19232761859894 6.81018567085266 7.83591425418854
55.8972714730444 4.19232761859894 6.81018567085266 7.92114496231079
61.4316632514152 4.19232761859894 6.81018567085266 7.92114496231079
67.5140154498445 4.19232761859894 6.81018567085266 9.20217561721802
74.1985816582434 4.19232761859894 6.81018567085266 12.0272780656815
81.5449871173038 4.19232761859894 6.81018567085266 12.6240083575249
89.6187605659235 4.19232761859894 6.81018567085266 14.4203788042068
98.4919187468734 4.19232761859894 6.81018567085266 16.4442827105522
108.243608784401 4.19232761859894 7.62276411056519 17.1233205795288
118.960814163673 4.19232761859894 7.62276411056519 17.1233205795288
130.739130609284 4.19232761859894 7.62276411056519 17.1233205795288
143.683618783529 4.19232761859894 7.62276411056519 17.1233205795288
157.909741410383 4.19232761859894 7.62276411056519 17.1233205795288
173.703536936922 4.19232761859894 7.62276411056519 17.1233205795288
190.901933233621 4.19232761859894 7.62276411056519 17.1233205795288
209.803143649102 4.19232761859894 7.62276411056519 17.1233205795288
230.575763898515 4.19232761859894 8.29698181152344 17.1233205795288
253.405082367608 4.19232761859894 8.29698181152344 17.1233205795288
278.494732854913 4.19232761859894 8.29698181152344 17.1233205795288
306.068510952025 4.19232761859894 8.29698181152344 17.1233205795288
336.372370263797 4.19232761859894 8.29698181152344 17.1233205795288
369.676616274388 4.19232761859894 8.29698181152344 17.1233205795288
370.015617281199 4.19232761859894 8.29698181152344 17.1233205795288
