0.0387145280838013 0.586059033870697 0.0054900050163269 0.00902354717254639
0.0387500300966981 0.586059033870697 0.0054900050163269 0.00902354717254639
0.0425866726076336 0.586059033870697 0.0054900050163269 0.00902354717254639
0.0468031812946723 0.586059033870697 0.0054900050163269 0.00902354717254639
0.0514371667278207 0.586059033870697 0.0054900050163269 0.00902354717254639
0.0565299633015929 0.586059033870697 0.0054900050163269 0.00902354717254639
0.0621269979310704 0.586059033870697 0.0054900050163269 0.00902354717254639
0.068278195252578 0.586059033870697 0.0054900050163269 0.00902354717254639
0.0750384229432996 0.586059033870697 0.0135807693004608 0.00902354717254639
0.0824679811320132 0.586059033870697 0.0135807693004608 0.00902354717254639
0.0907162527069789 0.586059033870697 0.0278279781341553 0.00957673788070679
0.0996980736423392 0.586059033870697 0.0278279781341553 0.00957673788070679
0.109569185139287 0.586059033870697 0.0278279781341553 0.00957673788070679
0.120417635902936 0.586059033870697 0.0278279781341553 0.00957673788070679
0.132340192345309 0.586059033870697 0.0278279781341553 0.00957673788070679
0.145443201725957 0.99837489426136 0.0721632838249207 0.021773636341095
0.159843540752169 0.99837489426136 0.0721632838249207 0.0383120477199554
0.175669658100152 0.99837489426136 0.0721632838249207 0.0383120477199554
0.193062720156276 0.99837489426136 0.0721632838249207 0.0383120477199554
0.212177870198225 2.30101633071899 0.0956140160560608 0.0549153685569763
0.233185612247737 2.30101633071899 0.0956140160560608 0.0652416348457336
0.25627333193868 2.30101633071899 0.113353371620178 0.0700687170028687
0.281646967966354 2.74790793657303 0.138021640479565 0.0700687170028687
0.309532849027073 2.74790793657303 0.14094590395689 0.0819066613912582
0.340179712633237 2.74790793657303 0.18525505065918 0.0914078205823898
0.373860923811385 2.74790793657303 0.193877905607224 0.101712092757225
0.411253695994416 3.10663169622421 0.224875643849373 0.109495282173157
0.451971945990459 3.13343650102615 0.265922874212265 0.125851571559906
0.496721712052834 3.13343650102615 0.304379470646381 0.152063131332397
0.54590215479858 3.56563341617584 0.315082371234894 0.153718948364258
0.599951955758347 3.7056565284729 0.360602110624313 0.175647914409637
0.659353230344131 3.7056565284729 0.395246557891369 0.190228819847107
0.724635828240139 3.7056565284729 0.425546772778034 0.20762026309967
0.796382059575582 3.7056565284729 0.462754487991333 0.22702619433403
0.875231889036086 3.84656143188477 0.549428999423981 0.264276027679443
0.961888644244345 3.84656143188477 0.598812907934189 0.286489263176918
1.05712528932784 3.93300080299377 0.654979556798935 0.317347154021263
1.16179131963283 3.93300080299377 0.709428638219833 0.341961830854416
1.27682033908432 4.04104995727539 0.790259033441544 0.377503767609596
1.4032383877809 4.04104995727539 0.870064586400986 0.417031541466713
1.54217309410505 4.19232761859894 0.951885670423508 0.450405478477478
1.69486373298454 4.19232761859894 1.06557934731245 0.519757598638535
1.86438038854372 4.19232761859894 1.16945064067841 0.545777752995491
2.0489727885339 4.19232761859894 1.29382589459419 0.627145290374756
2.25184169172242 4.19232761859894 1.45619034767151 0.661877930164337
2.4747966556489 4.19232761859894 1.56234260648489 0.802370876073837
2.7198264022398 4.19232761859894 1.74693461507559 0.850816145539284
2.98911655688376 4.19232761859894 1.93321800231934 0.925234079360962
3.28506914385371 4.19232761859894 2.07267999649048 1.01133853197098
3.61032401197175 4.19232761859894 2.306969165802 1.09476856887341
3.96778238163021 4.19232761859894 2.49067664146423 1.16716477274895
4.36063272320454 4.19232761859894 2.73468542098999 1.25831782817841
4.79237919768918 4.19232761859894 3.04939270019531 1.34645962715149
5.2668729132423 4.19232761859894 3.35306325554848 1.61451500654221
5.78834627644265 4.19232761859894 3.65330916643143 1.74306565523148
6.36145074466621 4.19232761859894 3.88597592711449 1.98650276660919
6.99129831632754 4.19232761859894 4.25034818053246 2.17764326930046
7.68350712907217 4.19232761859894 4.73021453619003 2.39071816205978
8.45199512379247 4.19232761859894 5.27219307422638 2.39356873929501
9.28882760400582 4.19232761859894 5.65892374515533 2.64956748485565
10.2085149119472 4.19232761859894 5.98987293243408 3.00408136844635
11.2192605084528 4.19232761859894 6.52643156051636 3.00641077756882
12.330080079446 4.19232761859894 6.58338785171509 3.53104865550995
13.5508819543863 4.19232761859894 6.6269907951355 3.84471493959427
14.8925554869521 4.19232761859894 6.63875770568848 4.14670234918594
16.3670681863003 4.19232761859894 6.63875770568848 4.14670234918594
17.9875724652967 4.19232761859894 6.63875770568848 4.14670234918594
19.7685229578944 4.19232761859894 6.63875770568848 4.17934310436249
21.7258054521118 4.19232761859894 6.63875770568848 4.87223249673843
23.8768785886714 4.19232761859894 6.63875770568848 7.13326251506805
26.2409295892292 4.19232761859894 6.63875770568848 7.13326251506805
28.8390454032626 4.19232761859894 6.63875770568848 7.13326251506805
31.6944008002223 4.19232761859894 6.63875770568848 7.13326251506805
34.8324650846968 4.19232761859894 6.63875770568848 7.13326251506805
38.3163339475004 4.19232761859894 6.63875770568848 7.30375277996063
42.1100361799719 4.19232761859894 6.63875770568848 8.15043067932129
46.2793530693252 4.19232761859894 6.63875770568848 8.25727248191833
50.8614742424258 4.19232761859894 6.63875770568848 8.25727248191833
55.8972714730444 4.19232761859894 6.63875770568848 9.11797451972961
61.4316632514152 4.19232761859894 6.63875770568848 9.11797451972961
67.5140154498445 4.19232761859894 6.63875770568848 10.0569291114807
74.1985816582434 4.19232761859894 6.63875770568848 10.0569291114807
81.5449871173038 4.19232761859894 6.63875770568848 10.0569291114807
89.6187605659235 4.19232761859894 6.63875770568848 10.5232515335083
98.4919187468734 4.19232761859894 6.63875770568848 10.7299558520317
108.243608784401 4.19232761859894 7.56665515899658 11.8122216463089
118.960814163673 4.19232761859894 7.56665515899658 12.5743539333344
130.739130609284 4.19232761859894 7.56665515899658 15.7246870994568
143.683618783529 4.19232761859894 7.56665515899658 15.7246870994568
157.909741410383 4.19232761859894 7.56665515899658 15.7246870994568
173.703536936922 4.19232761859894 7.56665515899658 16.1617085933685
190.901933233621 4.19232761859894 7.56665515899658 16.1617085933685
209.803143649102 4.19232761859894 7.65886282920837 21.3314855098724
230.575763898515 4.19232761859894 7.65886282920837 24.9713635444641
253.405082367608 4.19232761859894 7.65886282920837 24.9713635444641
278.494732854913 4.19232761859894 7.65886282920837 24.9713635444641
306.068510952025 4.19232761859894 7.65886282920837 24.9713635444641
336.372370263797 4.19232761859894 7.65886282920837 24.9713635444641
369.676616274388 4.19232761859894 7.65886282920837 24.9713635444641
370.015617281199 4.19232761859894 7.65886282920837 24.9713635444641
