0.0387145280838013 0.586059033870697 0.00891017913818359 0.00217637419700623
0.0387500300966981 0.586059033870697 0.00891017913818359 0.00217637419700623
0.0425866726076336 0.586059033870697 0.00891017913818359 0.00217637419700623
0.0468031812946723 0.586059033870697 0.00891017913818359 0.00217637419700623
0.0514371667278207 0.586059033870697 0.00891017913818359 0.00217637419700623
0.0565299633015929 0.586059033870697 0.00891017913818359 0.00217637419700623
0.0621269979310704 0.586059033870697 0.00891017913818359 0.00217637419700623
0.068278195252578 0.586059033870697 0.00891017913818359 0.00217637419700623
0.0750384229432996 0.586059033870697 0.0177152454853058 0.01192706823349
0.0824679811320132 0.586059033870697 0.0177152454853058 0.01192706823349
0.0907162527069789 0.586059033870697 0.0177152454853058 0.01192706823349
0.0996980736423392 0.586059033870697 0.0177152454853058 0.01192706823349
0.109569185139287 0.586059033870697 0.0177152454853058 0.01192706823349
0.120417635902936 0.586059033870697 0.0177152454853058 0.01192706823349
0.132340192345309 0.586059033870697 0.0177152454853058 0.01192706823349
0.145443201725957 0.586059033870697 0.0177152454853058 0.01192706823349
0.159843540752169 0.967256665229797 0.0447400063276291 0.0305152833461761
0.175669658100152 0.967256665229797 0.0517409443855286 0.0357885807752609
0.193062720156276 0.967256665229797 0.0849069803953171 0.0383080542087555
0.212177870198225 1.85931992530823 0.0882460474967957 0.0400602221488953
0.233185612247737 1.9137766957283 0.0882460474967957 0.0494472980499268
0.25627333193868 1.9137766957283 0.101535677909851 0.0511493682861328
0.281646967966354 2.74790793657303 0.14609183371067 0.0619678199291229
0.309532849027073 2.74790793657303 0.158083915710449 0.0703299641609192
0.340179712633237 2.74790793657303 0.177850842475891 0.080755352973938
0.373860923811385 2.74790793657303 0.208648443222046 0.0990490913391113
0.411253695994416 3.10663169622421 0.252407148480415 0.114539414644241
0.451971945990459 3.10663169622421 0.297582924365997 0.121706008911133
0.496721712052834 3.12219077348709 0.297582924365997 0.135851085186005
0.54590215479858 3.56563341617584 0.343228876590729 0.157624900341034
0.599951955758347 3.56563341617584 0.384969890117645 0.170255519449711
0.659353230344131 3.56563341617584 0.435087934136391 0.189297214150429
0.724635828240139 3.56563341617584 0.439939215779305 0.215027004480362
0.796382059575582 3.56563341617584 0.509087204933167 0.23088327050209
0.875231889036086 3.84656143188477 0.538638234138489 0.257754787802696
0.961888644244345 3.84656143188477 0.641269087791443 0.27405709028244
1.05712528932784 3.84656143188477 0.665581956505775 0.316288620233536
1.16179131963283 3.84656143188477 0.761690884828568 0.355253234505653
1.27682033908432 3.98659324645996 0.817483186721802 0.391645863652229
1.4032383877809 4.04104137420654 0.942421793937683 0.41792918741703
1.54217309410505 4.04104995727539 1.01770257949829 0.47951340675354
1.69486373298454 4.17070913314819 1.14380687475204 0.51274462044239
1.86438038854372 4.17070913314819 1.26739209890366 0.5703304708004
2.0489727885339 4.17070913314819 1.34822905063629 0.642566815018654
2.25184169172242 4.17070913314819 1.48711943626404 0.687116637825966
2.4747966556489 4.17070913314819 1.66689530014992 0.756136655807495
2.7198264022398 4.17070913314819 1.82458917796612 0.836858913302422
2.98911655688376 4.19232761859894 2.05714942514896 0.924266740679741
3.28506914385371 4.19232761859894 2.19912864267826 1.02246983349323
3.61032401197175 4.19232761859894 2.48808288574219 1.15179711580276
3.96778238163021 4.19232761859894 2.67488610744476 1.25185464322567
4.36063272320454 4.19232761859894 2.95971603691578 1.34655654430389
4.79237919768918 4.19232761859894 3.24281167984009 1.508653819561
5.2668729132423 4.19232761859894 3.69050331413746 1.64022052288055
5.78834627644265 4.19232761859894 3.89627450704575 1.80136759579182
6.36145074466621 4.19232761859894 4.14769548177719 1.99108952283859
6.99129831632754 4.19232761859894 4.58976884186268 2.22895658016205
7.68350712907217 4.19232761859894 5.0320897102356 2.41521728038788
8.45199512379247 4.19232761859894 5.40516203641891 2.69131402671337
9.28882760400582 4.19232761859894 5.61245608329773 2.88174492120743
10.2085149119472 4.19232761859894 6.13613104820251 3.19141764938831
11.2192605084528 4.19232761859894 6.59242129325867 3.45982772111893
12.330080079446 4.19232761859894 6.66646265983582 3.89488983154297
13.5508819543863 4.19232761859894 6.67404198646545 4.26694935560226
14.8925554869521 4.19232761859894 6.68063449859619 4.63140368461609
16.3670681863003 4.19232761859894 6.7547025680542 4.97441244125366
17.9875724652967 4.19232761859894 6.76228189468384 5.10710573196411
19.7685229578944 4.19232761859894 6.76228189468384 5.8565137386322
21.7258054521118 4.19232761859894 6.76228189468384 6.67953634262085
23.8768785886714 4.19232761859894 6.76228189468384 7.49745839834213
26.2409295892292 4.19232761859894 6.76228189468384 8.31122695654631
28.8390454032626 4.19232761859894 6.76228189468384 9.24426990747452
31.6944008002223 4.19232761859894 6.76228189468384 10.2390220761299
34.8324650846968 4.19232761859894 6.76228189468384 10.7314977645874
38.3163339475004 4.19232761859894 6.76228189468384 11.0367795228958
42.1100361799719 4.19232761859894 6.76228189468384 11.2502993345261
46.2793530693252 4.19232761859894 6.76228189468384 11.6773060560226
50.8614742424258 4.19232761859894 6.76228189468384 12.296583533287
55.8972714730444 4.19232761859894 6.76228189468384 12.3800609111786
61.4316632514152 4.19232761859894 6.76228189468384 12.3800609111786
67.5140154498445 4.19232761859894 6.76228189468384 13.9166164398193
74.1985816582434 4.19232761859894 6.76228189468384 16.4767742156982
81.5449871173038 4.19232761859894 6.76228189468384 20.3297524452209
89.6187605659235 4.19232761859894 6.76228189468384 22.629685997963
98.4919187468734 4.19232761859894 6.76228189468384 24.7959407567978
108.243608784401 4.19232761859894 7.5831458568573 26.2966773509979
118.960814163673 4.19232761859894 7.5831458568573 26.2966773509979
130.739130609284 4.19232761859894 7.5831458568573 26.2966773509979
143.683618783529 4.19232761859894 7.5831458568573 26.2966773509979
157.909741410383 4.19232761859894 7.5831458568573 26.2966773509979
173.703536936922 4.19232761859894 7.5831458568573 26.2966773509979
190.901933233621 4.19232761859894 7.5831458568573 26.2966773509979
209.803143649102 4.19232761859894 7.5831458568573 26.2966773509979
230.575763898515 4.19232761859894 7.96015381813049 26.2966773509979
253.405082367608 4.19232761859894 7.96015381813049 26.2966773509979
278.494732854913 4.19232761859894 7.96015381813049 26.2966773509979
306.068510952025 4.19232761859894 7.96015381813049 26.2966773509979
336.372370263797 4.19232761859894 7.96015381813049 26.2966773509979
369.676616274388 4.19232761859894 7.96015381813049 26.2966773509979
370.015617281199 4.19232761859894 7.96015381813049 26.2966773509979
