0.0387145280838013 0.586059033870697 0.00822877883911133 0.000153660774230957
0.0387500300966981 0.586059033870697 0.00822877883911133 0.000153660774230957
0.0425866726076336 0.586059033870697 0.00822877883911133 0.000153660774230957
0.0468031812946723 0.586059033870697 0.00822877883911133 0.000153660774230957
0.0514371667278207 0.586059033870697 0.00822877883911133 0.000153660774230957
0.0565299633015929 0.586059033870697 0.00822877883911133 0.000153660774230957
0.0621269979310704 0.586059033870697 0.00822877883911133 0.000153660774230957
0.068278195252578 0.586059033870697 0.00822877883911133 0.000153660774230957
0.0750384229432996 0.586059033870697 0.0168985426425934 0.00269797444343567
0.0824679811320132 0.586059033870697 0.0168985426425934 0.00269797444343567
0.0907162527069789 0.586059033870697 0.0307794213294983 0.00996837019920349
0.0996980736423392 0.586059033870697 0.0307794213294983 0.00996837019920349
0.109569185139287 0.586059033870697 0.0307794213294983 0.00996837019920349
0.120417635902936 0.586059033870697 0.0307794213294983 0.00996837019920349
0.132340192345309 0.586059033870697 0.0307794213294983 0.00996837019920349
0.145443201725957 0.99837489426136 0.0641804337501526 0.0196735262870789
0.159843540752169 0.99837489426136 0.0641804337501526 0.0285592973232269
0.175669658100152 0.99837489426136 0.0641804337501526 0.0367038995027542
0.193062720156276 0.99837489426136 0.082849845290184 0.0380047708749771
0.212177870198225 2.30101633071899 0.106762170791626 0.0380047708749771
0.233185612247737 2.30101633071899 0.106762170791626 0.0536323189735413
0.25627333193868 2.30101633071899 0.122680872678757 0.0645380020141602
0.281646967966354 2.74790793657303 0.143361106514931 0.0742935538291931
0.309532849027073 2.74790793657303 0.155078172683716 0.0855273008346558
0.340179712633237 2.74790793657303 0.181251108646393 0.0923193991184235
0.373860923811385 2.74790793657303 0.206149965524673 0.103926166892052
0.411253695994416 3.10663169622421 0.24744875356555 0.116240739822388
0.451971945990459 3.13343650102615 0.292494565248489 0.117781832814217
0.496721712052834 3.13343650102615 0.308467276394367 0.141159445047379
0.54590215479858 3.56563341617584 0.337665796279907 0.155953049659729
0.599951955758347 3.7056565284729 0.378171533346176 0.168043494224548
0.659353230344131 3.7056565284729 0.429008938372135 0.187013387680054
0.724635828240139 3.7056565284729 0.465947888791561 0.206617116928101
0.796382059575582 3.7056565284729 0.500553667545319 0.226780533790588
0.875231889036086 3.84656143188477 0.580378443002701 0.244822591543198
0.961888644244345 3.84656143188477 0.630329847335815 0.274971276521683
1.05712528932784 3.93300080299377 0.689791344106197 0.303523898124695
1.16179131963283 3.93300080299377 0.756510406732559 0.331007957458496
1.27682033908432 4.04104995727539 0.818693839013577 0.372163087129593
1.4032383877809 4.04104995727539 0.927090615034103 0.410504788160324
1.54217309410505 4.19232761859894 1.00236442685127 0.444622844457626
1.69486373298454 4.19232761859894 1.12748700380325 0.502902567386627
1.86438038854372 4.19232761859894 1.24799603223801 0.539779275655746
2.0489727885339 4.19232761859894 1.3504581451416 0.605486452579498
2.25184169172242 4.19232761859894 1.51486405730247 0.652821898460388
2.4747966556489 4.19232761859894 1.64107409864664 0.723469391465187
2.7198264022398 4.19232761859894 1.82667744159698 0.797911316156387
2.98911655688376 4.19232761859894 2.02614866197109 0.880644947290421
3.28506914385371 4.19232761859894 2.16715673357248 0.972756862640381
3.61032401197175 4.19232761859894 2.45275896787643 1.08481156826019
3.96778238163021 4.19232761859894 2.63008308410645 1.17489647865295
4.36063272320454 4.19232761859894 2.91277817962691 1.26726305484772
4.79237919768918 4.19232761859894 3.25193762779236 1.41501247882843
5.2668729132423 4.19232761859894 3.63419727561995 1.57841718196869
5.78834627644265 4.19232761859894 3.83559185266495 1.73565235733986
6.36145074466621 4.19232761859894 4.09168013930321 1.86573499441147
6.99129831632754 4.19232761859894 4.52056373655796 2.0992397069931
7.68350712907217 4.19232761859894 4.96242260932922 2.27403157949448
8.45199512379247 4.19232761859894 5.47636902332306 2.5094119310379
9.28882760400582 4.19232761859894 5.74569129943848 2.73600146174431
10.2085149119472 4.19232761859894 6.04800546169281 2.98124644160271
11.2192605084528 4.19232761859894 6.49592638015747 3.30567872524261
12.330080079446 4.19232761859894 6.57696676254272 3.64663863182068
13.5508819543863 4.19232761859894 6.59454870223999 4.00257670879364
14.8925554869521 4.19232761859894 6.60660743713379 4.33711159229279
16.3670681863003 4.19232761859894 6.67376685142517 4.83844988048077
17.9875724652967 4.19232761859894 6.67855095863342 5.15836954116821
19.7685229578944 4.19232761859894 6.67855095863342 5.67340290546417
21.7258054521118 4.19232761859894 6.67855095863342 6.20455145835876
23.8768785886714 4.19232761859894 6.67855095863342 6.97546851634979
26.2409295892292 4.19232761859894 6.67855095863342 7.77614450454712
28.8390454032626 4.19232761859894 6.67855095863342 8.61222004890442
31.6944008002223 4.19232761859894 6.67855095863342 9.57255662977695
34.8324650846968 4.19232761859894 6.67855095863342 10.3097929954529
38.3163339475004 4.19232761859894 6.67855095863342 10.7065105438232
42.1100361799719 4.19232761859894 6.67855095863342 11.2934267520905
46.2793530693252 4.19232761859894 6.71192193031311 12.9778876304626
50.8614742424258 4.19232761859894 6.71192193031311 13.2310801744461
55.8972714730444 4.19232761859894 6.71192193031311 14.2536323070526
61.4316632514152 4.19232761859894 6.71192193031311 14.940459728241
67.5140154498445 4.19232761859894 6.71192193031311 16.3783512115479
74.1985816582434 4.19232761859894 6.71192193031311 17.8488254547119
81.5449871173038 4.19232761859894 6.71192193031311 22.1153512001038
89.6187605659235 4.19232761859894 6.75670123100281 25.4420409202576
98.4919187468734 4.19232761859894 6.75670123100281 28.7119209766388
108.243608784401 4.19232761859894 7.59124565124512 30.221156835556
118.960814163673 4.19232761859894 7.59124565124512 31.4389896392822
130.739130609284 4.19232761859894 7.59124565124512 35.1790161132812
143.683618783529 4.19232761859894 7.59124565124512 35.1790161132812
157.909741410383 4.19232761859894 7.59124565124512 36.8692789077759
173.703536936922 4.19232761859894 7.59124565124512 47.6431694030762
190.901933233621 4.19232761859894 7.59124565124512 47.6431694030762
209.803143649102 4.19232761859894 7.82613611221313 60.6210570335388
230.575763898515 4.19232761859894 7.82613611221313 63.0319271087646
253.405082367608 4.19232761859894 7.82613611221313 65.8902077674866
278.494732854913 4.19232761859894 7.82613611221313 68.1340970993042
306.068510952025 4.19232761859894 7.82613611221313 68.1340970993042
336.372370263797 4.19232761859894 7.87091541290283 78.7898101806641
369.676616274388 4.19232761859894 7.87091541290283 78.7898101806641
370.015617281199 4.19232761859894 7.87091541290283 78.7898101806641
