0.0387145280838013 0.586059033870697 0.0102670192718506 0.00662291049957275
0.0387500300966981 0.586059033870697 0.0102670192718506 0.00662291049957275
0.0425866726076336 0.586059033870697 0.0102670192718506 0.00662291049957275
0.0468031812946723 0.586059033870697 0.0102670192718506 0.00662291049957275
0.0514371667278207 0.586059033870697 0.0102670192718506 0.00662291049957275
0.0565299633015929 0.586059033870697 0.0102670192718506 0.00662291049957275
0.0621269979310704 0.586059033870697 0.0102670192718506 0.00662291049957275
0.068278195252578 0.586059033870697 0.0102670192718506 0.00662291049957275
0.0750384229432996 0.586059033870697 0.019367516040802 0.00662291049957275
0.0824679811320132 0.586059033870697 0.019367516040802 0.00662291049957275
0.0907162527069789 0.586059033870697 0.019367516040802 0.00662291049957275
0.0996980736423392 0.586059033870697 0.019367516040802 0.00662291049957275
0.109569185139287 0.586059033870697 0.019367516040802 0.00662291049957275
0.120417635902936 0.586059033870697 0.019367516040802 0.00662291049957275
0.132340192345309 0.586059033870697 0.019367516040802 0.00662291049957275
0.145443201725957 0.586059033870697 0.019367516040802 0.00662291049957275
0.159843540752169 0.967256665229797 0.0412988811731339 0.0349071174860001
0.175669658100152 0.967256665229797 0.0549329519271851 0.0349071174860001
0.193062720156276 0.967256665229797 0.0894982665777206 0.0458019375801086
0.212177870198225 1.85931992530823 0.0899721682071686 0.0531836748123169
0.233185612247737 1.9137766957283 0.0899721682071686 0.0585099458694458
0.25627333193868 1.9137766957283 0.110390067100525 0.0662268996238708
0.281646967966354 2.74790793657303 0.151226624846458 0.0818203091621399
0.309532849027073 2.74790793657303 0.164577007293701 0.0846561193466187
0.340179712633237 2.74790793657303 0.184951782226562 0.0985909700393677
0.373860923811385 2.74790793657303 0.213791489601135 0.102840602397919
0.411253695994416 3.10663169622421 0.263309588655829 0.123804867267609
0.451971945990459 3.10663169622421 0.308698356151581 0.137834429740906
0.496721712052834 3.12219077348709 0.308698356151581 0.148427665233612
0.54590215479858 3.56563341617584 0.35489147901535 0.166187535971403
0.599951955758347 3.56563341617584 0.39457631111145 0.172682017087936
0.659353230344131 3.56563341617584 0.448875717818737 0.199388563632965
0.724635828240139 3.56563341617584 0.460043895989656 0.224061131477356
0.796382059575582 3.56563341617584 0.529422760009766 0.246307551860809
0.875231889036086 3.84656143188477 0.561795830726624 0.270200967788696
0.961888644244345 3.84656143188477 0.657687723636627 0.290553957223892
1.05712528932784 3.84656143188477 0.686872348189354 0.318464994430542
1.16179131963283 3.84656143188477 0.790747284889221 0.362070724368095
1.27682033908432 3.98659324645996 0.843945816159248 0.391817510128021
1.4032383877809 4.04104137420654 0.969050705432892 0.434108823537827
1.54217309410505 4.04104995727539 1.0460479259491 0.473044738173485
1.69486373298454 4.17070913314819 1.17958027124405 0.522773742675781
1.86438038854372 4.17070913314819 1.30265259742737 0.579767480492592
2.0489727885339 4.17070913314819 1.39592778682709 0.634274799376726
2.25184169172242 4.17070913314819 1.5373045951128 0.692503213882446
2.4747966556489 4.17070913314819 1.72195169702172 0.745408833026886
2.7198264022398 4.17070913314819 1.88430111855268 0.839414209127426
2.98911655688376 4.19232761859894 2.12640784680843 0.916516959667206
3.28506914385371 4.19232761859894 2.25806408375502 0.990533158183098
3.61032401197175 4.19232761859894 2.56029883027077 1.08463311195374
3.96778238163021 4.19232761859894 2.74498999118805 1.20389591157436
4.36063272320454 4.19232761859894 3.05832212418318 1.33634267747402
4.79237919768918 4.19232761859894 3.34490159153938 1.48940694332123
5.2668729132423 4.19232761859894 3.80880587548018 1.56251464784145
5.78834627644265 4.19232761859894 3.98807114362717 1.69210338592529
6.36145074466621 4.19232761859894 4.26072508096695 1.82191133499146
6.99129831632754 4.19232761859894 4.71268285810947 2.09946656227112
7.68350712907217 4.19232761859894 5.1412980556488 2.25941860675812
8.45199512379247 4.19232761859894 5.5169712305069 2.44982612133026
9.28882760400582 4.19232761859894 5.76049411296844 2.56957668066025
10.2085149119472 4.19232761859894 6.2038825750351 2.66778385639191
11.2192605084528 4.19232761859894 6.63823533058167 2.97121405601501
12.330080079446 4.19232761859894 6.71618437767029 3.28772354125977
13.5508819543863 4.19232761859894 6.77188062667847 3.59967291355133
14.8925554869521 4.19232761859894 6.77188062667847 3.89361441135406
16.3670681863003 4.19232761859894 6.87652397155762 4.2675598859787
17.9875724652967 4.19232761859894 6.87652397155762 4.56653130054474
19.7685229578944 4.19232761859894 6.87652397155762 4.56957852840424
21.7258054521118 4.19232761859894 6.87652397155762 5.25489145517349
23.8768785886714 4.19232761859894 7.67324042320251 7.3005964756012
26.2409295892292 4.19232761859894 7.67324042320251 7.3005964756012
28.8390454032626 4.19232761859894 7.67324042320251 7.3077484369278
31.6944008002223 4.19232761859894 7.67324042320251 8.09074532985687
34.8324650846968 4.19232761859894 7.67324042320251 8.56503546237946
38.3163339475004 4.19232761859894 7.67324042320251 8.81327378749847
42.1100361799719 4.19232761859894 7.67324042320251 9.67871260643005
46.2793530693252 4.19232761859894 7.67324042320251 9.67871260643005
50.8614742424258 4.19232761859894 7.67324042320251 9.67871260643005
55.8972714730444 4.19232761859894 7.67324042320251 9.67871260643005
61.4316632514152 4.19232761859894 7.67324042320251 9.67871260643005
67.5140154498445 4.19232761859894 7.67324042320251 9.67871260643005
74.1985816582434 4.19232761859894 7.67324042320251 9.67871260643005
81.5449871173038 4.19232761859894 7.67324042320251 9.67871260643005
89.6187605659235 4.19232761859894 7.67324042320251 11.2892570495605
98.4919187468734 4.19232761859894 7.67324042320251 11.8757631778717
108.243608784401 4.19232761859894 7.67324042320251 14.8547811508179
118.960814163673 4.19232761859894 7.67324042320251 15.7820720672607
130.739130609284 4.19232761859894 7.83314085006714 17.4180717468262
143.683618783529 4.19232761859894 7.83314085006714 17.4180717468262
157.909741410383 4.19232761859894 7.83314085006714 17.4180717468262
173.703536936922 4.19232761859894 7.83314085006714 17.4180717468262
190.901933233621 4.19232761859894 7.83314085006714 17.4180717468262
209.803143649102 4.19232761859894 7.83314085006714 18.1775484085083
230.575763898515 4.19232761859894 8.47089123725891 19.8135480880737
253.405082367608 4.19232761859894 8.47089123725891 19.8135480880737
278.494732854913 4.19232761859894 8.47089123725891 19.8135480880737
306.068510952025 4.19232761859894 8.47089123725891 19.8135480880737
336.372370263797 4.19232761859894 8.47089123725891 19.8135480880737
369.676616274388 4.19232761859894 8.47089123725891 19.8135480880737
370.015617281199 4.19232761859894 8.47089123725891 19.8135480880737
