0.0387145280838013 0.586059033870697 0.00831037759780884 0.00104296207427979
0.0387500300966981 0.586059033870697 0.00831037759780884 0.00104296207427979
0.0425866726076336 0.586059033870697 0.00831037759780884 0.00104296207427979
0.0468031812946723 0.586059033870697 0.00831037759780884 0.00104296207427979
0.0514371667278207 0.586059033870697 0.00831037759780884 0.00104296207427979
0.0565299633015929 0.586059033870697 0.00831037759780884 0.00104296207427979
0.0621269979310704 0.586059033870697 0.00831037759780884 0.00104296207427979
0.068278195252578 0.586059033870697 0.00831037759780884 0.00104296207427979
0.0750384229432996 0.586059033870697 0.016930103302002 0.00650036334991455
0.0824679811320132 0.586059033870697 0.016930103302002 0.00650036334991455
0.0907162527069789 0.586059033870697 0.0312574505805969 0.00755774974822998
0.0996980736423392 0.586059033870697 0.0312574505805969 0.00755774974822998
0.109569185139287 0.586059033870697 0.0312574505805969 0.00755774974822998
0.120417635902936 0.586059033870697 0.0312574505805969 0.00755774974822998
0.132340192345309 0.586059033870697 0.0312574505805969 0.00755774974822998
0.145443201725957 0.99837489426136 0.0698708295822144 0.0292685031890869
0.159843540752169 0.99837489426136 0.0698708295822144 0.0329589545726776
0.175669658100152 0.99837489426136 0.0698708295822144 0.0378193855285645
0.193062720156276 0.99837489426136 0.0819412767887115 0.041038990020752
0.212177870198225 2.30101633071899 0.106017172336578 0.0494273900985718
0.233185612247737 2.30101633071899 0.106017172336578 0.0663251876831055
0.25627333193868 2.30101633071899 0.121390581130981 0.0682606101036072
0.281646967966354 2.74790793657303 0.14311957359314 0.0743775218725204
0.309532849027073 2.74790793657303 0.153909683227539 0.0802259147167206
0.340179712633237 2.74790793657303 0.183856844902039 0.0930080413818359
0.373860923811385 2.74790793657303 0.205023348331451 0.103564560413361
0.411253695994416 3.10663169622421 0.245264824479818 0.117562413215637
0.451971945990459 3.13343650102615 0.290019571781158 0.131831675767899
0.496721712052834 3.13343650102615 0.315240450203419 0.143418312072754
0.54590215479858 3.56563341617584 0.335590243339539 0.159843295812607
0.599951955758347 3.7056565284729 0.381900072097778 0.181388288736343
0.659353230344131 3.7056565284729 0.42494859546423 0.200721055269241
0.724635828240139 3.7056565284729 0.464164711534977 0.219843745231628
0.796382059575582 3.7056565284729 0.496138036251068 0.233636111021042
0.875231889036086 3.84656143188477 0.584321767091751 0.257549047470093
0.961888644244345 3.84656143188477 0.635040998458862 0.291334271430969
1.05712528932784 3.93300080299377 0.689716398715973 0.316744863986969
1.16179131963283 3.93300080299377 0.750891298055649 0.346945881843567
1.27682033908432 4.04104995727539 0.813467584550381 0.405544519424438
1.4032383877809 4.04104995727539 0.928445100784302 0.423798322677612
1.54217309410505 4.19232761859894 1.00081992149353 0.476342588663101
1.69486373298454 4.19232761859894 1.11801379919052 0.524843722581863
1.86438038854372 4.19232761859894 1.24696260690689 0.581985354423523
2.0489727885339 4.19232761859894 1.34554159641266 0.644338697195053
2.25184169172242 4.19232761859894 1.51000273227692 0.696966916322708
2.4747966556489 4.19232761859894 1.62935554236174 0.761280328035355
2.7198264022398 4.19232761859894 1.82045435905457 0.893372565507889
2.98911655688376 4.19232761859894 2.01908069849014 0.917440205812454
3.28506914385371 4.19232761859894 2.1634711548686 1.03582438826561
3.61032401197175 4.19232761859894 2.43950659036636 1.16373041272163
3.96778238163021 4.19232761859894 2.64477217197418 1.23060873150826
4.36063272320454 4.19232761859894 2.89414113294333 1.34845748543739
4.79237919768918 4.19232761859894 3.23926961421967 1.45099890232086
5.2668729132423 4.19232761859894 3.61020773183554 1.60334646701813
5.78834627644265 4.19232761859894 3.85712212324142 1.7591700553894
6.36145074466621 4.19232761859894 4.07021409273148 1.96122847497463
6.99129831632754 4.19232761859894 4.52095802128315 2.13285219669342
7.68350712907217 4.19232761859894 4.97568291425705 2.35359930992126
8.45199512379247 4.19232761859894 5.52231013774872 2.58977270126343
9.28882760400582 4.19232761859894 5.83859694004059 2.78097534179688
10.2085149119472 4.19232761859894 6.15759360790253 3.09909015893936
11.2192605084528 4.19232761859894 6.6520402431488 3.45465850830078
12.330080079446 4.19232761859894 6.71076512336731 3.74401879310608
13.5508819543863 4.19232761859894 6.72817158699036 4.08637952804565
14.8925554869521 4.19232761859894 6.72817158699036 4.4806215763092
16.3670681863003 4.19232761859894 6.73111605644226 5.06544682383537
17.9875724652967 4.19232761859894 6.73391127586365 5.54648852348328
19.7685229578944 4.19232761859894 6.73391127586365 6.20260894298553
21.7258054521118 4.19232761859894 6.73391127586365 6.72530174255371
23.8768785886714 4.19232761859894 6.73391127586365 7.18543243408203
26.2409295892292 4.19232761859894 6.73391127586365 7.8136402964592
28.8390454032626 4.19232761859894 6.73391127586365 8.71613830327988
31.6944008002223 4.19232761859894 6.73391127586365 9.72310364246368
34.8324650846968 4.19232761859894 6.73391127586365 10.3894330263138
38.3163339475004 4.19232761859894 6.73391127586365 11.0697736740112
42.1100361799719 4.19232761859894 6.73391127586365 12.9019901752472
46.2793530693252 4.19232761859894 6.73391127586365 14.5695399045944
50.8614742424258 4.19232761859894 6.73391127586365 15.5359289646149
55.8972714730444 4.19232761859894 6.73391127586365 16.3620753288269
61.4316632514152 4.19232761859894 6.73391127586365 16.3620753288269
67.5140154498445 4.19232761859894 6.73391127586365 18.0687198638916
74.1985816582434 4.19232761859894 6.73391127586365 21.8746366500854
81.5449871173038 4.19232761859894 6.73391127586365 25.7849613428116
89.6187605659235 4.19232761859894 7.02803158760071 28.5919345617294
98.4919187468734 4.19232761859894 7.02803158760071 32.1862761378288
108.243608784401 4.19232761859894 7.65907311439514 34.4307951927185
118.960814163673 4.19232761859894 7.65907311439514 34.4307951927185
130.739130609284 4.19232761859894 7.65907311439514 39.1576080322266
143.683618783529 4.19232761859894 7.65907311439514 39.1576080322266
157.909741410383 4.19232761859894 7.65907311439514 39.1576080322266
173.703536936922 4.19232761859894 7.65907311439514 52.2893123626709
190.901933233621 4.19232761859894 7.65907311439514 52.2893123626709
209.803143649102 4.19232761859894 7.77179861068726 68.016255736351
230.575763898515 4.19232761859894 8.00042462348938 68.6513876914978
253.405082367608 4.19232761859894 8.00042462348938 68.6513876914978
278.494732854913 4.19232761859894 8.00042462348938 68.6513876914978
306.068510952025 4.19232761859894 8.00042462348938 68.6513876914978
336.372370263797 4.19232761859894 8.11315011978149 68.6513876914978
369.676616274388 4.19232761859894 8.11315011978149 68.6513876914978
370.015617281199 4.19232761859894 8.11315011978149 68.6513876914978
