0.0194894644874591 0.586059033870697 0.00708436965942383 0.00283220410346985
0.0195076157341004 0.586059033870697 0.00708436965942383 0.00283220410346985
0.0214706726399789 0.586059033870697 0.00708436965942383 0.00283220410346985
0.0236312725192399 0.586059033870697 0.00708436965942383 0.00283220410346985
0.0260092941773403 0.586059033870697 0.00708436965942383 0.00283220410346985
0.02862661682957 0.586059033870697 0.00708436965942383 0.00283220410346985
0.0315073214028609 0.586059033870697 0.0154661238193512 0.0036453902721405
0.0346779120946542 0.586059033870697 0.0154661238193512 0.0036453902721405
0.0381675602272991 0.586059033870697 0.0154661238193512 0.0036453902721405
0.0420083726415892 0.586059033870697 0.0154661238193512 0.0036453902721405
0.0462787480746938 0.586059033870697 0.0297434628009796 0.0036453902721405
0.0509357916233132 0.586059033870697 0.0297434628009796 0.0036453902721405
0.056061474785492 0.586059033870697 0.0297434628009796 0.0036453902721405
0.0617029568985016 0.586059033870697 0.0297434628009796 0.0036453902721405
0.0679121429571029 0.651752918958664 0.0297434628009796 0.0133199095726013
0.0747461611704054 0.768446087837219 0.0516383498907089 0.0209284499287605
0.0822678885754094 0.967256665229797 0.0516383498907089 0.0314306914806366
0.0905465295431877 1.00701880455017 0.0516383498907089 0.0314306914806366
0.0996582525003081 1.9137766957283 0.0703260898590088 0.0314306914806366
0.109686890723714 2.30101633071899 0.0967941880226135 0.0459572076797485
0.120724713656792 2.30101633071899 0.0986383557319641 0.0459572076797485
0.132873275843195 2.74790793657303 0.101591259241104 0.0599281340837479
0.146244351289115 2.74790793657303 0.137411588802934 0.0624136328697205
0.160960961850701 2.74790793657303 0.163016572594643 0.0715153217315674
0.177158509108387 2.74790793657303 0.170872300863266 0.0818599462509155
0.194986020142061 2.80583125352859 0.215559363365173 0.0849128738045692
0.214807390451206 3.0089550614357 0.226561300456524 0.0967840254306793
0.23642351909587 3.39448344707489 0.236567094922066 0.109466522932053
0.260214884898814 3.51117664575577 0.284986980259418 0.128868639469147
0.286400382592417 3.51117664575577 0.290462017059326 0.138483196496964
0.315220934348083 3.7056565284729 0.343853332102299 0.153507053852081
0.346941706403675 3.7056565284729 0.36848659068346 0.168304800987244
0.381854548750803 3.7056565284729 0.423556685447693 0.190014444291592
0.420280680328535 3.70566511154175 0.461518475785851 0.208784557878971
0.462573644428912 3.84656143188477 0.507633278146386 0.230844795703888
0.509122561505755 3.93300080299377 0.561933748424053 0.256996460258961
0.560355709314554 3.93300080299377 0.626324638724327 0.275219261646271
0.616744463322841 4.19232761859894 0.69323868304491 0.309020824730396
0.678807633645181 4.19232761859894 0.764737417921424 0.341688133776188
0.74711623840516 4.19232761859894 0.847320199012756 0.375092826783657
0.822298757442146 4.19232761859894 0.938406944274902 0.416573084890842
0.90504691470005 4.19232761859894 1.02906078100204 0.458995498716831
0.997049767162749 4.19232761859894 1.13642921298742 0.502624660730362
1.0973831681079 4.19232761859894 1.25627562403679 0.550462901592255
1.207813147656 4.19232761859894 1.36397880315781 0.610812209546566
1.32935572737641 4.19232761859894 1.53110784292221 0.673730842769146
1.46312917137724 4.19232761859894 1.6630237698555 0.747527986764908
1.61036427500108 4.19232761859894 1.80270265042782 0.806750349700451
1.77241568887504 4.19232761859894 2.00988724827766 0.889832764863968
1.95077438250316 4.19232761859894 2.21643233299255 0.982893764972687
2.14708136207369 4.19232761859894 2.41647833585739 1.07801681756973
2.36314276869316 4.19232761859894 2.6688175201416 1.18094104528427
2.60094649596008 4.19232761859894 2.81634014844894 1.3116729259491
2.86268047976978 4.19232761859894 3.10720753669739 1.44540429115295
3.15075282862747 4.19232761859894 3.37190413475037 1.57657212018967
3.46781397968047 4.19232761859894 3.62733340263367 1.70441806316376
3.81678108431816 4.19232761859894 3.92663657665253 1.85783731937408
4.2008648477019 4.19232761859894 4.38015341758728 2.01264268159866
4.62790519502682 4.19232761859894 4.56284880638123 2.23555874824524
5.09361260779729 4.19232761859894 4.87418127059937 2.4545590877533
5.6061842896419 4.19232761859894 5.26330304145813 2.64849960803986
6.17033620525356 4.19232761859894 5.62104821205139 2.88121688365936
6.79125888819023 4.19232761859894 6.17267155647278 3.16100168228149
7.47466519687438 4.19232761859894 6.66779518127441 3.32632064819336
8.22684287629239 4.19232761859894 6.67476010322571 3.64055252075195
9.05471240899251 4.19232761859894 6.67476010322571 3.77590823173523
9.96589068764523 4.19232761859894 6.67476010322571 3.77590823173523
10.9687610949915 4.19232761859894 6.67476010322571 3.77590823173523
12.072550635956 4.19232761859894 6.67476010322571 4.08147144317627
13.2874148315868 4.19232761859894 6.67476010322571 4.24739241600037
14.6245311558961 4.19232761859894 6.67476010322571 4.60983717441559
16.0962018752773 4.19232761859894 6.67476010322571 4.65798735618591
17.7159672366814 4.19232761859894 6.67476010322571 4.65798735618591
19.4987300459514 4.19232761859894 6.67476010322571 4.65798735618591
21.4808800919766 4.19232761859894 6.67476010322571 5.28999769687653
23.6425071500281 4.19232761859894 6.67476010322571 5.73064661026001
26.0216593522121 4.19232761859894 6.67476010322571 6.59227497130632
28.6402263154973 4.19232761859894 6.67476010322571 7.42286533117294
31.5223004152183 4.19232761859894 6.67476010322571 8.2139835357666
34.6943984492749 4.19232761859894 6.67476010322571 8.2139835357666
38.1857056084627 4.19232761859894 6.67476010322571 8.2139835357666
42.0283439976073 4.19232761859894 6.67476010322571 8.2139835357666
46.2576681780564 4.19232761859894 6.67476010322571 8.2139835357666
50.9125904506965 4.19232761859894 6.67476010322571 8.2139835357666
56.0359388722924 4.19232761859894 6.67476010322571 8.2139835357666
61.674851299112 4.19232761859894 6.67476010322571 8.2139835357666
67.8812090832727 4.19232761859894 6.67476010322571 8.5354950428009
74.7121144120754 4.19232761859894 6.67476010322571 10.6204867362976
82.2304156821292 4.19232761859894 6.67476010322571 12.685471534729
90.5052857420251 4.19232761859894 6.67476010322571 13.2212201952934
99.7056313992196 4.19232761859894 7.64437294006348 13.928768157959
109.739037374665 4.19232761859894 7.64437294006348 14.1024303436279
120.782107840023 4.19232761859894 7.64437294006348 15.3457269668579
132.936445619368 4.19232761859894 7.64437294006348 15.3457269668579
146.313877857786 4.19232761859894 7.64437294006348 15.3457269668579
161.037484897703 4.19232761859894 7.64437294006348 20.377233505249
177.242732691319 4.19232761859894 7.64437294006348 20.377233505249
195.078719168039 4.19232761859894 7.79735851287842 28.0311985015869
214.709546024206 4.19232761859894 7.79735851287842 28.0311985015869
214.909512828253 4.19232761859894 7.79735851287842 28.0311985015869
