0.0194894644874591 0.586059033870697 0.00783556699752808 0.00341087579727173
0.0195076157341004 0.586059033870697 0.00783556699752808 0.00341087579727173
0.0214706726399789 0.586059033870697 0.00783556699752808 0.00341087579727173
0.0236312725192399 0.586059033870697 0.00783556699752808 0.00341087579727173
0.0260092941773403 0.586059033870697 0.00783556699752808 0.00341087579727173
0.02862661682957 0.586059033870697 0.00783556699752808 0.00341087579727173
0.0315073214028609 0.586059033870697 0.0164074599742889 0.00392076373100281
0.0346779120946542 0.586059033870697 0.0164074599742889 0.00392076373100281
0.0381675602272991 0.586059033870697 0.0164074599742889 0.00392076373100281
0.0420083726415892 0.586059033870697 0.0164074599742889 0.00392076373100281
0.0462787480746938 0.586059033870697 0.030529111623764 0.00392076373100281
0.0509357916233132 0.586059033870697 0.030529111623764 0.00392076373100281
0.056061474785492 0.586059033870697 0.030529111623764 0.00392076373100281
0.0617029568985016 0.586059033870697 0.030529111623764 0.00392076373100281
0.0679121429571029 0.651752918958664 0.030529111623764 0.0122299492359161
0.0747461611704054 0.768446087837219 0.0479693412780762 0.0222687460482121
0.0822678885754094 0.967256665229797 0.0479693412780762 0.0222687460482121
0.0905465295431877 1.00701880455017 0.0479693412780762 0.0240602344274521
0.0996582525003081 1.9137766957283 0.0676093101501465 0.0327404141426086
0.109686890723714 2.30101633071899 0.0957814455032349 0.0390108525753021
0.120724713656792 2.30101633071899 0.0968429446220398 0.0390108525753021
0.132873275843195 2.74790793657303 0.100468128919601 0.0431019365787506
0.146244351289115 2.74790793657303 0.136505359783769 0.0581753551959991
0.160960961850701 2.74790793657303 0.162211894989014 0.0646125860512257
0.177158509108387 2.74790793657303 0.170703411102295 0.0709411799907684
0.194986020142061 2.80583125352859 0.210099935531616 0.0763171911239624
0.214807390451206 3.0089550614357 0.224097870290279 0.0827212631702423
0.23642351909587 3.39448344707489 0.239302094094455 0.0975636653602123
0.260214884898814 3.51117664575577 0.281421504914761 0.104681435972452
0.286400382592417 3.51117664575577 0.287372976541519 0.119708131998777
0.315220934348083 3.7056565284729 0.339736573398113 0.136972188949585
0.346941706403675 3.7056565284729 0.363634221255779 0.14850502088666
0.381854548750803 3.7056565284729 0.420632064342499 0.1641003228724
0.420280680328535 3.70566511154175 0.456089997664094 0.179134383797646
0.462573644428912 3.84656143188477 0.497497315285727 0.202575288712978
0.509122561505755 3.93300080299377 0.556708905845881 0.221586655825377
0.560355709314554 3.93300080299377 0.618542164564133 0.239112377166748
0.616744463322841 4.19232761859894 0.67488906532526 0.265192225575447
0.678807633645181 4.19232761859894 0.754570811986923 0.292515262961388
0.74711623840516 4.19232761859894 0.8370321393013 0.3227932266891
0.822298757442146 4.19232761859894 0.924768291413784 0.351180151104927
0.90504691470005 4.19232761859894 1.01345375180244 0.395047426223755
0.997049767162749 4.19232761859894 1.11957857757807 0.430598199367523
1.0973831681079 4.19232761859894 1.24416956305504 0.466666013002396
1.207813147656 4.19232761859894 1.34721079468727 0.523965090513229
1.32935572737641 4.19232761859894 1.50637167692184 0.582694381475449
1.46312917137724 4.19232761859894 1.64058154821396 0.635046258568764
1.61036427500108 4.19232761859894 1.79215621948242 0.705891579389572
1.77241568887504 4.19232761859894 1.97005584836006 0.765548508614302
1.95077438250316 4.19232761859894 2.18341082334518 0.843529742211103
2.14708136207369 4.19232761859894 2.376893222332 0.94619083404541
2.36314276869316 4.19232761859894 2.62037128210068 0.998525023460388
2.60094649596008 4.19232761859894 2.7788233757019 1.11443710327148
2.86268047976978 4.19232761859894 3.07556581497192 1.21896481513977
3.15075282862747 4.19232761859894 3.31551158428192 1.31819820404053
3.46781397968047 4.19232761859894 3.58116364479065 1.40808057785034
3.81678108431816 4.19232761859894 3.87280344963074 1.54368585348129
4.2008648477019 4.19232761859894 4.31834149360657 1.66830807924271
4.62790519502682 4.19232761859894 4.54684090614319 1.8370264172554
5.09361260779729 4.19232761859894 4.83149385452271 2.10574686527252
5.6061842896419 4.19232761859894 5.21530699729919 2.27591979503632
6.17033620525356 4.19232761859894 5.55699157714844 2.54957577213645
6.79125888819023 4.19232761859894 6.13946914672852 2.71089884638786
7.47466519687438 4.19232761859894 6.6445791721344 3.04869917035103
8.22684287629239 4.19232761859894 6.65321016311646 3.36476117372513
9.05471240899251 4.19232761859894 6.66749954223633 3.50470012426376
9.96589068764523 4.19232761859894 6.66749954223633 3.98566693067551
10.9687610949915 4.19232761859894 6.66749954223633 4.30194842815399
12.072550635956 4.19232761859894 6.66749954223633 4.33198350667953
13.2874148315868 4.19232761859894 6.66749954223633 5.04271578788757
14.6245311558961 4.19232761859894 6.66749954223633 5.31045836210251
16.0962018752773 4.19232761859894 6.66749954223633 5.34585613012314
17.7159672366814 4.19232761859894 6.66749954223633 5.34585613012314
19.4987300459514 4.19232761859894 6.66749954223633 5.34585613012314
21.4808800919766 4.19232761859894 6.66749954223633 5.34585613012314
23.6425071500281 4.19232761859894 6.66749954223633 6.97492694854736
26.0216593522121 4.19232761859894 6.66749954223633 6.97492694854736
28.6402263154973 4.19232761859894 6.66749954223633 8.81608295440674
31.5223004152183 4.19232761859894 6.66749954223633 9.89970302581787
34.6943984492749 4.19232761859894 6.66749954223633 11.82897362113
38.1857056084627 4.19232761859894 6.66749954223633 12.3207830786705
42.0283439976073 4.19232761859894 6.66749954223633 12.3207830786705
46.2576681780564 4.19232761859894 6.66749954223633 13.6933298110962
50.9125904506965 4.19232761859894 6.66749954223633 13.6933298110962
56.0359388722924 4.19232761859894 6.66749954223633 13.6933298110962
61.674851299112 4.19232761859894 6.66749954223633 18.6403436660767
67.8812090832727 4.19232761859894 6.66749954223633 20.6682567596436
74.7121144120754 4.19232761859894 6.66749954223633 23.5930328369141
82.2304156821292 4.19232761859894 6.66749954223633 26.0141128897667
90.5052857420251 4.19232761859894 6.66749954223633 29.6587740182877
99.7056313992196 4.19232761859894 7.60789561271667 30.9611267447472
109.739037374665 4.19232761859894 7.60789561271667 32.3997783660889
120.782107840023 4.19232761859894 7.60789561271667 37.3467922210693
132.936445619368 4.19232761859894 7.60789561271667 37.3467922210693
146.313877857786 4.19232761859894 7.60789561271667 37.3467922210693
161.037484897703 4.19232761859894 7.60789561271667 51.0401220321655
177.242732691319 4.19232761859894 7.60789561271667 51.0401220321655
195.078719168039 4.19232761859894 7.77168488502502 63.360905110836
214.709546024206 4.19232761859894 7.77168488502502 63.360905110836
214.909512828253 4.19232761859894 7.77168488502502 63.360905110836
