0.0194894644874591 0.586059033870697 0.0102128982543945 0.00857660174369812
0.0195076157341004 0.586059033870697 0.0102128982543945 0.00857660174369812
0.0214706726399789 0.586059033870697 0.0102128982543945 0.00857660174369812
0.0236312725192399 0.586059033870697 0.0102128982543945 0.00857660174369812
0.0260092941773403 0.586059033870697 0.0102128982543945 0.00857660174369812
0.02862661682957 0.586059033870697 0.0102128982543945 0.00857660174369812
0.0315073214028609 0.586059033870697 0.0193354487419128 0.0147014260292053
0.0346779120946542 0.586059033870697 0.0193354487419128 0.0147014260292053
0.0381675602272991 0.586059033870697 0.0193354487419128 0.0147014260292053
0.0420083726415892 0.586059033870697 0.0193354487419128 0.0147014260292053
0.0462787480746938 0.586059033870697 0.0193354487419128 0.0147014260292053
0.0509357916233132 0.586059033870697 0.0193354487419128 0.0147014260292053
0.056061474785492 0.586059033870697 0.0193354487419128 0.0147014260292053
0.0617029568985016 0.586059033870697 0.0193354487419128 0.0147014260292053
0.0679121429571029 0.586059033870697 0.0321134924888611 0.0238071829080582
0.0747461611704054 0.768446087837219 0.0369644910097122 0.0284269154071808
0.0822678885754094 0.967256665229797 0.0468194484710693 0.0284269154071808
0.0905465295431877 1.00701880455017 0.049090176820755 0.0284269154071808
0.0996582525003081 1.9137766957283 0.0566806495189667 0.038564145565033
0.109686890723714 1.9137766957283 0.0930619239807129 0.0607860684394836
0.120724713656792 1.9137766957283 0.0978104174137115 0.0627723634243011
0.132873275843195 2.74790793657303 0.103864848613739 0.0673250257968903
0.146244351289115 2.74790793657303 0.121240563690662 0.0876763761043549
0.160960961850701 2.74790793657303 0.128411561250687 0.0907708704471588
0.177158509108387 2.74790793657303 0.161575078964233 0.10477688908577
0.194986020142061 2.80583125352859 0.194088101387024 0.113671064376831
0.214807390451206 2.80583125352859 0.217065878212452 0.134268075227737
0.23642351909587 3.39448344707489 0.250055499374866 0.147881507873535
0.260214884898814 3.51117664575577 0.273912936449051 0.160668551921844
0.286400382592417 3.51117664575577 0.296200461685658 0.176713347434998
0.315220934348083 3.56563341617584 0.329651974141598 0.209474384784698
0.346941706403675 3.56563341617584 0.367058642208576 0.223360046744347
0.381854548750803 3.56563341617584 0.409789025783539 0.242921531200409
0.420280680328535 3.62527656555176 0.444353356957436 0.269589394330978
0.462573644428912 3.84656143188477 0.48929426074028 0.305805593729019
0.509122561505755 3.84656143188477 0.539008378982544 0.345790416002274
0.560355709314554 3.93300080299377 0.594289213418961 0.365420028567314
0.616744463322841 3.98659324645996 0.656935907900333 0.410036027431488
0.678807633645181 3.98659324645996 0.742522219195962 0.440156728029251
0.74711623840516 4.04104995727539 0.808256268501282 0.472351253032684
0.822298757442146 4.06265139579773 0.909129539504647 0.52501106262207
0.90504691470005 4.17070913314819 0.983743041753769 0.582953751087189
0.997049767162749 4.17070913314819 1.09312725067139 0.632922500371933
1.0973831681079 4.17070913314819 1.20583620667458 0.703405618667603
1.207813147656 4.17070913314819 1.33594081550837 0.75193652510643
1.32935572737641 4.17070913314819 1.45645880699158 0.865815281867981
1.46312917137724 4.17070913314819 1.62168496847153 0.904247984290123
1.61036427500108 4.19232761859894 1.76059502363205 0.986334383487701
1.77241568887504 4.19232761859894 1.92871767282486 1.09638088941574
1.95077438250316 4.19232761859894 2.097252368927 1.19356927275658
2.14708136207369 4.19232761859894 2.30152773857117 1.30466490983963
2.36314276869316 4.19232761859894 2.52530062198639 1.50746005773544
2.60094649596008 4.19232761859894 2.76672887802124 1.58953627943993
2.86268047976978 4.19232761859894 2.99423623085022 1.73771217465401
3.15075282862747 4.19232761859894 3.14258408546448 1.8878453373909
3.46781397968047 4.19232761859894 3.49070930480957 2.09558296203613
3.81678108431816 4.19232761859894 3.75321042537689 2.20393413305283
4.2008648477019 4.19232761859894 4.14859735965729 2.34768205881119
4.62790519502682 4.19232761859894 4.34095573425293 2.58584904670715
5.09361260779729 4.19232761859894 4.734734416008 2.77539610862732
5.6061842896419 4.19232761859894 5.08495056629181 2.96688437461853
6.17033620525356 4.19232761859894 5.47890603542328 3.25050783157349
6.79125888819023 4.19232761859894 5.99353897571564 3.3782753944397
7.47466519687438 4.19232761859894 6.6103538274765 3.62748408317566
8.22684287629239 4.19232761859894 6.73445725440979 4.06583333015442
9.05471240899251 4.19232761859894 6.84046292304993 4.40490770339966
9.96589068764523 4.19232761859894 6.84046292304993 4.86811017990112
10.9687610949915 4.19232761859894 6.84046292304993 5.14532232284546
12.072550635956 4.19232761859894 6.84046292304993 5.47200536727905
13.2874148315868 4.19232761859894 6.84046292304993 5.77284908294678
14.6245311558961 4.19232761859894 6.84046292304993 6.0306556224823
16.0962018752773 4.19232761859894 6.84046292304993 6.0306556224823
17.7159672366814 4.19232761859894 7.5940101146698 6.0306556224823
19.4987300459514 4.19232761859894 7.5940101146698 6.47091770172119
21.4808800919766 4.19232761859894 7.5940101146698 8.60514324903488
23.6425071500281 4.19232761859894 7.5940101146698 8.70316290855408
26.0216593522121 4.19232761859894 7.5940101146698 9.92086029052734
28.6402263154973 4.19232761859894 7.5940101146698 9.92086029052734
31.5223004152183 4.19232761859894 7.5940101146698 10.850426197052
34.6943984492749 4.19232761859894 7.5940101146698 10.850426197052
38.1857056084627 4.19232761859894 7.5940101146698 11.9151556491852
42.0283439976073 4.19232761859894 7.5940101146698 15.8053603172302
46.2576681780564 4.19232761859894 7.5940101146698 16.7349262237549
50.9125904506965 4.19232761859894 7.5940101146698 16.7349262237549
56.0359388722924 4.19232761859894 7.5940101146698 16.7349262237549
61.674851299112 4.19232761859894 7.5940101146698 16.7349262237549
67.8812090832727 4.19232761859894 7.5940101146698 17.9773262143135
74.7121144120754 4.19232761859894 7.5940101146698 17.9773262143135
82.2304156821292 4.19232761859894 7.5940101146698 27.512035369873
90.5052857420251 4.19232761859894 7.5940101146698 27.512035369873
99.7056313992196 4.19232761859894 7.5940101146698 32.8324565887451
109.739037374665 4.19232761859894 7.5940101146698 32.8324565887451
120.782107840023 4.19232761859894 7.5940101146698 34.905369758606
132.936445619368 4.19232761859894 7.96886873245239 34.905369758606
146.313877857786 4.19232761859894 7.96886873245239 34.905369758606
161.037484897703 4.19232761859894 7.96886873245239 34.905369758606
177.242732691319 4.19232761859894 7.96886873245239 34.905369758606
195.078719168039 4.19232761859894 7.96886873245239 34.905369758606
214.709546024206 4.19232761859894 7.96886873245239 34.905369758606
214.909512828253 4.19232761859894 7.96886873245239 34.905369758606
