0.0387145280838013 0.586059033870697 0.00858056545257568 0.00228214263916016
0.0387500300966981 0.586059033870697 0.00858056545257568 0.00228214263916016
0.0425866726076336 0.586059033870697 0.00858056545257568 0.00228214263916016
0.0468031812946723 0.586059033870697 0.00858056545257568 0.00228214263916016
0.0514371667278207 0.586059033870697 0.00858056545257568 0.00228214263916016
0.0565299633015929 0.586059033870697 0.00858056545257568 0.00228214263916016
0.0621269979310704 0.586059033870697 0.00858056545257568 0.00228214263916016
0.068278195252578 0.586059033870697 0.00858056545257568 0.00228214263916016
0.0750384229432996 0.586059033870697 0.0173319280147552 0.00228214263916016
0.0824679811320132 0.586059033870697 0.0173319280147552 0.00228214263916016
0.0907162527069789 0.586059033870697 0.0173319280147552 0.00228214263916016
0.0996980736423392 0.586059033870697 0.0173319280147552 0.00228214263916016
0.109569185139287 0.586059033870697 0.0173319280147552 0.00228214263916016
0.120417635902936 0.586059033870697 0.0173319280147552 0.00228214263916016
0.132340192345309 0.586059033870697 0.0173319280147552 0.00228214263916016
0.145443201725957 0.586059033870697 0.0173319280147552 0.00228214263916016
0.159843540752169 0.967256665229797 0.0463110208511353 0.0233393311500549
0.175669658100152 0.967256665229797 0.0506591796875 0.0434953570365906
0.193062720156276 0.967256665229797 0.0834369957447052 0.0497503876686096
0.212177870198225 1.85931992530823 0.0874924063682556 0.0523111820220947
0.233185612247737 1.9137766957283 0.0874924063682556 0.0629441738128662
0.25627333193868 1.9137766957283 0.0989747643470764 0.0695526003837585
0.281646967966354 2.74790793657303 0.14459639787674 0.0800278782844543
0.309532849027073 2.74790793657303 0.15588366985321 0.0893162488937378
0.340179712633237 2.74790793657303 0.179518282413483 0.103318989276886
0.373860923811385 2.74790793657303 0.206848114728928 0.108403086662292
0.411253695994416 3.10663169622421 0.248808868229389 0.12116813659668
0.451971945990459 3.10663169622421 0.293825000524521 0.13407039642334
0.496721712052834 3.12219077348709 0.293825000524521 0.149760007858276
0.54590215479858 3.56563341617584 0.339526385068893 0.165002226829529
0.599951955758347 3.56563341617584 0.382537752389908 0.18283873796463
0.659353230344131 3.56563341617584 0.430300123989582 0.201640665531158
0.724635828240139 3.56563341617584 0.433453924953938 0.218428373336792
0.796382059575582 3.56563341617584 0.502553194761276 0.244789019227028
0.875231889036086 3.84656143188477 0.53109809756279 0.266037404537201
0.961888644244345 3.84656143188477 0.636787950992584 0.299094200134277
1.05712528932784 3.84656143188477 0.661919862031937 0.322267532348633
1.16179131963283 3.84656143188477 0.752130061388016 0.355650573968887
1.27682033908432 3.98659324645996 0.810870170593262 0.390826910734177
1.4032383877809 4.04104137420654 0.934369832277298 0.435560524463654
1.54217309410505 4.04104995727539 1.00848600268364 0.47188001871109
1.69486373298454 4.17070913314819 1.13103556632996 0.527655482292175
1.86438038854372 4.17070913314819 1.2561816573143 0.576174318790436
2.0489727885339 4.17070913314819 1.33325374126434 0.63469272851944
2.25184169172242 4.17070913314819 1.47014793753624 0.707657769322395
2.4747966556489 4.17070913314819 1.64833369106054 0.77689990401268
2.7198264022398 4.17070913314819 1.80463179945946 0.858166262507439
2.98911655688376 4.19232761859894 2.03341779112816 0.93756590783596
3.28506914385371 4.19232761859894 2.17982349544764 1.03012929856777
3.61032401197175 4.19232761859894 2.46374613046646 1.14083187282085
3.96778238163021 4.19232761859894 2.65524685382843 1.23790995776653
4.36063272320454 4.19232761859894 2.9265438686125 1.36409467458725
4.79237919768918 4.19232761859894 3.21078655123711 1.48104965686798
5.2668729132423 4.19232761859894 3.65074745519087 1.6434143781662
5.78834627644265 4.19232761859894 3.87051826715469 1.79684787988663
6.36145074466621 4.19232761859894 4.10968545079231 1.98853769898415
6.99129831632754 4.19232761859894 4.55060860514641 2.17719447612762
7.68350712907217 4.19232761859894 4.99898433685303 2.371994972229
8.45199512379247 4.19232761859894 5.37164008617401 2.61690974235535
9.28882760400582 4.19232761859894 5.58433926105499 2.95695775747299
10.2085149119472 4.19232761859894 6.128289103508 3.19683462381363
11.2192605084528 4.19232761859894 6.59690761566162 3.45381170511246
12.330080079446 4.19232761859894 6.67045545578003 3.79160702228546
13.5508819543863 4.19232761859894 6.6810097694397 4.16970300674438
14.8925554869521 4.19232761859894 6.68799066543579 4.51490360498428
16.3670681863003 4.19232761859894 6.72042155265808 5.02588331699371
17.9875724652967 4.19232761859894 6.73097586631775 5.5777690410614
19.7685229578944 4.19232761859894 6.73097586631775 6.19374948740005
21.7258054521118 4.19232761859894 6.73097586631775 6.83612917363644
23.8768785886714 4.19232761859894 6.73097586631775 7.41014534235001
26.2409295892292 4.19232761859894 6.73097586631775 8.04578000307083
28.8390454032626 4.19232761859894 6.73097586631775 8.88631629943848
31.6944008002223 4.19232761859894 6.73097586631775 9.803531229496
34.8324650846968 4.19232761859894 6.73097586631775 10.7539447546005
38.3163339475004 4.19232761859894 6.73097586631775 11.768061041832
42.1100361799719 4.19232761859894 6.73097586631775 12.5269267559052
46.2793530693252 4.19232761859894 6.73097586631775 14.1704113483429
50.8614742424258 4.19232761859894 6.73097586631775 14.8972411155701
55.8972714730444 4.19232761859894 6.73097586631775 16.2027244567871
61.4316632514152 4.19232761859894 6.73097586631775 17.0474886894226
67.5140154498445 4.19232761859894 6.73097586631775 18.7043147087097
74.1985816582434 4.19232761859894 6.73097586631775 19.9719462394714
81.5449871173038 4.19232761859894 6.73097586631775 23.5885202884674
89.6187605659235 4.19232761859894 6.73097586631775 28.087057352066
98.4919187468734 4.19232761859894 6.73097586631775 31.5826560258865
108.243608784401 4.19232761859894 7.4067804813385 33.9819855690002
118.960814163673 4.19232761859894 7.4067804813385 35.8758273124695
130.739130609284 4.19232761859894 7.4067804813385 38.1271023750305
143.683618783529 4.19232761859894 7.4067804813385 41.513861656189
157.909741410383 4.19232761859894 7.4067804813385 43.6084213256836
173.703536936922 4.19232761859894 7.4067804813385 43.6084213256836
190.901933233621 4.19232761859894 7.4067804813385 52.7757244110107
209.803143649102 4.19232761859894 7.4067804813385 57.0142345428467
230.575763898515 4.19232761859894 7.66100478172302 58.7783813476562
253.405082367608 4.19232761859894 7.66100478172302 58.7783813476562
278.494732854913 4.19232761859894 7.66100478172302 58.7783813476562
306.068510952025 4.19232761859894 7.66100478172302 58.7783813476562
336.372370263797 4.19232761859894 7.66100478172302 58.7783813476562
369.676616274388 4.19232761859894 7.66100478172302 58.7783813476562
370.015617281199 4.19232761859894 7.66100478172302 58.7783813476562
