0.0194894644874591 0.586059033870697 0.0089152455329895 0.00544464588165283
0.0195076157341004 0.586059033870697 0.0089152455329895 0.00544464588165283
0.0214706726399789 0.586059033870697 0.0089152455329895 0.00544464588165283
0.0236312725192399 0.586059033870697 0.0089152455329895 0.00544464588165283
0.0260092941773403 0.586059033870697 0.0089152455329895 0.00544464588165283
0.02862661682957 0.586059033870697 0.0089152455329895 0.00544464588165283
0.0315073214028609 0.586059033870697 0.017786979675293 0.00888383388519287
0.0346779120946542 0.586059033870697 0.017786979675293 0.00888383388519287
0.0381675602272991 0.586059033870697 0.017786979675293 0.00888383388519287
0.0420083726415892 0.586059033870697 0.017786979675293 0.00888383388519287
0.0462787480746938 0.586059033870697 0.017786979675293 0.00888383388519287
0.0509357916233132 0.586059033870697 0.017786979675293 0.00888383388519287
0.056061474785492 0.586059033870697 0.017786979675293 0.00888383388519287
0.0617029568985016 0.586059033870697 0.017786979675293 0.00888383388519287
0.0679121429571029 0.586059033870697 0.0285840630531311 0.00888383388519287
0.0747461611704054 0.768446087837219 0.0404408574104309 0.0334069728851318
0.0822678885754094 0.967256665229797 0.0426064729690552 0.0334069728851318
0.0905465295431877 1.00701880455017 0.0474183857440948 0.0392956733703613
0.0996582525003081 1.9137766957283 0.053368479013443 0.0423356294631958
0.109686890723714 1.9137766957283 0.0909189581871033 0.0573509335517883
0.120724713656792 1.9137766957283 0.0920438766479492 0.0573509335517883
0.132873275843195 2.74790793657303 0.0952549576759338 0.0737023949623108
0.146244351289115 2.74790793657303 0.115685224533081 0.0737023949623108
0.160960961850701 2.74790793657303 0.125603675842285 0.0890998244285583
0.177158509108387 2.74790793657303 0.160499334335327 0.105339080095291
0.194986020142061 2.80583125352859 0.196085453033447 0.107864856719971
0.214807390451206 2.80583125352859 0.210859470069408 0.132669180631638
0.23642351909587 3.39448344707489 0.240589790046215 0.138509273529053
0.260214884898814 3.51117664575577 0.270362161099911 0.155160218477249
0.286400382592417 3.51117664575577 0.28517884761095 0.176659613847733
0.315220934348083 3.56563341617584 0.321696616709232 0.194858610630035
0.346941706403675 3.56563341617584 0.358629070222378 0.20888477563858
0.381854548750803 3.56563341617584 0.402877330780029 0.240144744515419
0.420280680328535 3.62527656555176 0.436248123645782 0.26582145690918
0.462573644428912 3.84656143188477 0.475703112781048 0.292101949453354
0.509122561505755 3.84656143188477 0.524184592068195 0.335076838731766
0.560355709314554 3.93300080299377 0.585674464702606 0.358681336045265
0.616744463322841 3.98659324645996 0.645141489803791 0.394770085811615
0.678807633645181 3.98659324645996 0.72578913718462 0.430522799491882
0.74711623840516 4.04104995727539 0.801052421331406 0.477653503417969
0.822298757442146 4.06265139579773 0.889875836670399 0.546306759119034
0.90504691470005 4.17070913314819 0.972795486450195 0.584721967577934
0.997049767162749 4.17070913314819 1.07883208990097 0.646952599287033
1.0973831681079 4.17070913314819 1.18601871281862 0.703798621892929
1.207813147656 4.17070913314819 1.31256062537432 0.774416118860245
1.32935572737641 4.17070913314819 1.43542504310608 0.870611280202866
1.46312917137724 4.17070913314819 1.59605520963669 0.961865693330765
1.61036427500108 4.19232761859894 1.73004031181335 1.04282978177071
1.77241568887504 4.19232761859894 1.88880985975266 1.14659640192986
1.95077438250316 4.19232761859894 2.08929830789566 1.27060478925705
2.14708136207369 4.19232761859894 2.28355932235718 1.42143908143044
2.36314276869316 4.19232761859894 2.51186656951904 1.5217068195343
2.60094649596008 4.19232761859894 2.72486579418182 1.67240178585052
2.86268047976978 4.19232761859894 2.97548735141754 1.83576813340187
3.15075282862747 4.19232761859894 3.148845911026 2.01399880647659
3.46781397968047 4.19232761859894 3.4735906124115 2.22097480297089
3.81678108431816 4.19232761859894 3.74114584922791 2.39993551373482
4.2008648477019 4.19232761859894 4.16034293174744 2.63633891940117
4.62790519502682 4.19232761859894 4.30835342407227 2.90808641910553
5.09361260779729 4.19232761859894 4.71457242965698 3.18205034732819
5.6061842896419 4.19232761859894 5.08288621902466 3.39575672149658
6.17033620525356 4.19232761859894 5.45082664489746 3.55408203601837
6.79125888819023 4.19232761859894 5.93208622932434 3.84350967407227
7.47466519687438 4.19232761859894 6.56285119056702 4.17456007003784
8.22684287629239 4.19232761859894 6.60457444190979 4.48735535144806
9.05471240899251 4.19232761859894 6.72196936607361 4.83998771011829
9.96589068764523 4.19232761859894 6.72196936607361 5.50866189599037
10.9687610949915 4.19232761859894 6.72196936607361 6.00917184352875
12.072550635956 4.19232761859894 6.72196936607361 6.26254653930664
13.2874148315868 4.19232761859894 6.72196936607361 6.87446144223213
14.6245311558961 4.19232761859894 6.72196936607361 7.61766612529755
16.0962018752773 4.19232761859894 6.72196936607361 7.9460381269455
17.7159672366814 4.19232761859894 6.72196936607361 8.2763420343399
19.4987300459514 4.19232761859894 6.72196936607361 9.19923913478851
21.4808800919766 4.19232761859894 6.72196936607361 9.99350202083588
23.6425071500281 4.19232761859894 6.72196936607361 10.9100695848465
26.0216593522121 4.19232761859894 6.72196936607361 11.818139642477
28.6402263154973 4.19232761859894 6.72196936607361 13.2358821630478
31.5223004152183 4.19232761859894 6.72196936607361 14.3398214578629
34.6943984492749 4.19232761859894 6.72196936607361 15.4615589082241
38.1857056084627 4.19232761859894 6.72196936607361 17.1184171438217
42.0283439976073 4.19232761859894 6.72196936607361 17.1184171438217
46.2576681780564 4.19232761859894 6.72196936607361 19.0965509414673
50.9125904506965 4.19232761859894 6.72196936607361 21.6023540496826
56.0359388722924 4.19232761859894 6.72196936607361 23.1632699966431
61.674851299112 4.19232761859894 6.72196936607361 25.6657719612122
67.8812090832727 4.19232761859894 6.72196936607361 28.8115148544312
74.7121144120754 4.19232761859894 6.72196936607361 32.3515096902847
82.2304156821292 4.19232761859894 6.72196936607361 35.4560295343399
90.5052857420251 4.19232761859894 6.98740553855896 39.0594098567963
99.7056313992196 4.19232761859894 7.39282298088074 39.0594098567963
109.739037374665 4.19232761859894 7.39282298088074 39.0594098567963
120.782107840023 4.19232761859894 7.39282298088074 39.0594098567963
132.936445619368 4.19232761859894 7.65825915336609 39.0594098567963
146.313877857786 4.19232761859894 7.65825915336609 39.0594098567963
161.037484897703 4.19232761859894 7.65825915336609 39.0594098567963
177.242732691319 4.19232761859894 7.65825915336609 39.0594098567963
195.078719168039 4.19232761859894 7.65825915336609 39.0594098567963
214.709546024206 4.19232761859894 7.65825915336609 39.0594098567963
214.909512828253 4.19232761859894 7.65825915336609 39.0594098567963
