0.0387145280838013 0.586059033870697 0.00783556699752808 0.00341087579727173
0.0387500300966981 0.586059033870697 0.00783556699752808 0.00341087579727173
0.0425866726076336 0.586059033870697 0.00783556699752808 0.00341087579727173
0.0468031812946723 0.586059033870697 0.00783556699752808 0.00341087579727173
0.0514371667278207 0.586059033870697 0.00783556699752808 0.00341087579727173
0.0565299633015929 0.586059033870697 0.00783556699752808 0.00341087579727173
0.0621269979310704 0.586059033870697 0.00783556699752808 0.00341087579727173
0.068278195252578 0.586059033870697 0.00783556699752808 0.00341087579727173
0.0750384229432996 0.586059033870697 0.0164074599742889 0.00392076373100281
0.0824679811320132 0.586059033870697 0.0164074599742889 0.00392076373100281
0.0907162527069789 0.586059033870697 0.030529111623764 0.00392076373100281
0.0996980736423392 0.586059033870697 0.030529111623764 0.00392076373100281
0.109569185139287 0.586059033870697 0.030529111623764 0.00392076373100281
0.120417635902936 0.586059033870697 0.030529111623764 0.00392076373100281
0.132340192345309 0.586059033870697 0.030529111623764 0.00392076373100281
0.145443201725957 0.99837489426136 0.0676093101501465 0.0122299492359161
0.159843540752169 0.99837489426136 0.0676093101501465 0.0189055800437927
0.175669658100152 0.99837489426136 0.0676093101501465 0.0259461179375648
0.193062720156276 0.99837489426136 0.0807737708091736 0.0259461179375648
0.212177870198225 2.30101633071899 0.104730427265167 0.0329836308956146
0.233185612247737 2.30101633071899 0.104730427265167 0.0571009144186974
0.25627333193868 2.30101633071899 0.120683580636978 0.0571009144186974
0.281646967966354 2.74790793657303 0.141460776329041 0.0571009144186974
0.309532849027073 2.74790793657303 0.152211666107178 0.0571009144186974
0.340179712633237 2.74790793657303 0.179435253143311 0.0754212737083435
0.373860923811385 2.74790793657303 0.203718215227127 0.0758804976940155
0.411253695994416 3.10663169622421 0.242512039840221 0.097646951675415
0.451971945990459 3.13343650102615 0.287310689687729 0.097646951675415
0.496721712052834 3.13343650102615 0.310270853340626 0.108607292175293
0.54590215479858 3.56563341617584 0.332564204931259 0.124350860714912
0.599951955758347 3.7056565284729 0.376671344041824 0.128035545349121
0.659353230344131 3.7056565284729 0.422032795846462 0.139131337404251
0.724635828240139 3.7056565284729 0.458729334175587 0.185731325298548
0.796382059575582 3.7056565284729 0.491540521383286 0.185881707817316
0.875231889036086 3.84656143188477 0.576867908239365 0.197435390204191
0.961888644244345 3.84656143188477 0.62696585059166 0.203518569469452
1.05712528932784 3.93300080299377 0.683167316019535 0.240507274866104
1.16179131963283 3.93300080299377 0.744002670049667 0.260664343833923
1.27682033908432 4.04104995727539 0.806373231112957 0.298348292708397
1.4032383877809 4.04104995727539 0.918315559625626 0.334713339805603
1.54217309410505 4.19232761859894 0.991441696882248 0.377843979746103
1.69486373298454 4.19232761859894 1.10962891578674 0.387331638485193
1.86438038854372 4.19232761859894 1.23476254940033 0.45466935634613
2.0489727885339 4.19232761859894 1.33275490999222 0.522497355937958
2.25184169172242 4.19232761859894 1.49510034918785 0.529164910316467
2.4747966556489 4.19232761859894 1.61576365679502 0.654273569583893
2.7198264022398 4.19232761859894 1.80351424217224 0.743537113070488
2.98911655688376 4.19232761859894 1.99249133467674 0.83714485168457
3.28506914385371 4.19232761859894 2.1440075263381 0.905886381864548
3.61032401197175 4.19232761859894 2.42019593715668 0.981895387172699
3.96778238163021 4.19232761859894 2.61246466636658 1.05286300182343
4.36063272320454 4.19232761859894 2.86806621588767 1.12732923030853
4.79237919768918 4.19232761859894 3.20923948287964 1.15547323226929
5.2668729132423 4.19232761859894 3.57957758940756 1.21586060523987
5.78834627644265 4.19232761859894 3.8138564825058 1.60330042243004
6.36145074466621 4.19232761859894 4.04020872712135 1.72355371713638
6.99129831632754 4.19232761859894 4.47695679962635 1.95110785961151
7.68350712907217 4.19232761859894 4.92858272790909 2.12865089997649
8.45199512379247 4.19232761859894 5.45941400527954 2.20668315887451
9.28882760400582 4.19232761859894 5.76456987857819 2.63794289156795
10.2085149119472 4.19232761859894 6.07639193534851 2.77395424246788
11.2192605084528 4.19232761859894 6.55659985542297 3.00594642758369
12.330080079446 4.19232761859894 6.62540459632874 3.39520671591163
13.5508819543863 4.19232761859894 6.6445791721344 3.7501128911972
14.8925554869521 4.19232761859894 6.65321016311646 4.07196313142776
16.3670681863003 4.19232761859894 6.65857696533203 4.50747272372246
17.9875724652967 4.19232761859894 6.66749954223633 4.50747272372246
19.7685229578944 4.19232761859894 6.66749954223633 4.67635327577591
21.7258054521118 4.19232761859894 6.66749954223633 5.04271578788757
23.8768785886714 4.19232761859894 6.66749954223633 5.08536607027054
26.2409295892292 4.19232761859894 6.66749954223633 5.20069587230682
28.8390454032626 4.19232761859894 6.66749954223633 5.3158210515976
31.6944008002223 4.19232761859894 6.66749954223633 5.34585613012314
34.8324650846968 4.19232761859894 6.66749954223633 5.34585613012314
38.3163339475004 4.19232761859894 6.66749954223633 8.81608295440674
42.1100361799719 4.19232761859894 6.66749954223633 11.6861503720284
46.2793530693252 4.19232761859894 6.66749954223633 12.2853853106499
50.8614742424258 4.19232761859894 6.66749954223633 13.6933298110962
55.8972714730444 4.19232761859894 6.66749954223633 13.6933298110962
61.4316632514152 4.19232761859894 6.66749954223633 13.6933298110962
67.5140154498445 4.19232761859894 6.66749954223633 18.6403436660767
74.1985816582434 4.19232761859894 6.66749954223633 20.6682567596436
81.5449871173038 4.19232761859894 6.66749954223633 23.5930328369141
89.6187605659235 4.19232761859894 6.66749954223633 25.9787151217461
98.4919187468734 4.19232761859894 6.66749954223633 30.5360808968544
108.243608784401 4.19232761859894 7.60789561271667 30.9611267447472
118.960814163673 4.19232761859894 7.60789561271667 32.3997783660889
130.739130609284 4.19232761859894 7.60789561271667 37.3467922210693
143.683618783529 4.19232761859894 7.60789561271667 37.3467922210693
157.909741410383 4.19232761859894 7.60789561271667 37.3467922210693
173.703536936922 4.19232761859894 7.60789561271667 51.0401220321655
190.901933233621 4.19232761859894 7.60789561271667 51.0401220321655
209.803143649102 4.19232761859894 7.77168488502502 63.360905110836
230.575763898515 4.19232761859894 7.77168488502502 63.360905110836
253.405082367608 4.19232761859894 7.77168488502502 63.360905110836
278.494732854913 4.19232761859894 7.77168488502502 63.360905110836
306.068510952025 4.19232761859894 7.77168488502502 63.360905110836
336.372370263797 4.19232761859894 7.77168488502502 63.360905110836
369.676616274388 4.19232761859894 7.77168488502502 63.360905110836
370.015617281199 4.19232761859894 7.77168488502502 63.360905110836
