0.0387145280838013 0.586059033870697 0.00882124900817871 0.0023655891418457
0.0387500300966981 0.586059033870697 0.00882124900817871 0.0023655891418457
0.0425866726076336 0.586059033870697 0.00882124900817871 0.0023655891418457
0.0468031812946723 0.586059033870697 0.00882124900817871 0.0023655891418457
0.0514371667278207 0.586059033870697 0.00882124900817871 0.0023655891418457
0.0565299633015929 0.586059033870697 0.00882124900817871 0.0023655891418457
0.0621269979310704 0.586059033870697 0.00882124900817871 0.0023655891418457
0.068278195252578 0.586059033870697 0.00882124900817871 0.0023655891418457
0.0750384229432996 0.586059033870697 0.0176201462745667 0.00299838930368423
0.0824679811320132 0.586059033870697 0.0176201462745667 0.00299838930368423
0.0907162527069789 0.586059033870697 0.0315101146697998 0.00727537274360657
0.0996980736423392 0.586059033870697 0.0315101146697998 0.00727537274360657
0.109569185139287 0.586059033870697 0.0315101146697998 0.00727537274360657
0.120417635902936 0.586059033870697 0.0315101146697998 0.00727537274360657
0.132340192345309 0.586059033870697 0.0315101146697998 0.00727537274360657
0.145443201725957 0.99837489426136 0.0646809935569763 0.021081455051899
0.159843540752169 0.99837489426136 0.0646809935569763 0.0342438220977783
0.175669658100152 0.99837489426136 0.0646809935569763 0.0342438220977783
0.193062720156276 0.99837489426136 0.0846563428640366 0.0342438220977783
0.212177870198225 2.30101633071899 0.10872894525528 0.036491334438324
0.233185612247737 2.30101633071899 0.10872894525528 0.0549406409263611
0.25627333193868 2.30101633071899 0.123992919921875 0.0575947016477585
0.281646967966354 2.74790793657303 0.145572528243065 0.0575947016477585
0.309532849027073 2.74790793657303 0.157674789428711 0.0697060972452164
0.340179712633237 2.74790793657303 0.183966815471649 0.0697060972452164
0.373860923811385 2.74790793657303 0.208226144313812 0.0842470973730087
0.411253695994416 3.10663169622421 0.251763332635164 0.102091953158379
0.451971945990459 3.13343650102615 0.296842992305756 0.104659661650658
0.496721712052834 3.13343650102615 0.311760604381561 0.104659661650658
0.54590215479858 3.56563341617584 0.342355698347092 0.126182302832603
0.599951955758347 3.7056565284729 0.383066236972809 0.13817897439003
0.659353230344131 3.7056565284729 0.434271231293678 0.161409422755241
0.724635828240139 3.7056565284729 0.473380044102669 0.16740645468235
0.796382059575582 3.7056565284729 0.507931053638458 0.182297185063362
0.875231889036086 3.84656143188477 0.587912082672119 0.20662397146225
0.961888644244345 3.84656143188477 0.638342320919037 0.229911506175995
1.05712528932784 3.93300080299377 0.697956696152687 0.260890677571297
1.16179131963283 3.93300080299377 0.767467111349106 0.283185362815857
1.27682033908432 4.04104995727539 0.829445287585258 0.3061363697052
1.4032383877809 4.04104995727539 0.938976109027863 0.333254188299179
1.54217309410505 4.19232761859894 1.01443386077881 0.356741786003113
1.69486373298454 4.19232761859894 1.14133828878403 0.384396269917488
1.86438038854372 4.19232761859894 1.26331329345703 0.454411566257477
2.0489727885339 4.19232761859894 1.36832040548325 0.493235349655151
2.25184169172242 4.19232761859894 1.53505200147629 0.583392530679703
2.4747966556489 4.19232761859894 1.66273505985737 0.589677214622498
2.7198264022398 4.19232761859894 1.85006165504456 0.640265822410583
2.98911655688376 4.19232761859894 2.0529373139143 0.708465337753296
3.28506914385371 4.19232761859894 2.19238965213299 0.757082760334015
3.61032401197175 4.19232761859894 2.48179715871811 0.890923663973808
3.96778238163021 4.19232761859894 2.66354525089264 0.905944794416428
4.36063272320454 4.19232761859894 2.95222185924649 1.049071803689
4.79237919768918 4.19232761859894 3.29424035549164 1.16807089745998
5.2668729132423 4.19232761859894 3.68158124759793 1.35347490012646
5.78834627644265 4.19232761859894 3.87989634275436 1.41211937367916
6.36145074466621 4.19232761859894 4.13740545511246 1.62746107578278
6.99129831632754 4.19232761859894 4.57387022674084 1.68316704034805
7.68350712907217 4.19232761859894 5.01401978731155 1.90439572930336
8.45199512379247 4.19232761859894 5.53504765033722 1.92455731332302
9.28882760400582 4.19232761859894 5.79742610454559 2.36700212955475
10.2085149119472 4.19232761859894 6.10132265090942 2.53479337692261
11.2192605084528 4.19232761859894 6.5480535030365 2.83204627037048
12.330080079446 4.19232761859894 6.627690076828 3.00551784038544
13.5508819543863 4.19232761859894 6.63874053955078 3.28706049919128
14.8925554869521 4.19232761859894 6.64932870864868 3.37328112125397
16.3670681863003 4.19232761859894 6.7371346950531 3.76915496587753
17.9875724652967 4.19232761859894 6.7371346950531 4.11245632171631
19.7685229578944 4.19232761859894 6.7371346950531 4.33035665750504
21.7258054521118 4.19232761859894 6.7371346950531 4.63440191745758
23.8768785886714 4.19232761859894 6.7371346950531 5.37351608276367
26.2409295892292 4.19232761859894 6.7371346950531 5.43991273641586
28.8390454032626 4.19232761859894 6.7371346950531 6.13678786158562
31.6944008002223 4.19232761859894 6.7371346950531 6.54343636333942
34.8324650846968 4.19232761859894 6.7371346950531 7.05999612808228
38.3163339475004 4.19232761859894 6.7371346950531 7.57735848426819
42.1100361799719 4.19232761859894 6.7371346950531 8.24312853813171
46.2793530693252 4.19232761859894 6.83119177818298 9.12512254714966
50.8614742424258 4.19232761859894 6.83119177818298 9.94163411855698
55.8972714730444 4.19232761859894 6.83119177818298 10.8591141700745
61.4316632514152 4.19232761859894 6.83119177818298 11.7963993549347
67.5140154498445 4.19232761859894 6.83119177818298 12.6709046363831
74.1985816582434 4.19232761859894 6.83119177818298 14.3379900455475
81.5449871173038 4.19232761859894 6.83119177818298 16.9093713760376
89.6187605659235 4.19232761859894 7.23716139793396 18.0577652454376
98.4919187468734 4.19232761859894 7.23716139793396 20.492821007967
108.243608784401 4.19232761859894 7.59026265144348 22.0801373720169
118.960814163673 4.19232761859894 7.59026265144348 24.1749453544617
130.739130609284 4.19232761859894 7.59026265144348 26.4423451423645
143.683618783529 4.19232761859894 7.59026265144348 28.013979434967
157.909741410383 4.19232761859894 7.59026265144348 30.5367383956909
173.703536936922 4.19232761859894 7.59026265144348 35.0908513069153
190.901933233621 4.19232761859894 7.59026265144348 35.1324443817139
209.803143649102 4.19232761859894 7.76773810386658 43.7250319719315
230.575763898515 4.19232761859894 7.99623227119446 47.0186138153076
253.405082367608 4.19232761859894 7.99623227119446 50.4339261054993
278.494732854913 4.19232761859894 7.99623227119446 52.9566850662231
306.068510952025 4.19232761859894 7.99623227119446 52.9566850662231
336.372370263797 4.19232761859894 8.17370772361755 66.3731784820557
369.676616274388 4.19232761859894 8.17370772361755 66.3731784820557
370.015617281199 4.19232761859894 8.17370772361755 66.3731784820557
