0.0194894644874591 0.586059033870697 0.00792026519775391 0.0012490451335907
0.0195076157341004 0.586059033870697 0.00792026519775391 0.0012490451335907
0.0214706726399789 0.586059033870697 0.00792026519775391 0.0012490451335907
0.0236312725192399 0.586059033870697 0.00792026519775391 0.0012490451335907
0.0260092941773403 0.586059033870697 0.00792026519775391 0.0012490451335907
0.02862661682957 0.586059033870697 0.00792026519775391 0.0012490451335907
0.0315073214028609 0.586059033870697 0.0165381133556366 0.0012490451335907
0.0346779120946542 0.586059033870697 0.0165381133556366 0.0012490451335907
0.0381675602272991 0.586059033870697 0.0165381133556366 0.0012490451335907
0.0420083726415892 0.586059033870697 0.0165381133556366 0.0012490451335907
0.0462787480746938 0.586059033870697 0.0165381133556366 0.0012490451335907
0.0509357916233132 0.586059033870697 0.0165381133556366 0.0012490451335907
0.056061474785492 0.586059033870697 0.0165381133556366 0.0012490451335907
0.0617029568985016 0.586059033870697 0.0165381133556366 0.0012490451335907
0.0679121429571029 0.586059033870697 0.026425302028656 0.00159040093421936
0.0747461611704054 0.768446087837219 0.0469264388084412 0.0107769370079041
0.0822678885754094 0.967256665229797 0.0469264388084412 0.0107769370079041
0.0905465295431877 1.00701880455017 0.0469264388084412 0.0144709050655365
0.0996582525003081 1.9137766957283 0.049367368221283 0.0144709050655365
0.109686890723714 1.9137766957283 0.0946645736694336 0.0144709050655365
0.120724713656792 1.9137766957283 0.0960061550140381 0.0165819972753525
0.132873275843195 2.74790793657303 0.0960061550140381 0.0212248861789703
0.146244351289115 2.74790793657303 0.12473464012146 0.0234689712524414
0.160960961850701 2.74790793657303 0.130834698677063 0.0245599895715714
0.177158509108387 2.74790793657303 0.164364306954667 0.0275937169790268
0.194986020142061 2.80583125352859 0.207808017730713 0.0305427312850952
0.214807390451206 2.80583125352859 0.212344914674759 0.0356584191322327
0.23642351909587 3.39448344707489 0.238739250227809 0.0390615016222
0.260214884898814 3.51117664575577 0.2794149518013 0.0431346893310547
0.286400382592417 3.51117664575577 0.283424854278564 0.0479122996330261
0.315220934348083 3.56563341617584 0.325640767812729 0.0542022883892059
0.346941706403675 3.56563341617584 0.361177831888199 0.0594882965087891
0.381854548750803 3.56563341617584 0.41283130645752 0.0641844570636749
0.420280680328535 3.62527656555176 0.440261274576187 0.0730747878551483
0.462573644428912 3.84656143188477 0.493035732768476 0.0806715190410614
0.509122561505755 3.84656143188477 0.54088819026947 0.0882685333490372
0.560355709314554 3.93300080299377 0.608633249998093 0.0988499224185944
0.616744463322841 3.98659324645996 0.669460892677307 0.106975167989731
0.678807633645181 3.98659324645996 0.748030425049365 0.120744675397873
0.74711623840516 4.04104995727539 0.830003172159195 0.133064925670624
0.822298757442146 4.06265139579773 0.915708839893341 0.144932270050049
0.90504691470005 4.17070913314819 1.00525319576263 0.16174840927124
0.997049767162749 4.17070913314819 1.11014848947525 0.175252944231033
1.0973831681079 4.17070913314819 1.22345417737961 0.195724010467529
1.207813147656 4.17070913314819 1.33918273448944 0.213616162538528
1.32935572737641 4.17070913314819 1.4940282702446 0.236858576536179
1.46312917137724 4.17070913314819 1.6309996843338 0.262961179018021
1.61036427500108 4.19232761859894 1.75797665119171 0.290692448616028
1.77241568887504 4.19232761859894 1.92919456958771 0.312629446387291
1.95077438250316 4.19232761859894 2.16643476486206 0.346323311328888
2.14708136207369 4.19232761859894 2.35722064971924 0.378032952547073
2.36314276869316 4.19232761859894 2.59721839427948 0.41641329228878
2.60094649596008 4.19232761859894 2.76684379577637 0.457878232002258
2.86268047976978 4.19232761859894 3.05728793144226 0.494897961616516
3.15075282862747 4.19232761859894 3.28544664382935 0.544877946376801
3.46781397968047 4.19232761859894 3.56245112419128 0.595923483371735
3.81678108431816 4.19232761859894 3.84913659095764 0.660170555114746
4.2008648477019 4.19232761859894 4.29400610923767 0.711401522159576
4.62790519502682 4.19232761859894 4.42761945724487 0.780088931322098
5.09361260779729 4.19232761859894 4.81348657608032 0.847708106040955
5.6061842896419 4.19232761859894 5.19378709793091 0.936042934656143
6.17033620525356 4.19232761859894 5.53857898712158 0.999628633260727
6.79125888819023 4.19232761859894 6.01532387733459 1.12012621760368
7.47466519687438 4.19232761859894 6.63147735595703 1.21754777431488
8.22684287629239 4.19232761859894 6.64445996284485 1.30186927318573
9.05471240899251 4.19232761859894 6.67033648490906 1.35833975672722
9.96589068764523 4.19232761859894 6.67033648490906 1.50854420661926
10.9687610949915 4.19232761859894 6.67033648490906 1.55688261985779
12.072550635956 4.19232761859894 6.67033648490906 1.73782408237457
13.2874148315868 4.19232761859894 6.67033648490906 1.77136564254761
14.6245311558961 4.19232761859894 6.67033648490906 1.95205008983612
16.0962018752773 4.19232761859894 6.67033648490906 1.95205008983612
17.7159672366814 4.19232761859894 6.67033648490906 1.95205008983612
19.4987300459514 4.19232761859894 6.67033648490906 2.11906921863556
21.4808800919766 4.19232761859894 6.67033648490906 2.33451402187347
23.6425071500281 4.19232761859894 6.67033648490906 2.33451402187347
26.0216593522121 4.19232761859894 6.67033648490906 2.33451402187347
28.6402263154973 4.19232761859894 6.67033648490906 2.51055133342743
31.5223004152183 4.19232761859894 6.67033648490906 2.63026612997055
34.6943984492749 4.19232761859894 6.67033648490906 3.1026197373867
38.1857056084627 4.19232761859894 6.67033648490906 3.36203825473785
42.0283439976073 4.19232761859894 6.67033648490906 3.36203825473785
46.2576681780564 4.19232761859894 6.67033648490906 3.70856821537018
50.9125904506965 4.19232761859894 6.67033648490906 3.70856821537018
56.0359388722924 4.19232761859894 6.67033648490906 3.70856821537018
61.674851299112 4.19232761859894 6.67033648490906 4.75705862045288
67.8812090832727 4.19232761859894 6.67033648490906 5.29941344261169
74.7121144120754 4.19232761859894 6.67033648490906 6.00123155117035
82.2304156821292 4.19232761859894 6.67033648490906 7.23064720630646
90.5052857420251 4.19232761859894 6.67033648490906 7.23621118068695
99.7056313992196 4.19232761859894 7.54273724555969 8.46562683582306
109.739037374665 4.19232761859894 7.54273724555969 8.46562683582306
120.782107840023 4.19232761859894 7.54273724555969 8.46562683582306
132.936445619368 4.19232761859894 7.54273724555969 8.46562683582306
146.313877857786 4.19232761859894 7.54273724555969 8.46562683582306
161.037484897703 4.19232761859894 7.54273724555969 8.46562683582306
177.242732691319 4.19232761859894 7.54273724555969 8.46562683582306
195.078719168039 4.19232761859894 7.54273724555969 8.46562683582306
214.709546024206 4.19232761859894 7.54273724555969 8.46562683582306
214.909512828253 4.19232761859894 7.54273724555969 8.46562683582306
