0.0387145280838013 0.586059033870697 0.00838315486907959 0.000399958342313766
0.0387500300966981 0.586059033870697 0.00838315486907959 0.000399958342313766
0.0425866726076336 0.586059033870697 0.00838315486907959 0.000399958342313766
0.0468031812946723 0.586059033870697 0.00838315486907959 0.000399958342313766
0.0514371667278207 0.586059033870697 0.00838315486907959 0.000399958342313766
0.0565299633015929 0.586059033870697 0.00838315486907959 0.000399958342313766
0.0621269979310704 0.586059033870697 0.00838315486907959 0.000399958342313766
0.068278195252578 0.586059033870697 0.00838315486907959 0.000399958342313766
0.0750384229432996 0.586059033870697 0.017109602689743 0.00204983353614807
0.0824679811320132 0.586059033870697 0.017109602689743 0.00204983353614807
0.0907162527069789 0.586059033870697 0.017109602689743 0.00204983353614807
0.0996980736423392 0.586059033870697 0.017109602689743 0.00204983353614807
0.109569185139287 0.586059033870697 0.017109602689743 0.00204983353614807
0.120417635902936 0.586059033870697 0.017109602689743 0.00204983353614807
0.132340192345309 0.586059033870697 0.017109602689743 0.00204983353614807
0.145443201725957 0.586059033870697 0.017109602689743 0.00204983353614807
0.159843540752169 0.967256665229797 0.0433156043291092 0.0124092400074005
0.175669658100152 0.967256665229797 0.0514834523200989 0.0331966876983643
0.193062720156276 0.967256665229797 0.0836044698953629 0.0331966876983643
0.212177870198225 1.85931992530823 0.087712824344635 0.0420304536819458
0.233185612247737 1.9137766957283 0.087712824344635 0.0486763119697571
0.25627333193868 1.9137766957283 0.0988030433654785 0.050831139087677
0.281646967966354 2.74790793657303 0.144222125411034 0.050831139087677
0.309532849027073 2.74790793657303 0.156063675880432 0.0703487247228622
0.340179712633237 2.74790793657303 0.175408393144608 0.0750045701861382
0.373860923811385 2.74790793657303 0.20702913403511 0.0842876136302948
0.411253695994416 3.10663169622421 0.249207310378551 0.0955235958099365
0.451971945990459 3.10663169622421 0.29441836476326 0.105197697877884
0.496721712052834 3.12219077348709 0.29441836476326 0.117268122732639
0.54590215479858 3.56563341617584 0.339663296937943 0.130695104598999
0.599951955758347 3.56563341617584 0.379089266061783 0.150051414966583
0.659353230344131 3.56563341617584 0.431566707789898 0.162825640290976
0.724635828240139 3.56563341617584 0.433644883334637 0.189382165670395
0.796382059575582 3.56563341617584 0.50369268655777 0.202058792114258
0.875231889036086 3.84656143188477 0.531314522027969 0.215796798467636
0.961888644244345 3.84656143188477 0.632055193185806 0.239614218473434
1.05712528932784 3.84656143188477 0.656398117542267 0.267050802707672
1.16179131963283 3.84656143188477 0.753176838159561 0.302093416452408
1.27682033908432 3.98659324645996 0.808282017707825 0.327075935900211
1.4032383877809 4.04104137420654 0.93080797791481 0.36019030213356
1.54217309410505 4.04104995727539 1.00682207942009 0.38645076751709
1.69486373298454 4.17070913314819 1.13392233848572 0.445410639047623
1.86438038854372 4.17070913314819 1.2533278465271 0.485418170690536
2.0489727885339 4.17070913314819 1.33188498020172 0.535902500152588
2.25184169172242 4.17070913314819 1.47165429592133 0.592673629522324
2.4747966556489 4.17070913314819 1.65080282837152 0.65684300661087
2.7198264022398 4.17070913314819 1.807138428092 0.689672589302063
2.98911655688376 4.19232761859894 2.03845615684986 0.773018322885036
3.28506914385371 4.19232761859894 2.17650511115789 0.844740070402622
3.61032401197175 4.19232761859894 2.46528553962708 0.916079670190811
3.96778238163021 4.19232761859894 2.63846659660339 1.01982495188713
4.36063272320454 4.19232761859894 2.92921235226095 1.13095179200172
4.79237919768918 4.19232761859894 3.20342919230461 1.24673673510551
5.2668729132423 4.19232761859894 3.65468575619161 1.35916534811258
5.78834627644265 4.19232761859894 3.8471217751503 1.47380876541138
6.36145074466621 4.19232761859894 4.11221542954445 1.61468398571014
6.99129831632754 4.19232761859894 4.53880663216114 1.77673801779747
7.68350712907217 4.19232761859894 4.97882926464081 1.99249994754791
8.45199512379247 4.19232761859894 5.34546566009521 2.22910189628601
9.28882760400582 4.19232761859894 5.54350507259369 2.44540619850159
10.2085149119472 4.19232761859894 6.04748225212097 2.70589592307806
11.2192605084528 4.19232761859894 6.48834633827209 2.9269984960556
12.330080079446 4.19232761859894 6.57421326637268 3.32231914997101
13.5508819543863 4.19232761859894 6.59582304954529 3.59531933069229
14.8925554869521 4.19232761859894 6.60576367378235 3.87794142961502
16.3670681863003 4.19232761859894 6.67704749107361 4.42090797424316
17.9875724652967 4.19232761859894 6.68698811531067 4.84602764248848
19.7685229578944 4.19232761859894 6.68698811531067 5.36511075496674
21.7258054521118 4.19232761859894 6.68698811531067 5.85493552684784
23.8768785886714 4.19232761859894 6.68698811531067 6.26913464069366
26.2409295892292 4.19232761859894 6.68698811531067 7.02874302119017
28.8390454032626 4.19232761859894 6.68698811531067 7.82376933097839
31.6944008002223 4.19232761859894 6.68698811531067 8.42340803146362
34.8324650846968 4.19232761859894 6.68698811531067 9.40209901332855
38.3163339475004 4.19232761859894 6.68698811531067 10.3465821743011
42.1100361799719 4.19232761859894 6.68698811531067 11.2495985031128
46.2793530693252 4.19232761859894 6.68698811531067 12.2342987656593
50.8614742424258 4.19232761859894 6.68698811531067 13.602210521698
55.8972714730444 4.19232761859894 6.68698811531067 14.5353952646255
61.4316632514152 4.19232761859894 6.68698811531067 15.4385764598846
67.5140154498445 4.19232761859894 6.68698811531067 16.7923641204834
74.1985816582434 4.19232761859894 6.68698811531067 18.2149496078491
81.5449871173038 4.19232761859894 6.68698811531067 21.3969392776489
89.6187605659235 4.19232761859894 6.68698811531067 24.2311010360718
98.4919187468734 4.19232761859894 6.68698811531067 26.0698220729828
108.243608784401 4.19232761859894 7.45270752906799 29.1821924448013
118.960814163673 4.19232761859894 7.45270752906799 31.7854615449905
130.739130609284 4.19232761859894 7.45270752906799 33.4763000011444
143.683618783529 4.19232761859894 7.45270752906799 33.4763000011444
157.909741410383 4.19232761859894 7.45270752906799 33.4763000011444
173.703536936922 4.19232761859894 7.45270752906799 34.3117537498474
190.901933233621 4.19232761859894 7.45270752906799 34.9509716033936
209.803143649102 4.19232761859894 7.45270752906799 38.3418979644775
230.575763898515 4.19232761859894 7.45270752906799 40.4503355026245
253.405082367608 4.19232761859894 7.45270752906799 40.4503355026245
278.494732854913 4.19232761859894 7.45270752906799 40.4503355026245
306.068510952025 4.19232761859894 7.45270752906799 40.4503355026245
336.372370263797 4.19232761859894 7.45270752906799 40.4503355026245
369.676616274388 4.19232761859894 7.45270752906799 40.4503355026245
370.015617281199 4.19232761859894 7.45270752906799 40.4503355026245
