0.0194894644874591 0.586059033870697 0.00682759284973145 0.00190824270248413
0.0195076157341004 0.586059033870697 0.00682759284973145 0.00190824270248413
0.0214706726399789 0.586059033870697 0.00682759284973145 0.00190824270248413
0.0236312725192399 0.586059033870697 0.00682759284973145 0.00190824270248413
0.0260092941773403 0.586059033870697 0.00682759284973145 0.00190824270248413
0.02862661682957 0.586059033870697 0.00682759284973145 0.00190824270248413
0.0315073214028609 0.586059033870697 0.0151098966598511 0.00336039811372757
0.0346779120946542 0.586059033870697 0.0151098966598511 0.00336039811372757
0.0381675602272991 0.586059033870697 0.0151098966598511 0.00336039811372757
0.0420083726415892 0.586059033870697 0.0151098966598511 0.00336039811372757
0.0462787480746938 0.586059033870697 0.0151098966598511 0.00336039811372757
0.0509357916233132 0.586059033870697 0.0151098966598511 0.00336039811372757
0.056061474785492 0.586059033870697 0.0151098966598511 0.00336039811372757
0.0617029568985016 0.586059033870697 0.0151098966598511 0.00336039811372757
0.0679121429571029 0.586059033870697 0.0240478515625 0.00696885585784912
0.0747461611704054 0.768446087837219 0.0551567673683167 0.023957684636116
0.0822678885754094 0.967256665229797 0.0551567673683167 0.034814178943634
0.0905465295431877 1.00701880455017 0.0551567673683167 0.034814178943634
0.0996582525003081 1.9137766957283 0.0551567673683167 0.037223057821393
0.109686890723714 1.9137766957283 0.100245594978333 0.0456689596176147
0.120724713656792 1.9137766957283 0.101409554481506 0.051813306286931
0.132873275843195 2.74790793657303 0.101409554481506 0.051813306286931
0.146244351289115 2.74790793657303 0.136902093887329 0.0705049391835928
0.160960961850701 2.74790793657303 0.139776051044464 0.0738796889781952
0.177158509108387 2.74790793657303 0.17482878267765 0.0914272088557482
0.194986020142061 2.80583125352859 0.223562717437744 0.0971641540527344
0.214807390451206 2.80583125352859 0.223562717437744 0.105325222015381
0.23642351909587 3.39448344707489 0.242745518684387 0.122005008161068
0.260214884898814 3.51117664575577 0.291964054107666 0.135447451844811
0.286400382592417 3.51117664575577 0.29852703231154 0.147416830062866
0.315220934348083 3.56563341617584 0.350099682807922 0.169239500537515
0.346941706403675 3.56563341617584 0.378932118415833 0.191159328445792
0.381854548750803 3.56563341617584 0.427748560905457 0.208154767751694
0.420280680328535 3.62527656555176 0.455114424228668 0.224213778972626
0.462573644428912 3.84656143188477 0.522996187210083 0.256094016134739
0.509122561505755 3.84656143188477 0.565151393413544 0.278690040111542
0.560355709314554 3.93300080299377 0.645748317241669 0.309568593278527
0.616744463322841 3.98659324645996 0.720450341701508 0.34875626116991
0.678807633645181 3.98659324645996 0.79146409034729 0.37583819963038
0.74711623840516 4.04104995727539 0.871039807796478 0.413808211684227
0.822298757442146 4.06265139579773 0.965899765491486 0.454965256154537
0.90504691470005 4.17070913314819 1.05735856294632 0.51204364746809
0.997049767162749 4.17070913314819 1.16840291023254 0.549458429217339
1.0973831681079 4.17070913314819 1.28290516138077 0.62377817183733
1.207813147656 4.17070913314819 1.40654802322388 0.668816111981869
1.32935572737641 4.17070913314819 1.57446902990341 0.7602578997612
1.46312917137724 4.17070913314819 1.70568042993546 0.815701633691788
1.61036427500108 4.19232761859894 1.86300790309906 0.884977459907532
1.77241568887504 4.19232761859894 2.06530827283859 0.959809929132462
1.95077438250316 4.19232761859894 2.27296787500381 1.05771291255951
2.14708136207369 4.19232761859894 2.48443084955215 1.16992899775505
2.36314276869316 4.19232761859894 2.74875646829605 1.27878281474113
2.60094649596008 4.19232761859894 2.87845629453659 1.38605690002441
2.86268047976978 4.19232761859894 3.1846798658371 1.49444210529327
3.15075282862747 4.19232761859894 3.46992146968842 1.63657504320145
3.46781397968047 4.19232761859894 3.72415816783905 1.75120985507965
3.81678108431816 4.19232761859894 4.0142959356308 1.9038365483284
4.2008648477019 4.19232761859894 4.47262191772461 2.0762026309967
4.62790519502682 4.19232761859894 4.58638525009155 2.26755630970001
5.09361260779729 4.19232761859894 4.94717884063721 2.44214469194412
5.6061842896419 4.19232761859894 5.34663867950439 2.69811671972275
6.17033620525356 4.19232761859894 5.70951080322266 2.9116462469101
6.79125888819023 4.19232761859894 6.12911033630371 3.18270611763
7.47466519687438 4.19232761859894 6.73056268692017 3.43701279163361
8.22684287629239 4.19232761859894 6.73056268692017 3.571906208992
9.05471240899251 4.19232761859894 6.73056268692017 3.69557201862335
9.96589068764523 4.19232761859894 6.73056268692017 3.89279246330261
10.9687610949915 4.19232761859894 6.73056268692017 4.0384087562561
12.072550635956 4.19232761859894 6.73056268692017 4.43090450763702
13.2874148315868 4.19232761859894 6.73056268692017 4.62457203865051
14.6245311558961 4.19232761859894 6.73056268692017 4.97529697418213
16.0962018752773 4.19232761859894 6.73056268692017 5.29077363014221
17.7159672366814 4.19232761859894 6.73056268692017 5.29077363014221
19.4987300459514 4.19232761859894 6.73056268692017 5.29077363014221
21.4808800919766 4.19232761859894 6.73056268692017 5.29077363014221
23.6425071500281 4.19232761859894 6.73056268692017 5.48823726177216
26.0216593522121 4.19232761859894 6.73056268692017 6.00523805618286
28.6402263154973 4.19232761859894 6.73056268692017 6.9362433552742
31.5223004152183 4.19232761859894 6.73056268692017 7.87501859664917
34.6943984492749 4.19232761859894 6.73056268692017 7.87501859664917
38.1857056084627 4.19232761859894 6.73056268692017 7.87501859664917
42.0283439976073 4.19232761859894 6.73056268692017 7.87501859664917
46.2576681780564 4.19232761859894 6.73056268692017 7.87501859664917
50.9125904506965 4.19232761859894 6.73056268692017 8.13846790790558
56.0359388722924 4.19232761859894 6.73056268692017 8.13846790790558
61.674851299112 4.19232761859894 6.73056268692017 8.51267194747925
67.8812090832727 4.19232761859894 6.73056268692017 8.51267194747925
74.7121144120754 4.19232761859894 6.73056268692017 10.7161930799484
82.2304156821292 4.19232761859894 6.73056268692017 13.47065782547
90.5052857420251 4.19232761859894 6.73056268692017 14.2710040658712
99.7056313992196 4.19232761859894 7.578284740448 16.0330147743225
109.739037374665 4.19232761859894 7.578284740448 16.2964640855789
120.782107840023 4.19232761859894 7.578284740448 18.035106420517
132.936445619368 4.19232761859894 7.578284740448 18.035106420517
146.313877857786 4.19232761859894 7.578284740448 18.035106420517
161.037484897703 4.19232761859894 7.578284740448 18.035106420517
177.242732691319 4.19232761859894 7.578284740448 18.035106420517
195.078719168039 4.19232761859894 7.578284740448 18.035106420517
214.709546024206 4.19232761859894 7.578284740448 18.035106420517
214.909512828253 4.19232761859894 7.578284740448 18.035106420517
