0.0387145280838013 0.586059033870697 0.00812536478042603 0.00205203890800476
0.0387500300966981 0.586059033870697 0.00812536478042603 0.00205203890800476
0.0425866726076336 0.586059033870697 0.00812536478042603 0.00205203890800476
0.0468031812946723 0.586059033870697 0.00812536478042603 0.00205203890800476
0.0514371667278207 0.586059033870697 0.00812536478042603 0.00205203890800476
0.0565299633015929 0.586059033870697 0.00812536478042603 0.00205203890800476
0.0621269979310704 0.586059033870697 0.00812536478042603 0.00205203890800476
0.068278195252578 0.586059033870697 0.00812536478042603 0.00205203890800476
0.0750384229432996 0.586059033870697 0.0167516469955444 0.00205203890800476
0.0824679811320132 0.586059033870697 0.0167516469955444 0.00205203890800476
0.0907162527069789 0.586059033870697 0.0308707356452942 0.00205203890800476
0.0996980736423392 0.586059033870697 0.0308707356452942 0.00205203890800476
0.109569185139287 0.586059033870697 0.0308707356452942 0.00205203890800476
0.120417635902936 0.586059033870697 0.0308707356452942 0.00205203890800476
0.132340192345309 0.586059033870697 0.0308707356452942 0.00205203890800476
0.145443201725957 0.99837489426136 0.0684475898742676 0.0181295871734619
0.159843540752169 0.99837489426136 0.0684475898742676 0.0261461734771729
0.175669658100152 0.99837489426136 0.0684475898742676 0.0272523164749146
0.193062720156276 0.99837489426136 0.0815032720565796 0.0290782749652863
0.212177870198225 2.30101633071899 0.105547845363617 0.0360749959945679
0.233185612247737 2.30101633071899 0.105547845363617 0.0483629703521729
0.25627333193868 2.30101633071899 0.121084123849869 0.0567848682403564
0.281646967966354 2.74790793657303 0.142395317554474 0.0588383078575134
0.309532849027073 2.74790793657303 0.153265237808228 0.0686408281326294
0.340179712633237 2.74790793657303 0.181123018264771 0.0740324854850769
0.373860923811385 2.74790793657303 0.204600870609283 0.0846484303474426
0.411253695994416 3.10663169622421 0.244263827800751 0.105417251586914
0.451971945990459 3.13343650102615 0.288993775844574 0.128451526165009
0.496721712052834 3.13343650102615 0.312478065490723 0.141258239746094
0.54590215479858 3.56563341617584 0.334514915943146 0.14569953083992
0.599951955758347 3.7056565284729 0.379367053508759 0.164246678352356
0.659353230344131 3.7056565284729 0.424049884080887 0.187225103378296
0.724635828240139 3.7056565284729 0.462049871683121 0.193077355623245
0.796382059575582 3.7056565284729 0.494486212730408 0.230570018291473
0.875231889036086 3.84656143188477 0.580686390399933 0.253512531518936
0.961888644244345 3.84656143188477 0.631194025278091 0.277919858694077
1.05712528932784 3.93300080299377 0.686872035264969 0.315305024385452
1.16179131963283 3.93300080299377 0.748332247138023 0.334772825241089
1.27682033908432 4.04104995727539 0.810769975185394 0.393823146820068
1.4032383877809 4.04104995727539 0.923959672451019 0.431943103671074
1.54217309410505 4.19232761859894 0.99668276309967 0.466536700725555
1.69486373298454 4.19232761859894 1.11494415998459 0.508890122175217
1.86438038854372 4.19232761859894 1.24172204732895 0.567702561616898
2.0489727885339 4.19232761859894 1.34050741791725 0.627448081970215
2.25184169172242 4.19232761859894 1.50394117832184 0.687687754631042
2.4747966556489 4.19232761859894 1.6241557598114 0.782844215631485
2.7198264022398 4.19232761859894 1.81336081027985 0.853320196270943
2.98911655688376 4.19232761859894 2.00338852405548 0.935195297002792
3.28506914385371 4.19232761859894 2.15501797199249 1.03139433264732
3.61032401197175 4.19232761859894 2.43212461471558 1.12806522846222
3.96778238163021 4.19232761859894 2.62931740283966 1.23503589630127
4.36063272320454 4.19232761859894 2.88436537981033 1.32116937637329
4.79237919768918 4.19232761859894 3.22749090194702 1.4301096200943
5.2668729132423 4.19232761859894 3.59885388612747 1.54693293571472
5.78834627644265 4.19232761859894 3.83637458086014 1.65503543615341
6.36145074466621 4.19232761859894 4.05846244096756 1.72424685955048
6.99129831632754 4.19232761859894 4.50114001333714 1.89857837557793
7.68350712907217 4.19232761859894 4.95323073863983 2.02778479456902
8.45199512379247 4.19232761859894 5.49132287502289 2.21256387233734
9.28882760400582 4.19232761859894 5.79783892631531 2.35395216941833
10.2085149119472 4.19232761859894 6.11322808265686 2.55040776729584
11.2192605084528 4.19232761859894 6.59506893157959 2.77326083183289
12.330080079446 4.19232761859894 6.66460847854614 2.87198653817177
13.5508819543863 4.19232761859894 6.68074941635132 3.12434986233711
14.8925554869521 4.19232761859894 6.68566513061523 3.39975953102112
16.3670681863003 4.19232761859894 6.69615197181702 3.72092941403389
17.9875724652967 4.19232761859894 6.70358204841614 4.02854692935944
19.7685229578944 4.19232761859894 6.70358204841614 4.40396103262901
21.7258054521118 4.19232761859894 6.70358204841614 4.9239844083786
23.8768785886714 4.19232761859894 6.70358204841614 5.26662719249725
26.2409295892292 4.19232761859894 6.70358204841614 5.76633453369141
28.8390454032626 4.19232761859894 6.70358204841614 6.25737142562866
31.6944008002223 4.19232761859894 6.70358204841614 6.96610236167908
34.8324650846968 4.19232761859894 6.70358204841614 7.59019461274147
38.3163339475004 4.19232761859894 6.70358204841614 8.21032857894897
42.1100361799719 4.19232761859894 6.70358204841614 8.83532413840294
46.2793530693252 4.19232761859894 6.70358204841614 9.6739399433136
50.8614742424258 4.19232761859894 6.70358204841614 10.5555772781372
55.8972714730444 4.19232761859894 6.70358204841614 11.6262707412243
61.4316632514152 4.19232761859894 6.70358204841614 12.7765365839005
67.5140154498445 4.19232761859894 6.70358204841614 12.7765365839005
74.1985816582434 4.19232761859894 6.70358204841614 13.5108218193054
81.5449871173038 4.19232761859894 6.70358204841614 16.4302625656128
89.6187605659235 4.19232761859894 6.91862273216248 17.4248304367065
98.4919187468734 4.19232761859894 6.91862273216248 19.451427936554
108.243608784401 4.19232761859894 7.59547281265259 21.9636209011078
118.960814163673 4.19232761859894 7.59547281265259 24.5888095498085
130.739130609284 4.19232761859894 7.59547281265259 26.2221027612686
143.683618783529 4.19232761859894 7.59547281265259 26.2221027612686
157.909741410383 4.19232761859894 7.59547281265259 26.2221027612686
173.703536936922 4.19232761859894 7.59547281265259 26.2221027612686
190.901933233621 4.19232761859894 7.59547281265259 26.2221027612686
209.803143649102 4.19232761859894 7.69913411140442 26.9869494438171
230.575763898515 4.19232761859894 7.90025997161865 27.3582825660706
253.405082367608 4.19232761859894 7.90025997161865 27.3582825660706
278.494732854913 4.19232761859894 7.90025997161865 27.3582825660706
306.068510952025 4.19232761859894 7.90025997161865 27.3582825660706
336.372370263797 4.19232761859894 8.00392127037048 31.2272267341614
369.676616274388 4.19232761859894 8.00392127037048 31.2272267341614
370.015617281199 4.19232761859894 8.00392127037048 31.2272267341614
