0.0194894644874591 0.586059033870697 0.00682544708251953 0.0022747814655304
0.0195076157341004 0.586059033870697 0.00682544708251953 0.0022747814655304
0.0214706726399789 0.586059033870697 0.00682544708251953 0.0022747814655304
0.0236312725192399 0.586059033870697 0.00682544708251953 0.0022747814655304
0.0260092941773403 0.586059033870697 0.00682544708251953 0.0022747814655304
0.02862661682957 0.586059033870697 0.00682544708251953 0.0022747814655304
0.0315073214028609 0.586059033870697 0.0152374505996704 0.0022747814655304
0.0346779120946542 0.586059033870697 0.0152374505996704 0.0022747814655304
0.0381675602272991 0.586059033870697 0.0152374505996704 0.0022747814655304
0.0420083726415892 0.586059033870697 0.0152374505996704 0.0022747814655304
0.0462787480746938 0.586059033870697 0.0291207134723663 0.00650525093078613
0.0509357916233132 0.586059033870697 0.0291207134723663 0.00650525093078613
0.056061474785492 0.586059033870697 0.0291207134723663 0.00650525093078613
0.0617029568985016 0.586059033870697 0.0291207134723663 0.00650525093078613
0.0679121429571029 0.651752918958664 0.0291207134723663 0.0219438076019287
0.0747461611704054 0.768446087837219 0.048625111579895 0.0308331847190857
0.0822678885754094 0.967256665229797 0.048625111579895 0.0308331847190857
0.0905465295431877 1.00701880455017 0.048625111579895 0.0308331847190857
0.0996582525003081 1.9137766957283 0.0663504600524902 0.0438232123851776
0.109686890723714 2.30101633071899 0.0910311937332153 0.0482124388217926
0.120724713656792 2.30101633071899 0.0943392515182495 0.0482124388217926
0.132873275843195 2.74790793657303 0.0989174842834473 0.0775349736213684
0.146244351289115 2.74790793657303 0.132244711741805 0.0801084041595459
0.160960961850701 2.74790793657303 0.156576097011566 0.0868612229824066
0.177158509108387 2.74790793657303 0.164669811725616 0.0936548709869385
0.194986020142061 2.80583125352859 0.20593273639679 0.109768211841583
0.214807390451206 3.0089550614357 0.218825660645962 0.127128332853317
0.23642351909587 3.39448344707489 0.229102820158005 0.145362973213196
0.260214884898814 3.51117664575577 0.275175184011459 0.156555950641632
0.286400382592417 3.51117664575577 0.279621100053191 0.178906053304672
0.315220934348083 3.7056565284729 0.330059885978699 0.201127201318741
0.346941706403675 3.7056565284729 0.353377886116505 0.217393487691879
0.381854548750803 3.7056565284729 0.406534194946289 0.241066783666611
0.420280680328535 3.70566511154175 0.444855874869972 0.266033113002777
0.462573644428912 3.84656143188477 0.488246297463775 0.299730747938156
0.509122561505755 3.93300080299377 0.539199642837048 0.32327002286911
0.560355709314554 3.93300080299377 0.600177591666579 0.350417226552963
0.616744463322841 4.19232761859894 0.660524345934391 0.39240038394928
0.678807633645181 4.19232761859894 0.735780739807524 0.433476537466049
0.74711623840516 4.19232761859894 0.812348991632462 0.470901608467102
0.822298757442146 4.19232761859894 0.899779856204987 0.514251977205276
0.90504691470005 4.19232761859894 0.990721642971039 0.573504403233528
0.997049767162749 4.19232761859894 1.0906248614192 0.623145513236523
1.0973831681079 4.19232761859894 1.20587369799614 0.687284715473652
1.207813147656 4.19232761859894 1.30932861566544 0.749390780925751
1.32935572737641 4.19232761859894 1.4721485376358 0.82380373030901
1.46312917137724 4.19232761859894 1.60449290275574 0.944117367267609
1.61036427500108 4.19232761859894 1.73962971568108 0.984752625226974
1.77241568887504 4.19232761859894 1.92733690142632 1.07921594381332
1.95077438250316 4.19232761859894 2.13243049383163 1.2231577411294
2.14708136207369 4.19232761859894 2.32598751783371 1.28126425296068
2.36314276869316 4.19232761859894 2.56487041711807 1.45358461141586
2.60094649596008 4.19232761859894 2.72306776046753 1.62542346119881
2.86268047976978 4.19232761859894 3.01300346851349 1.72819674015045
3.15075282862747 4.19232761859894 3.25067365169525 1.89694452285767
3.46781397968047 4.19232761859894 3.51835501194 2.03466486930847
3.81678108431816 4.19232761859894 3.82111012935638 2.26441419124603
4.2008648477019 4.19232761859894 4.26437401771545 2.57409727573395
4.62790519502682 4.19232761859894 4.44244813919067 2.79772144556046
5.09361260779729 4.19232761859894 4.77596807479858 2.87965261936188
5.6061842896419 4.19232761859894 5.1593279838562 3.27896046638489
6.17033620525356 4.19232761859894 5.52399182319641 3.60682594776154
6.79125888819023 4.19232761859894 6.08404564857483 3.84488278627396
7.47466519687438 4.19232761859894 6.57415366172791 4.34660816192627
8.22684287629239 4.19232761859894 6.59737229347229 4.78451085090637
9.05471240899251 4.19232761859894 6.59737229347229 5.23741340637207
9.96589068764523 4.19232761859894 6.59737229347229 5.63571047782898
10.9687610949915 4.19232761859894 6.59737229347229 5.63571047782898
12.072550635956 4.19232761859894 6.59737229347229 5.65410351753235
13.2874148315868 4.19232761859894 6.59737229347229 5.65498352050781
14.6245311558961 4.19232761859894 6.59737229347229 6.3907163143158
16.0962018752773 4.19232761859894 6.59737229347229 6.69889068603516
17.7159672366814 4.19232761859894 6.59737229347229 6.69889068603516
19.4987300459514 4.19232761859894 6.59737229347229 7.02156138420105
21.4808800919766 4.19232761859894 6.59737229347229 7.45389652252197
23.6425071500281 4.19232761859894 6.59737229347229 7.47549867630005
26.0216593522121 4.19232761859894 6.59737229347229 8.39593601226807
28.6402263154973 4.19232761859894 6.59737229347229 9.55381393432617
31.5223004152183 4.19232761859894 6.59737229347229 9.60632658004761
34.6943984492749 4.19232761859894 6.59737229347229 12.8852870464325
38.1857056084627 4.19232761859894 6.59737229347229 14.929395198822
42.0283439976073 4.19232761859894 6.59737229347229 15.8714346885681
46.2576681780564 4.19232761859894 6.59737229347229 15.8714346885681
50.9125904506965 4.19232761859894 6.59737229347229 16.731454372406
56.0359388722924 4.19232761859894 6.59737229347229 16.731454372406
61.674851299112 4.19232761859894 6.59737229347229 18.4026880264282
67.8812090832727 4.19232761859894 6.59737229347229 21.6528449058533
74.7121144120754 4.19232761859894 6.59737229347229 23.7836728096008
82.2304156821292 4.19232761859894 6.59737229347229 30.0487809181213
90.5052857420251 4.19232761859894 6.59737229347229 31.2879750728607
99.7056313992196 4.19232761859894 7.38531184196472 34.2741227149963
109.739037374665 4.19232761859894 7.38531184196472 35.1341423988342
120.782107840023 4.19232761859894 7.38531184196472 37.8425960540771
132.936445619368 4.19232761859894 7.38531184196472 39.533260345459
146.313877857786 4.19232761859894 7.38531184196472 39.533260345459
161.037484897703 4.19232761859894 7.38531184196472 52.0199422836304
177.242732691319 4.19232761859894 7.38531184196472 52.0199422836304
195.078719168039 4.19232761859894 7.38923978805542 67.8913769721985
214.709546024206 4.19232761859894 7.38923978805542 73.1505146026611
214.909512828253 4.19232761859894 7.38923978805542 73.1505146026611
