0.0194894644874591 0.586059033870697 0.00741362571716309 0.0026249885559082
0.0195076157341004 0.586059033870697 0.00741362571716309 0.0026249885559082
0.0214706726399789 0.586059033870697 0.00741362571716309 0.0026249885559082
0.0236312725192399 0.586059033870697 0.00741362571716309 0.0026249885559082
0.0260092941773403 0.586059033870697 0.00741362571716309 0.0026249885559082
0.02862661682957 0.586059033870697 0.00741362571716309 0.0026249885559082
0.0315073214028609 0.586059033870697 0.0159761905670166 0.0026249885559082
0.0346779120946542 0.586059033870697 0.0159761905670166 0.0026249885559082
0.0381675602272991 0.586059033870697 0.0159761905670166 0.0026249885559082
0.0420083726415892 0.586059033870697 0.0159761905670166 0.0026249885559082
0.0462787480746938 0.586059033870697 0.0159761905670166 0.0026249885559082
0.0509357916233132 0.586059033870697 0.0159761905670166 0.0026249885559082
0.056061474785492 0.586059033870697 0.0159761905670166 0.0026249885559082
0.0617029568985016 0.586059033870697 0.0159761905670166 0.0026249885559082
0.0679121429571029 0.586059033870697 0.0245919823646545 0.00830590724945068
0.0747461611704054 0.768446087837219 0.0449827313423157 0.0251705348491669
0.0822678885754094 0.967256665229797 0.0449827313423157 0.0254066288471222
0.0905465295431877 1.00701880455017 0.0455358624458313 0.0254066288471222
0.0996582525003081 1.9137766957283 0.0493937134742737 0.0332819223403931
0.109686890723714 1.9137766957283 0.0892630815505981 0.0401877164840698
0.120724713656792 1.9137766957283 0.0924865007400513 0.0499822199344635
0.132873275843195 2.74790793657303 0.0924865007400513 0.0505840629339218
0.146244351289115 2.74790793657303 0.119129657745361 0.0657472014427185
0.160960961850701 2.74790793657303 0.127247214317322 0.0746380388736725
0.177158509108387 2.74790793657303 0.159654378890991 0.0781368017196655
0.194986020142061 2.80583125352859 0.199576616287231 0.0944976508617401
0.214807390451206 2.80583125352859 0.204355118796229 0.0963096022605896
0.23642351909587 3.39448344707489 0.230455635115504 0.114802703261375
0.260214884898814 3.51117664575577 0.270541310310364 0.127743601799011
0.286400382592417 3.51117664575577 0.274547485634685 0.141370616853237
0.315220934348083 3.56563341617584 0.314072459936142 0.156523436307907
0.346941706403675 3.56563341617584 0.350561171770096 0.181392133235931
0.381854548750803 3.56563341617584 0.397106468677521 0.199891269207001
0.420280680328535 3.62527656555176 0.4284288585186 0.220855504274368
0.462573644428912 3.84656143188477 0.476705070585012 0.246124155819416
0.509122561505755 3.84656143188477 0.524880025535822 0.266788363456726
0.560355709314554 3.93300080299377 0.586249677464366 0.290121108293533
0.616744463322841 3.98659324645996 0.64575332403183 0.316988527774811
0.678807633645181 3.98659324645996 0.721972170285881 0.358081251382828
0.74711623840516 4.04104995727539 0.797647595405579 0.393242806196213
0.822298757442146 4.06265139579773 0.881135702133179 0.432573854923248
0.90504691470005 4.17070913314819 0.970936894416809 0.476752057671547
0.997049767162749 4.17070913314819 1.06934654712677 0.53036904335022
1.0973831681079 4.17070913314819 1.17925643920898 0.588150233030319
1.207813147656 4.17070913314819 1.29261011257768 0.632131516933441
1.32935572737641 4.17070913314819 1.44160848855972 0.695379227399826
1.46312917137724 4.17070913314819 1.57539075613022 0.770111471414566
1.61036427500108 4.19232761859894 1.70378923416138 0.84198385477066
1.77241568887504 4.19232761859894 1.86221653223038 0.928350210189819
1.95077438250316 4.19232761859894 2.09289544820786 1.02873475849628
2.14708136207369 4.19232761859894 2.27963864803314 1.09937059879303
2.36314276869316 4.19232761859894 2.50865024328232 1.22699907422066
2.60094649596008 4.19232761859894 2.6889283657074 1.30580195784569
2.86268047976978 4.19232761859894 2.97113811969757 1.48327004909515
3.15075282862747 4.19232761859894 3.17683744430542 1.5311107635498
3.46781397968047 4.19232761859894 3.46851074695587 1.66898584365845
3.81678108431816 4.19232761859894 3.75142550468445 1.79814505577087
4.2008648477019 4.19232761859894 4.19342756271362 1.94107043743134
4.62790519502682 4.19232761859894 4.34339427947998 2.13788259029388
5.09361260779729 4.19232761859894 4.72489070892334 2.25542807579041
5.6061842896419 4.19232761859894 5.09909701347351 2.46911072731018
6.17033620525356 4.19232761859894 5.45669984817505 2.59838795661926
6.79125888819023 4.19232761859894 5.93532824516296 2.9196457862854
7.47466519687438 4.19232761859894 6.53931975364685 3.04061794281006
8.22684287629239 4.19232761859894 6.5700888633728 3.27332711219788
9.05471240899251 4.19232761859894 6.60265040397644 3.42608761787415
9.96589068764523 4.19232761859894 6.60265040397644 3.55001544952393
10.9687610949915 4.19232761859894 6.60265040397644 3.91304957866669
12.072550635956 4.19232761859894 6.60265040397644 3.91304957866669
13.2874148315868 4.19232761859894 6.60265040397644 3.91304957866669
14.6245311558961 4.19232761859894 6.60265040397644 3.91304957866669
16.0962018752773 4.19232761859894 6.60265040397644 4.33717846870422
17.7159672366814 4.19232761859894 6.60265040397644 4.75149822235107
19.4987300459514 4.19232761859894 6.60265040397644 4.75149822235107
21.4808800919766 4.19232761859894 6.60265040397644 4.75149822235107
23.6425071500281 4.19232761859894 6.60265040397644 5.02511823177338
26.0216593522121 4.19232761859894 6.60265040397644 5.72575771808624
28.6402263154973 4.19232761859894 6.60265040397644 5.8132164478302
31.5223004152183 4.19232761859894 6.60265040397644 6.21940648555756
34.6943984492749 4.19232761859894 6.60265040397644 6.30686521530151
38.1857056084627 4.19232761859894 6.60265040397644 6.30686521530151
42.0283439976073 4.19232761859894 6.60265040397644 6.36277484893799
46.2576681780564 4.19232761859894 6.60265040397644 6.8564236164093
50.9125904506965 4.19232761859894 6.60265040397644 6.8564236164093
56.0359388722924 4.19232761859894 6.60265040397644 7.53904855251312
61.674851299112 4.19232761859894 6.60265040397644 7.76865637302399
67.8812090832727 4.19232761859894 6.60265040397644 8.3093926012516
74.7121144120754 4.19232761859894 6.60265040397644 9.18204364180565
82.2304156821292 4.19232761859894 6.60265040397644 11.1979117393494
90.5052857420251 4.19232761859894 6.60265040397644 11.3212831020355
99.7056313992196 4.19232761859894 7.5231409072876 13.5337862968445
109.739037374665 4.19232761859894 7.5231409072876 13.5337862968445
120.782107840023 4.19232761859894 7.5231409072876 15.6627712249756
132.936445619368 4.19232761859894 7.5231409072876 17.9986457824707
146.313877857786 4.19232761859894 7.5231409072876 17.9986457824707
161.037484897703 4.19232761859894 7.5231409072876 17.9986457824707
177.242732691319 4.19232761859894 7.5231409072876 17.9986457824707
195.078719168039 4.19232761859894 7.5231409072876 17.9986457824707
214.709546024206 4.19232761859894 7.5231409072876 17.9986457824707
214.909512828253 4.19232761859894 7.5231409072876 17.9986457824707
