0.0194894644874591 0.586059033870697 0.00785267353057861 0.00173807144165039
0.0195076157341004 0.586059033870697 0.00785267353057861 0.00173807144165039
0.0214706726399789 0.586059033870697 0.00785267353057861 0.00173807144165039
0.0236312725192399 0.586059033870697 0.00785267353057861 0.00173807144165039
0.0260092941773403 0.586059033870697 0.00785267353057861 0.00173807144165039
0.02862661682957 0.586059033870697 0.00785267353057861 0.00173807144165039
0.0315073214028609 0.586059033870697 0.0164270401000977 0.00485548377037048
0.0346779120946542 0.586059033870697 0.0164270401000977 0.00485548377037048
0.0381675602272991 0.586059033870697 0.0164270401000977 0.00485548377037048
0.0420083726415892 0.586059033870697 0.0164270401000977 0.00485548377037048
0.0462787480746938 0.586059033870697 0.0164270401000977 0.00485548377037048
0.0509357916233132 0.586059033870697 0.0164270401000977 0.00485548377037048
0.056061474785492 0.586059033870697 0.0164270401000977 0.00485548377037048
0.0617029568985016 0.586059033870697 0.0164270401000977 0.00485548377037048
0.0679121429571029 0.586059033870697 0.0264443755149841 0.00485548377037048
0.0747461611704054 0.768446087837219 0.048499807715416 0.027043342590332
0.0822678885754094 0.967256665229797 0.048499807715416 0.027043342590332
0.0905465295431877 1.00701880455017 0.048499807715416 0.027043342590332
0.0996582525003081 1.9137766957283 0.0485255718231201 0.0331763029098511
0.109686890723714 1.9137766957283 0.0964586138725281 0.034330427646637
0.120724713656792 1.9137766957283 0.0974677801132202 0.0428360998630524
0.132873275843195 2.74790793657303 0.0974677801132202 0.0471302568912506
0.146244351289115 2.74790793657303 0.127549529075623 0.0576711297035217
0.160960961850701 2.74790793657303 0.132631435990334 0.0608313083648682
0.177158509108387 2.74790793657303 0.166942953481339 0.0730156898498535
0.194986020142061 2.80583125352859 0.211561560630798 0.0790093541145325
0.214807390451206 2.80583125352859 0.215060740709305 0.0925847291946411
0.23642351909587 3.39448344707489 0.240061401389539 0.111188963055611
0.260214884898814 3.51117664575577 0.282820120453835 0.111188963055611
0.286400382592417 3.51117664575577 0.286247611045837 0.131749987602234
0.315220934348083 3.56563341617584 0.330854222178459 0.141904950141907
0.346941706403675 3.56563341617584 0.365493461489677 0.15390807390213
0.381854548750803 3.56563341617584 0.417657792568207 0.177519112825394
0.420280680328535 3.62527656555176 0.443148359656334 0.189627885818481
0.462573644428912 3.84656143188477 0.500100269448012 0.21727654337883
0.509122561505755 3.84656143188477 0.54696236550808 0.243040561676025
0.560355709314554 3.93300080299377 0.618989795446396 0.26258260011673
0.616744463322841 3.98659324645996 0.679128065705299 0.282412528991699
0.678807633645181 3.98659324645996 0.758025572169572 0.312869489192963
0.74711623840516 4.04104995727539 0.841671645641327 0.340706646442413
0.822298757442146 4.06265139579773 0.929190039634705 0.386434257030487
0.90504691470005 4.17070913314819 1.01873710751534 0.42963832616806
0.997049767162749 4.17070913314819 1.12574173510075 0.471814632415771
1.0973831681079 4.17070913314819 1.23926939070225 0.509869813919067
1.207813147656 4.17070913314819 1.35314391553402 0.567820608615875
1.32935572737641 4.17070913314819 1.5150220990181 0.61046889424324
1.46312917137724 4.17070913314819 1.64834678173065 0.68508905172348
1.61036427500108 4.19232761859894 1.77781879901886 0.762311175465584
1.77241568887504 4.19232761859894 1.95791149139404 0.842632591724396
1.95077438250316 4.19232761859894 2.19434881210327 0.904861867427826
2.14708136207369 4.19232761859894 2.38978517055511 0.988497376441956
2.36314276869316 4.19232761859894 2.63523018360138 1.10282820463181
2.60094649596008 4.19232761859894 2.78846621513367 1.18623358011246
2.86268047976978 4.19232761859894 3.08831000328064 1.32008600234985
3.15075282862747 4.19232761859894 3.33007061481476 1.4792115688324
3.46781397968047 4.19232761859894 3.59671223163605 1.58323848247528
3.81678108431816 4.19232761859894 3.88765001296997 1.71858465671539
4.2008648477019 4.19232761859894 4.33622312545776 1.91602659225464
4.62790519502682 4.19232761859894 4.46215534210205 2.10841357707977
5.09361260779729 4.19232761859894 4.84497165679932 2.28382813930511
5.6061842896419 4.19232761859894 5.22884368896484 2.48444122076035
6.17033620525356 4.19232761859894 5.57100582122803 2.71711510419846
6.79125888819023 4.19232761859894 6.04020023345947 2.99799787998199
7.47466519687438 4.19232761859894 6.65600347518921 3.28439247608185
8.22684287629239 4.19232761859894 6.66274762153625 3.6176905632019
9.05471240899251 4.19232761859894 6.66549324989319 3.88643050193787
9.96589068764523 4.19232761859894 6.66549324989319 4.25109791755676
10.9687610949915 4.19232761859894 6.66549324989319 4.4765727519989
12.072550635956 4.19232761859894 6.66549324989319 4.79079055786133
13.2874148315868 4.19232761859894 6.66549324989319 5.07480573654175
14.6245311558961 4.19232761859894 6.66549324989319 5.34908246994019
16.0962018752773 4.19232761859894 6.66549324989319 5.435133934021
17.7159672366814 4.19232761859894 6.66549324989319 5.435133934021
19.4987300459514 4.19232761859894 6.66549324989319 5.435133934021
21.4808800919766 4.19232761859894 6.66549324989319 6.44478344917297
23.6425071500281 4.19232761859894 6.66549324989319 6.91368222236633
26.0216593522121 4.19232761859894 6.66549324989319 7.45298981666565
28.6402263154973 4.19232761859894 6.66549324989319 8.09709906578064
31.5223004152183 4.19232761859894 6.66549324989319 9.10530543327332
34.6943984492749 4.19232761859894 6.66549324989319 9.42505097389221
38.1857056084627 4.19232761859894 6.66549324989319 11.0208642482758
42.0283439976073 4.19232761859894 6.66549324989319 13.3584656715393
46.2576681780564 4.19232761859894 6.66549324989319 15.010781288147
50.9125904506965 4.19232761859894 6.66549324989319 15.010781288147
56.0359388722924 4.19232761859894 6.66549324989319 15.010781288147
61.674851299112 4.19232761859894 6.66549324989319 15.010781288147
67.8812090832727 4.19232761859894 6.66549324989319 16.5573890209198
74.7121144120754 4.19232761859894 6.66549324989319 17.0958873927593
82.2304156821292 4.19232761859894 6.66549324989319 24.6544880867004
90.5052857420251 4.19232761859894 6.7763454914093 24.6544880867004
99.7056313992196 4.19232761859894 7.63058137893677 29.1670880317688
109.739037374665 4.19232761859894 7.63058137893677 29.1670880317688
120.782107840023 4.19232761859894 7.63058137893677 29.761522769928
132.936445619368 4.19232761859894 7.74143362045288 31.7932071685791
146.313877857786 4.19232761859894 7.74143362045288 31.7932071685791
161.037484897703 4.19232761859894 7.74143362045288 31.7932071685791
177.242732691319 4.19232761859894 7.74143362045288 31.7932071685791
195.078719168039 4.19232761859894 7.74143362045288 31.7932071685791
214.709546024206 4.19232761859894 7.74143362045288 31.7932071685791
214.909512828253 4.19232761859894 7.74143362045288 31.7932071685791
