0.0387145280838013 0.586059033870697 0.00867241621017456 0.00178372859954834
0.0387500300966981 0.586059033870697 0.00867241621017456 0.00178372859954834
0.0425866726076336 0.586059033870697 0.00867241621017456 0.00178372859954834
0.0468031812946723 0.586059033870697 0.00867241621017456 0.00178372859954834
0.0514371667278207 0.586059033870697 0.00867241621017456 0.00178372859954834
0.0565299633015929 0.586059033870697 0.00867241621017456 0.00178372859954834
0.0621269979310704 0.586059033870697 0.00867241621017456 0.00178372859954834
0.068278195252578 0.586059033870697 0.00867241621017456 0.00178372859954834
0.0750384229432996 0.586059033870697 0.0174504518508911 0.0127222537994385
0.0824679811320132 0.586059033870697 0.0174504518508911 0.0127222537994385
0.0907162527069789 0.586059033870697 0.0314195156097412 0.0127222537994385
0.0996980736423392 0.586059033870697 0.0314195156097412 0.0127222537994385
0.109569185139287 0.586059033870697 0.0314195156097412 0.0127222537994385
0.120417635902936 0.586059033870697 0.0314195156097412 0.0127222537994385
0.132340192345309 0.586059033870697 0.0314195156097412 0.0127222537994385
0.145443201725957 0.99837489426136 0.0654684901237488 0.0317243337631226
0.159843540752169 0.99837489426136 0.0654684901237488 0.0321743488311768
0.175669658100152 0.99837489426136 0.0654684901237488 0.0342536568641663
0.193062720156276 0.99837489426136 0.0841915458440781 0.0492149144411087
0.212177870198225 2.30101633071899 0.108294486999512 0.0514579117298126
0.233185612247737 2.30101633071899 0.108294486999512 0.0550658702850342
0.25627333193868 2.30101633071899 0.12372562289238 0.0587307214736938
0.281646967966354 2.74790793657303 0.145262584090233 0.065942794084549
0.309532849027073 2.74790793657303 0.157068610191345 0.0839253067970276
0.340179712633237 2.74790793657303 0.183265268802643 0.0969091057777405
0.373860923811385 2.74790793657303 0.207938373088837 0.109184265136719
0.411253695994416 3.10663169622421 0.250741112977266 0.125799894332886
0.451971945990459 3.13343650102615 0.295898616313934 0.129137679934502
0.496721712052834 3.13343650102615 0.31249188631773 0.137127548456192
0.54590215479858 3.56563341617584 0.341503173112869 0.158304005861282
0.599951955758347 3.7056565284729 0.383052706718445 0.176615834236145
0.659353230344131 3.7056565284729 0.433179281651974 0.190337896347046
0.724635828240139 3.7056565284729 0.472007371485233 0.218439325690269
0.796382059575582 3.7056565284729 0.506266474723816 0.240355312824249
0.875231889036086 3.84656143188477 0.587600857019424 0.269960880279541
0.961888644244345 3.84656143188477 0.638106971979141 0.292361378669739
1.05712528932784 3.93300080299377 0.697256602346897 0.324959695339203
1.16179131963283 3.93300080299377 0.765210643410683 0.365926563739777
1.27682033908432 4.04104995727539 0.827393464744091 0.388170138001442
1.4032383877809 4.04104995727539 0.937872529029846 0.446379423141479
1.54217309410505 4.19232761859894 1.01304680109024 0.494976311922073
1.69486373298454 4.19232761859894 1.13858675956726 0.528285324573517
1.86438038854372 4.19232761859894 1.2616463303566 0.594407290220261
2.0489727885339 4.19232761859894 1.36550062894821 0.653856128454208
2.25184169172242 4.19232761859894 1.53193014860153 0.742794141173363
2.4747966556489 4.19232761859894 1.65860869735479 0.786863252520561
2.7198264022398 4.19232761859894 1.84664881229401 0.875175833702087
2.98911655688376 4.19232761859894 2.04724429547787 0.968859374523163
3.28506914385371 4.19232761859894 2.18963342159986 1.0674052387476
3.61032401197175 4.19232761859894 2.47727054357529 1.155582010746
3.96778238163021 4.19232761859894 2.66232788562775 1.28310032188892
4.36063272320454 4.19232761859894 2.94479732587934 1.42025303840637
4.79237919768918 4.19232761859894 3.28782641887665 1.5472971200943
5.2668729132423 4.19232761859894 3.67299752309918 1.71098881959915
5.78834627644265 4.19232761859894 3.87905019521713 1.87672817707062
6.36145074466621 4.19232761859894 4.13122183084488 2.05439096689224
6.99129831632754 4.19232761859894 4.56887254118919 2.25012624263763
7.68350712907217 4.19232761859894 5.0132954120636 2.47573459148407
8.45199512379247 4.19232761859894 5.53781545162201 2.7046063542366
9.28882760400582 4.19232761859894 5.80966055393219 2.93263173103333
10.2085149119472 4.19232761859894 6.11625015735626 3.17523396015167
11.2192605084528 4.19232761859894 6.57218098640442 3.51372516155243
12.330080079446 4.19232761859894 6.64676785469055 3.74159944057465
13.5508819543863 4.19232761859894 6.65845036506653 4.08287477493286
14.8925554869521 4.19232761859894 6.66677403450012 4.40960872173309
16.3670681863003 4.19232761859894 6.73791861534119 4.6909658908844
17.9875724652967 4.19232761859894 6.73791861534119 5.08148002624512
19.7685229578944 4.19232761859894 6.73791861534119 5.42967653274536
21.7258054521118 4.19232761859894 6.73791861534119 5.68125700950623
23.8768785886714 4.19232761859894 6.73791861534119 6.02932953834534
26.2409295892292 4.19232761859894 6.73791861534119 6.64125442504883
28.8390454032626 4.19232761859894 6.73791861534119 7.34041094779968
31.6944008002223 4.19232761859894 6.73791861534119 7.67102670669556
34.8324650846968 4.19232761859894 6.73791861534119 7.67102670669556
38.3163339475004 4.19232761859894 6.73791861534119 8.23702168464661
42.1100361799719 4.19232761859894 6.73791861534119 10.9737008213997
46.2793530693252 4.19232761859894 6.81096053123474 12.6058427095413
50.8614742424258 4.19232761859894 6.81096053123474 13.7505745887756
55.8972714730444 4.19232761859894 6.81096053123474 13.7505745887756
61.4316632514152 4.19232761859894 6.81096053123474 13.7505745887756
67.5140154498445 4.19232761859894 6.81096053123474 17.1208820343018
74.1985816582434 4.19232761859894 6.81096053123474 18.3521938323975
81.5449871173038 4.19232761859894 6.81096053123474 22.2941417098045
89.6187605659235 4.19232761859894 7.12265563011169 25.4541020393372
98.4919187468734 4.19232761859894 7.12265563011169 28.5679588913918
108.243608784401 4.19232761859894 7.55588269233704 30.8714566230774
118.960814163673 4.19232761859894 7.55588269233704 30.8714566230774
130.739130609284 4.19232761859894 7.55588269233704 33.7826194763184
143.683618783529 4.19232761859894 7.55588269233704 33.7826194763184
157.909741410383 4.19232761859894 7.55588269233704 34.2738695144653
173.703536936922 4.19232761859894 7.55588269233704 46.0552654266357
190.901933233621 4.19232761859894 7.55588269233704 46.0552654266357
209.803143649102 4.19232761859894 7.66783308982849 59.8058400154114
230.575763898515 4.19232761859894 7.86757779121399 59.9808399677277
253.405082367608 4.19232761859894 7.86757779121399 60.9699597358704
278.494732854913 4.19232761859894 7.86757779121399 63.2082529067993
306.068510952025 4.19232761859894 7.86757779121399 63.2082529067993
336.372370263797 4.19232761859894 7.97952818870544 70.3501253128052
369.676616274388 4.19232761859894 7.97952818870544 70.3501253128052
370.015617281199 4.19232761859894 7.97952818870544 70.3501253128052
