0.0387145280838013 0.586059033870697 0.00794076919555664 0.00189030170440674
0.0387500300966981 0.586059033870697 0.00794076919555664 0.00189030170440674
0.0425866726076336 0.586059033870697 0.00794076919555664 0.00189030170440674
0.0468031812946723 0.586059033870697 0.00794076919555664 0.00189030170440674
0.0514371667278207 0.586059033870697 0.00794076919555664 0.00189030170440674
0.0565299633015929 0.586059033870697 0.00794076919555664 0.00189030170440674
0.0621269979310704 0.586059033870697 0.00794076919555664 0.00189030170440674
0.068278195252578 0.586059033870697 0.00794076919555664 0.00189030170440674
0.0750384229432996 0.586059033870697 0.0165475606918335 0.00253258645534515
0.0824679811320132 0.586059033870697 0.0165475606918335 0.00253258645534515
0.0907162527069789 0.586059033870697 0.0165475606918335 0.00253258645534515
0.0996980736423392 0.586059033870697 0.0165475606918335 0.00253258645534515
0.109569185139287 0.586059033870697 0.0165475606918335 0.00253258645534515
0.120417635902936 0.586059033870697 0.0165475606918335 0.00253258645534515
0.132340192345309 0.586059033870697 0.0165475606918335 0.00253258645534515
0.145443201725957 0.586059033870697 0.0165475606918335 0.00253258645534515
0.159843540752169 0.967256665229797 0.0460898727178574 0.0159492492675781
0.175669658100152 0.967256665229797 0.0497357249259949 0.0286787748336792
0.193062720156276 0.967256665229797 0.0815774351358414 0.0286787748336792
0.212177870198225 1.85931992530823 0.0868325233459473 0.0376410335302353
0.233185612247737 1.9137766957283 0.0868325233459473 0.0442054271697998
0.25627333193868 1.9137766957283 0.0953706502914429 0.0507391467690468
0.281646967966354 2.74790793657303 0.142144277691841 0.0552169680595398
0.309532849027073 2.74790793657303 0.153231382369995 0.0641999840736389
0.340179712633237 2.74790793657303 0.17633581161499 0.0764233469963074
0.373860923811385 2.74790793657303 0.204628825187683 0.0791571140289307
0.411253695994416 3.10663169622421 0.244368564337492 0.0922456979751587
0.451971945990459 3.10663169622421 0.289345324039459 0.108352802693844
0.496721712052834 3.12219077348709 0.289345324039459 0.124840557575226
0.54590215479858 3.56563341617584 0.334537655115128 0.131632745265961
0.599951955758347 3.56563341617584 0.376615405082703 0.139158666133881
0.659353230344131 3.56563341617584 0.424888029694557 0.156676650047302
0.724635828240139 3.56563341617584 0.425043355673552 0.178518176078796
0.796382059575582 3.56563341617584 0.494988918304443 0.196733802556992
0.875231889036086 3.84656143188477 0.521364629268646 0.214619539678097
0.961888644244345 3.84656143188477 0.627337098121643 0.247287154197693
1.05712528932784 3.84656143188477 0.651267275214195 0.268351428210735
1.16179131963283 3.84656143188477 0.74048924446106 0.298071704804897
1.27682033908432 3.98659324645996 0.800135314464569 0.328094825148582
1.4032383877809 4.04104137420654 0.920945167541504 0.360881775617599
1.54217309410505 4.04104995727539 0.995233535766602 0.40508571267128
1.69486373298454 4.17070913314819 1.11674964427948 0.43423056602478
1.86438038854372 4.17070913314819 1.23913598060608 0.479089207947254
2.0489727885339 4.17070913314819 1.31197786331177 0.528970487415791
2.25184169172242 4.17070913314819 1.4491149187088 0.582683712244034
2.4747966556489 4.17070913314819 1.62577548623085 0.653481930494308
2.7198264022398 4.17070913314819 1.78002442419529 0.713124483823776
2.98911655688376 4.19232761859894 2.00588096678257 0.790437310934067
3.28506914385371 4.19232761859894 2.15199007093906 0.856138825416565
3.61032401197175 4.19232761859894 2.43278682231903 0.930671960115433
3.96778238163021 4.19232761859894 2.61579084396362 1.03407725691795
4.36063272320454 4.19232761859894 2.8850510828197 1.1560046672821
4.79237919768918 4.19232761859894 3.16258972883224 1.23170077800751
5.2668729132423 4.19232761859894 3.60063488408923 1.34661275148392
5.78834627644265 4.19232761859894 3.81811517477036 1.4550658762455
6.36145074466621 4.19232761859894 4.06039863824844 1.59191703796387
6.99129831632754 4.19232761859894 4.4913090467453 1.75750970840454
7.68350712907217 4.19232761859894 4.9380287528038 1.90731918811798
8.45199512379247 4.19232761859894 5.30690604448318 2.0725082680583
9.28882760400582 4.19232761859894 5.51339828968048 2.27053689956665
10.2085149119472 4.19232761859894 6.05188024044037 2.55393350124359
11.2192605084528 4.19232761859894 6.51592230796814 2.80333015322685
12.330080079446 4.19232761859894 6.59282088279724 3.03340882062912
13.5508819543863 4.19232761859894 6.60966372489929 3.39096838235855
14.8925554869521 4.19232761859894 6.6258373260498 3.68045300245285
16.3670681863003 4.19232761859894 6.64878559112549 4.06041693687439
17.9875724652967 4.19232761859894 6.66562843322754 4.45080903172493
19.7685229578944 4.19232761859894 6.66562843322754 4.95096388459206
21.7258054521118 4.19232761859894 6.66562843322754 5.33142721652985
23.8768785886714 4.19232761859894 6.66562843322754 5.88539254665375
26.2409295892292 4.19232761859894 6.66562843322754 6.53777918219566
28.8390454032626 4.19232761859894 6.66562843322754 7.17079520225525
31.6944008002223 4.19232761859894 6.66562843322754 7.77418220043182
34.8324650846968 4.19232761859894 6.66562843322754 8.6521543264389
38.3163339475004 4.19232761859894 6.66562843322754 9.48782675713301
42.1100361799719 4.19232761859894 6.66562843322754 10.4492244124413
46.2793530693252 4.19232761859894 6.66562843322754 11.3315304517746
50.8614742424258 4.19232761859894 6.66562843322754 12.6689331233501
55.8972714730444 4.19232761859894 6.66562843322754 13.6138120889664
61.4316632514152 4.19232761859894 6.66562843322754 13.9122253656387
67.5140154498445 4.19232761859894 6.66562843322754 15.126989364624
74.1985816582434 4.19232761859894 6.66562843322754 16.930908203125
81.5449871173038 4.19232761859894 6.66562843322754 19.5503559112549
89.6187605659235 4.19232761859894 6.66562843322754 21.9085583686829
98.4919187468734 4.19232761859894 6.66562843322754 23.6700563430786
108.243608784401 4.19232761859894 7.48731446266174 26.9962736368179
118.960814163673 4.19232761859894 7.48731446266174 29.569839052856
130.739130609284 4.19232761859894 7.48731446266174 30.8374000787735
143.683618783529 4.19232761859894 7.48731446266174 30.8374000787735
157.909741410383 4.19232761859894 7.48731446266174 30.8374000787735
173.703536936922 4.19232761859894 7.48731446266174 30.8374000787735
190.901933233621 4.19232761859894 7.48731446266174 30.8374000787735
209.803143649102 4.19232761859894 7.48731446266174 30.8374000787735
230.575763898515 4.19232761859894 7.48731446266174 30.8374000787735
253.405082367608 4.19232761859894 7.48731446266174 30.8374000787735
278.494732854913 4.19232761859894 7.48731446266174 30.8374000787735
306.068510952025 4.19232761859894 7.48731446266174 30.8374000787735
336.372370263797 4.19232761859894 7.48731446266174 30.8374000787735
369.676616274388 4.19232761859894 7.48731446266174 30.8374000787735
370.015617281199 4.19232761859894 7.48731446266174 30.8374000787735
