0.0387145280838013 0.586059033870697 0.00895786285400391 0.00436806678771973
0.0387500300966981 0.586059033870697 0.00895786285400391 0.00436806678771973
0.0425866726076336 0.586059033870697 0.00895786285400391 0.00436806678771973
0.0468031812946723 0.586059033870697 0.00895786285400391 0.00436806678771973
0.0514371667278207 0.586059033870697 0.00895786285400391 0.00436806678771973
0.0565299633015929 0.586059033870697 0.00895786285400391 0.00436806678771973
0.0621269979310704 0.586059033870697 0.00895786285400391 0.00436806678771973
0.068278195252578 0.586059033870697 0.00895786285400391 0.00436806678771973
0.0750384229432996 0.586059033870697 0.01776123046875 0.00821274518966675
0.0824679811320132 0.586059033870697 0.01776123046875 0.00821274518966675
0.0907162527069789 0.586059033870697 0.01776123046875 0.00821274518966675
0.0996980736423392 0.586059033870697 0.01776123046875 0.00821274518966675
0.109569185139287 0.586059033870697 0.01776123046875 0.00821274518966675
0.120417635902936 0.586059033870697 0.01776123046875 0.00821274518966675
0.132340192345309 0.586059033870697 0.01776123046875 0.00821274518966675
0.145443201725957 0.586059033870697 0.01776123046875 0.00821274518966675
0.159843540752169 0.967256665229797 0.0452750325202942 0.0174980759620667
0.175669658100152 0.967256665229797 0.0516170859336853 0.0174980759620667
0.193062720156276 0.967256665229797 0.0848383009433746 0.0194543898105621
0.212177870198225 1.85931992530823 0.0881004333496094 0.0397619307041168
0.233185612247737 1.9137766957283 0.0881004333496094 0.0397619307041168
0.25627333193868 1.9137766957283 0.101565301418304 0.0580903291702271
0.281646967966354 2.74790793657303 0.146083652973175 0.0639728158712387
0.309532849027073 2.74790793657303 0.157910585403442 0.0639728158712387
0.340179712633237 2.74790793657303 0.178811192512512 0.0639728158712387
0.373860923811385 2.74790793657303 0.208474934101105 0.0860194563865662
0.411253695994416 3.10663169622421 0.252170510590076 0.0987113267183304
0.451971945990459 3.10663169622421 0.297295689582825 0.121173910796642
0.496721712052834 3.12219077348709 0.297295689582825 0.136999979615211
0.54590215479858 3.56563341617584 0.343069493770599 0.152248531579971
0.599951955758347 3.56563341617584 0.385518670082092 0.165326595306396
0.659353230344131 3.56563341617584 0.434618450701237 0.183411926031113
0.724635828240139 3.56563341617584 0.439632900059223 0.202074162662029
0.796382059575582 3.56563341617584 0.508513271808624 0.24409231543541
0.875231889036086 3.84656143188477 0.538259625434875 0.256042495369911
0.961888644244345 3.84656143188477 0.641959309577942 0.281373560428619
1.05712528932784 3.84656143188477 0.666062116622925 0.323476791381836
1.16179131963283 3.84656143188477 0.761113941669464 0.356362283229828
1.27682033908432 3.98659324645996 0.817421317100525 0.399279303848743
1.4032383877809 4.04104137420654 0.942681312561035 0.444658823311329
1.54217309410505 4.04104995727539 1.01746690273285 0.481042101979256
1.69486373298454 4.17070913314819 1.14249783754349 0.530799135565758
1.86438038854372 4.17070913314819 1.26720583438873 0.578470572829247
2.0489727885339 4.17070913314819 1.34775876998901 0.638322770595551
2.25184169172242 4.17070913314819 1.48596912622452 0.705433130264282
2.4747966556489 4.17070913314819 1.66555883735418 0.805682837963104
2.7198264022398 4.17070913314819 1.82318568229675 0.877999484539032
2.98911655688376 4.19232761859894 2.05498778820038 0.953083992004395
3.28506914385371 4.19232761859894 2.1983805373311 1.04290992021561
3.61032401197175 4.19232761859894 2.48655039072037 1.16246289014816
3.96778238163021 4.19232761859894 2.67655992507935 1.24451893568039
4.36063272320454 4.19232761859894 2.95757628045976 1.36884850263596
4.79237919768918 4.19232761859894 3.24247574806213 1.43566018342972
5.2668729132423 4.19232761859894 3.68750429712236 1.51349151134491
5.78834627644265 4.19232761859894 3.8990364074707 1.5929908156395
6.36145074466621 4.19232761859894 4.144984126091 1.62807857990265
6.99129831632754 4.19232761859894 4.59011483192444 1.81229639053345
7.68350712907217 4.19232761859894 5.03265476226807 1.84510576725006
8.45199512379247 4.19232761859894 5.40726977586746 1.99385148286819
9.28882760400582 4.19232761859894 5.61670124530792 2.06706482172012
10.2085149119472 4.19232761859894 6.14760065078735 2.14319741725922
11.2192605084528 4.19232761859894 6.60997295379639 2.30043405294418
12.330080079446 4.19232761859894 6.68013620376587 2.40991294384003
13.5508819543863 4.19232761859894 6.68826007843018 2.5417286157608
14.8925554869521 4.19232761859894 6.69093942642212 2.62938928604126
16.3670681863003 4.19232761859894 6.76180911064148 2.73180413246155
17.9875724652967 4.19232761859894 6.76993298530579 2.85517525672913
19.7685229578944 4.19232761859894 6.76993298530579 3.04717993736267
21.7258054521118 4.19232761859894 6.76993298530579 3.20744323730469
23.8768785886714 4.19232761859894 6.76993298530579 3.97455668449402
26.2409295892292 4.19232761859894 6.76993298530579 3.97455668449402
28.8390454032626 4.19232761859894 6.76993298530579 3.97455668449402
31.6944008002223 4.19232761859894 6.76993298530579 4.00578153133392
34.8324650846968 4.19232761859894 6.76993298530579 4.28872096538544
38.3163339475004 4.19232761859894 6.76993298530579 4.66896498203278
42.1100361799719 4.19232761859894 6.76993298530579 4.93415486812592
46.2793530693252 4.19232761859894 6.76993298530579 5.11206686496735
50.8614742424258 4.19232761859894 6.76993298530579 5.1430846452713
55.8972714730444 4.19232761859894 6.76993298530579 5.1430846452713
61.4316632514152 4.19232761859894 6.76993298530579 5.25354993343353
67.5140154498445 4.19232761859894 6.76993298530579 5.36077570915222
74.1985816582434 4.19232761859894 6.76993298530579 5.36077570915222
81.5449871173038 4.19232761859894 6.76993298530579 6.59452283382416
89.6187605659235 4.19232761859894 6.76993298530579 6.59513759613037
98.4919187468734 4.19232761859894 6.76993298530579 7.68610887229443
108.243608784401 4.19232761859894 7.46326541900635 8.02942097187042
118.960814163673 4.19232761859894 7.46326541900635 8.35322290658951
130.739130609284 4.19232761859894 7.46326541900635 9.31700026988983
143.683618783529 4.19232761859894 7.46326541900635 9.68292880058289
157.909741410383 4.19232761859894 7.46326541900635 11.2962760925293
173.703536936922 4.19232761859894 7.46326541900635 11.2962760925293
190.901933233621 4.19232761859894 7.46326541900635 11.2962760925293
209.803143649102 4.19232761859894 7.46326541900635 11.7526097297668
230.575763898515 4.19232761859894 7.8893256187439 12.5374069213867
253.405082367608 4.19232761859894 7.8893256187439 12.5374069213867
278.494732854913 4.19232761859894 7.8893256187439 12.5374069213867
306.068510952025 4.19232761859894 7.8893256187439 12.5374069213867
336.372370263797 4.19232761859894 7.8893256187439 12.5374069213867
369.676616274388 4.19232761859894 7.8893256187439 12.5374069213867
370.015617281199 4.19232761859894 7.8893256187439 12.5374069213867
