0.0194894644874591 0.586059033870697 0.00711536407470703 0.00231122970581055
0.0195076157341004 0.586059033870697 0.00711536407470703 0.00231122970581055
0.0214706726399789 0.586059033870697 0.00711536407470703 0.00231122970581055
0.0236312725192399 0.586059033870697 0.00711536407470703 0.00231122970581055
0.0260092941773403 0.586059033870697 0.00711536407470703 0.00231122970581055
0.02862661682957 0.586059033870697 0.00711536407470703 0.00231122970581055
0.0315073214028609 0.586059033870697 0.0155610144138336 0.00602447986602783
0.0346779120946542 0.586059033870697 0.0155610144138336 0.00602447986602783
0.0381675602272991 0.586059033870697 0.0155610144138336 0.00602447986602783
0.0420083726415892 0.586059033870697 0.0155610144138336 0.00602447986602783
0.0462787480746938 0.586059033870697 0.0155610144138336 0.00602447986602783
0.0509357916233132 0.586059033870697 0.0155610144138336 0.00602447986602783
0.056061474785492 0.586059033870697 0.0155610144138336 0.00602447986602783
0.0617029568985016 0.586059033870697 0.0155610144138336 0.00602447986602783
0.0679121429571029 0.586059033870697 0.024132251739502 0.0156383514404297
0.0747461611704054 0.768446087837219 0.0485624670982361 0.0156383514404297
0.0822678885754094 0.967256665229797 0.0485624670982361 0.0156383514404297
0.0905465295431877 1.00701880455017 0.0485624670982361 0.0156383514404297
0.0996582525003081 1.9137766957283 0.0485624670982361 0.0290647000074387
0.109686890723714 1.9137766957283 0.0926654934883118 0.0290647000074387
0.120724713656792 1.9137766957283 0.0952853560447693 0.0398132801055908
0.132873275843195 2.74790793657303 0.0952853560447693 0.0398132801055908
0.146244351289115 2.74790793657303 0.125065684318542 0.0451499223709106
0.160960961850701 2.74790793657303 0.131484031677246 0.055389404296875
0.177158509108387 2.74790793657303 0.163683532271534 0.0724318027496338
0.194986020142061 2.80583125352859 0.207555413246155 0.0724318027496338
0.214807390451206 2.80583125352859 0.207803905010223 0.0828978419303894
0.23642351909587 3.39448344707489 0.232067524455488 0.0896601378917694
0.260214884898814 3.51117664575577 0.277277946472168 0.10130786895752
0.286400382592417 3.51117664575577 0.28147783735767 0.112836539745331
0.315220934348083 3.56563341617584 0.325801610946655 0.122973918914795
0.346941706403675 3.56563341617584 0.356949269771576 0.140642836689949
0.381854548750803 3.56563341617584 0.40638542175293 0.156266570091248
0.420280680328535 3.62527656555176 0.433664500713348 0.168627023696899
0.462573644428912 3.84656143188477 0.491703985258937 0.188582882285118
0.509122561505755 3.84656143188477 0.537140190601349 0.208068013191223
0.560355709314554 3.93300080299377 0.604979604482651 0.230438843369484
0.616744463322841 3.98659324645996 0.665896594524384 0.255157455801964
0.678807633645181 3.98659324645996 0.74209290870931 0.282880157232285
0.74711623840516 4.04104995727539 0.820675611495972 0.315294191241264
0.822298757442146 4.06265139579773 0.90809839963913 0.345018863677979
0.90504691470005 4.17070913314819 0.998435020446777 0.382886946201324
0.997049767162749 4.17070913314819 1.10062992572784 0.424135901033878
1.0973831681079 4.17070913314819 1.20851331949234 0.467487469315529
1.207813147656 4.17070913314819 1.32012629508972 0.513577595353127
1.32935572737641 4.17070913314819 1.4839791059494 0.564758524298668
1.46312917137724 4.17070913314819 1.61643213033676 0.617240697145462
1.61036427500108 4.19232761859894 1.7438383102417 0.683524563908577
1.77241568887504 4.19232761859894 1.92962598800659 0.753330312669277
1.95077438250316 4.19232761859894 2.14986574649811 0.828858837485313
2.14708136207369 4.19232761859894 2.34343636035919 0.904033437371254
2.36314276869316 4.19232761859894 2.58401215076447 1.00319202244282
2.60094649596008 4.19232761859894 2.73022013902664 1.10042949020863
2.86268047976978 4.19232761859894 3.03330445289612 1.19962407648563
3.15075282862747 4.19232761859894 3.27223885059357 1.33099550008774
3.46781397968047 4.19232761859894 3.53544330596924 1.4354493021965
3.81678108431816 4.19232761859894 3.8353773355484 1.59385514259338
4.2008648477019 4.19232761859894 4.28186798095703 1.73313814401627
4.62790519502682 4.19232761859894 4.42037725448608 1.89502590894699
5.09361260779729 4.19232761859894 4.79235219955444 2.04567241668701
5.6061842896419 4.19232761859894 5.17453575134277 2.20192563533783
6.17033620525356 4.19232761859894 5.53201913833618 2.36260461807251
6.79125888819023 4.19232761859894 5.99166369438171 2.52194023132324
7.47466519687438 4.19232761859894 6.59145712852478 2.65249741077423
8.22684287629239 4.19232761859894 6.60943174362183 2.86542773246765
9.05471240899251 4.19232761859894 6.60943174362183 2.96145921945572
9.96589068764523 4.19232761859894 6.60943174362183 3.28627073764801
10.9687610949915 4.19232761859894 6.60943174362183 3.35806860029697
12.072550635956 4.19232761859894 6.60943174362183 3.68104934692383
13.2874148315868 4.19232761859894 6.60943174362183 3.94510191679001
14.6245311558961 4.19232761859894 6.60943174362183 4.41564482450485
16.0962018752773 4.19232761859894 6.60943174362183 4.50967574119568
17.7159672366814 4.19232761859894 6.60943174362183 4.93083930015564
19.4987300459514 4.19232761859894 6.60943174362183 5.06647670269012
21.4808800919766 4.19232761859894 6.60943174362183 5.22356235980988
23.6425071500281 4.19232761859894 6.60943174362183 5.76516979932785
26.0216593522121 4.19232761859894 6.60943174362183 6.25737990438938
28.6402263154973 4.19232761859894 6.60943174362183 6.88891893625259
31.5223004152183 4.19232761859894 6.60943174362183 7.49524509906769
34.6943984492749 4.19232761859894 6.60943174362183 7.49524509906769
38.1857056084627 4.19232761859894 6.60943174362183 7.8036013841629
42.0283439976073 4.19232761859894 6.60943174362183 9.76614952087402
46.2576681780564 4.19232761859894 6.60943174362183 10.1865096092224
50.9125904506965 4.19232761859894 6.60943174362183 10.6109466552734
56.0359388722924 4.19232761859894 6.60943174362183 12.4426438808441
61.674851299112 4.19232761859894 6.60943174362183 13.2925461530685
67.8812090832727 4.19232761859894 6.60943174362183 14.9241663217545
74.7121144120754 4.19232761859894 6.60943174362183 16.4342164993286
82.2304156821292 4.19232761859894 6.60943174362183 16.5204745531082
90.5052857420251 4.19232761859894 6.60943174362183 16.5204745531082
99.7056313992196 4.19232761859894 7.51176428794861 16.5204745531082
109.739037374665 4.19232761859894 7.51176428794861 16.5204745531082
120.782107840023 4.19232761859894 7.51176428794861 16.5204745531082
132.936445619368 4.19232761859894 7.51176428794861 16.5204745531082
146.313877857786 4.19232761859894 7.51176428794861 16.5204745531082
161.037484897703 4.19232761859894 7.51176428794861 16.5204745531082
177.242732691319 4.19232761859894 7.51176428794861 16.5204745531082
195.078719168039 4.19232761859894 7.51176428794861 16.5204745531082
214.709546024206 4.19232761859894 7.51176428794861 16.5204745531082
214.909512828253 4.19232761859894 7.51176428794861 16.5204745531082
