0.0387145280838013 0.586059033870697 0.00793468952178955 0.00139021873474121
0.0387500300966981 0.586059033870697 0.00793468952178955 0.00139021873474121
0.0425866726076336 0.586059033870697 0.00793468952178955 0.00139021873474121
0.0468031812946723 0.586059033870697 0.00793468952178955 0.00139021873474121
0.0514371667278207 0.586059033870697 0.00793468952178955 0.00139021873474121
0.0565299633015929 0.586059033870697 0.00793468952178955 0.00139021873474121
0.0621269979310704 0.586059033870697 0.00793468952178955 0.00139021873474121
0.068278195252578 0.586059033870697 0.00793468952178955 0.00139021873474121
0.0750384229432996 0.586059033870697 0.0165431797504425 0.00412744283676147
0.0824679811320132 0.586059033870697 0.0165431797504425 0.00412744283676147
0.0907162527069789 0.586059033870697 0.0165431797504425 0.00412744283676147
0.0996980736423392 0.586059033870697 0.0165431797504425 0.00412744283676147
0.109569185139287 0.586059033870697 0.0165431797504425 0.00412744283676147
0.120417635902936 0.586059033870697 0.0165431797504425 0.00412744283676147
0.132340192345309 0.586059033870697 0.0165431797504425 0.00412744283676147
0.145443201725957 0.586059033870697 0.0165431797504425 0.00412744283676147
0.159843540752169 0.967256665229797 0.0467682480812073 0.020865797996521
0.175669658100152 0.967256665229797 0.0493737459182739 0.020865797996521
0.193062720156276 0.967256665229797 0.0812982320785522 0.0404194891452789
0.212177870198225 1.85931992530823 0.0866716504096985 0.0404194891452789
0.233185612247737 1.9137766957283 0.0866716504096985 0.0404194891452789
0.25627333193868 1.9137766957283 0.0955826342105865 0.0523203611373901
0.281646967966354 2.74790793657303 0.14188688993454 0.0659104585647583
0.309532849027073 2.74790793657303 0.15286660194397 0.0659104585647583
0.340179712633237 2.74790793657303 0.1775723695755 0.0837530493736267
0.373860923811385 2.74790793657303 0.20433720946312 0.0869765281677246
0.411253695994416 3.10663169622421 0.243728630244732 0.103929758071899
0.451971945990459 3.10663169622421 0.288565009832382 0.12240394949913
0.496721712052834 3.12219077348709 0.288565009832382 0.137603402137756
0.54590215479858 3.56563341617584 0.3338742852211 0.164876222610474
0.599951955758347 3.56563341617584 0.376744121313095 0.17382276058197
0.659353230344131 3.56563341617584 0.423863999545574 0.190793514251709
0.724635828240139 3.56563341617584 0.424066059291363 0.213138222694397
0.796382059575582 3.56563341617584 0.493756324052811 0.245675653219223
0.875231889036086 3.84656143188477 0.520219594240189 0.276819825172424
0.961888644244345 3.84656143188477 0.627318173646927 0.305890679359436
1.05712528932784 3.84656143188477 0.653697520494461 0.330829858779907
1.16179131963283 3.84656143188477 0.738581299781799 0.367066442966461
1.27682033908432 3.98659324645996 0.799442410469055 0.403703764081001
1.4032383877809 4.04104137420654 0.920098215341568 0.45090664178133
1.54217309410505 4.04104995727539 0.993723303079605 0.482666924595833
1.69486373298454 4.17070913314819 1.11401343345642 0.543559789657593
1.86438038854372 4.17070913314819 1.23763293027878 0.597316741943359
2.0489727885339 4.17070913314819 1.30926132202148 0.668096870183945
2.25184169172242 4.17070913314819 1.44585832953453 0.718744024634361
2.4747966556489 4.17070913314819 1.62184701114893 0.820210784673691
2.7198264022398 4.17070913314819 1.77610874176025 0.903103394433856
2.98911655688376 4.19232761859894 2.00105574727058 1.00861452519894
3.28506914385371 4.19232761859894 2.14893438667059 1.09473925828934
3.61032401197175 4.19232761859894 2.42812448740005 1.19789378345013
3.96778238163021 4.19232761859894 2.61481881141663 1.29087251424789
4.36063272320454 4.19232761859894 2.87902387417853 1.44438995234668
4.79237919768918 4.19232761859894 3.15763577818871 1.59289367496967
5.2668729132423 4.19232761859894 3.59311898984015 1.68748837709427
5.78834627644265 4.19232761859894 3.81686365604401 1.85422229766846
6.36145074466621 4.19232761859894 4.05248960852623 2.01347237825394
6.99129831632754 4.19232761859894 4.48563657701015 2.2284215092659
7.68350712907217 4.19232761859894 4.93442159891129 2.36569166183472
8.45199512379247 4.19232761859894 5.30508184432983 2.5749169588089
9.28882760400582 4.19232761859894 5.51528739929199 2.86265540122986
10.2085149119472 4.19232761859894 6.06294250488281 3.01288461685181
11.2192605084528 4.19232761859894 6.53008651733398 3.20882177352905
12.330080079446 4.19232761859894 6.60961437225342 3.35813081264496
13.5508819543863 4.19232761859894 6.62577390670776 3.71394371986389
14.8925554869521 4.19232761859894 6.6416323184967 3.85635995864868
16.3670681863003 4.19232761859894 6.6551661491394 4.17428147792816
17.9875724652967 4.19232761859894 6.67132568359375 4.27512550354004
19.7685229578944 4.19232761859894 6.67132568359375 4.40575003623962
21.7258054521118 4.19232761859894 6.67132568359375 4.96156871318817
23.8768785886714 4.19232761859894 6.67132568359375 5.24183964729309
26.2409295892292 4.19232761859894 6.67132568359375 5.58149409294128
28.8390454032626 4.19232761859894 6.67132568359375 5.64921259880066
31.6944008002223 4.19232761859894 6.67132568359375 5.64921259880066
34.8324650846968 4.19232761859894 6.67132568359375 5.64921259880066
38.3163339475004 4.19232761859894 6.67132568359375 7.13663291931152
42.1100361799719 4.19232761859894 6.67132568359375 9.68886472098529
46.2793530693252 4.19232761859894 6.67132568359375 10.9503300189972
50.8614742424258 4.19232761859894 6.67132568359375 11.3079597949982
55.8972714730444 4.19232761859894 6.67132568359375 11.3079597949982
61.4316632514152 4.19232761859894 6.67132568359375 11.3079597949982
67.5140154498445 4.19232761859894 6.67132568359375 16.0931911468506
74.1985816582434 4.19232761859894 6.67132568359375 16.7593712806702
81.5449871173038 4.19232761859894 6.67132568359375 20.1605180501938
89.6187605659235 4.19232761859894 6.67132568359375 22.4059319496155
98.4919187468734 4.19232761859894 6.67132568359375 26.3792405128479
108.243608784401 4.19232761859894 7.50554966926575 27.4011509418488
118.960814163673 4.19232761859894 7.50554966926575 27.4011509418488
130.739130609284 4.19232761859894 7.50554966926575 27.4011509418488
143.683618783529 4.19232761859894 7.50554966926575 27.4011509418488
157.909741410383 4.19232761859894 7.50554966926575 27.4011509418488
173.703536936922 4.19232761859894 7.50554966926575 27.4011509418488
190.901933233621 4.19232761859894 7.50554966926575 27.4011509418488
209.803143649102 4.19232761859894 7.50554966926575 27.4011509418488
230.575763898515 4.19232761859894 7.54070639610291 27.4011509418488
253.405082367608 4.19232761859894 7.54070639610291 27.4011509418488
278.494732854913 4.19232761859894 7.54070639610291 27.4011509418488
306.068510952025 4.19232761859894 7.54070639610291 27.4011509418488
336.372370263797 4.19232761859894 7.54070639610291 27.4011509418488
369.676616274388 4.19232761859894 7.54070639610291 27.4011509418488
370.015617281199 4.19232761859894 7.54070639610291 27.4011509418488
