0.0194894644874591 0.586059033870697 0.00724482536315918 0.00088346004486084
0.0195076157341004 0.586059033870697 0.00724482536315918 0.00088346004486084
0.0214706726399789 0.586059033870697 0.00724482536315918 0.00088346004486084
0.0236312725192399 0.586059033870697 0.00724482536315918 0.00088346004486084
0.0260092941773403 0.586059033870697 0.00724482536315918 0.00088346004486084
0.02862661682957 0.586059033870697 0.00724482536315918 0.00088346004486084
0.0315073214028609 0.586059033870697 0.0156303346157074 0.00284984707832336
0.0346779120946542 0.586059033870697 0.0156303346157074 0.00284984707832336
0.0381675602272991 0.586059033870697 0.0156303346157074 0.00284984707832336
0.0420083726415892 0.586059033870697 0.0156303346157074 0.00284984707832336
0.0462787480746938 0.586059033870697 0.0156303346157074 0.00284984707832336
0.0509357916233132 0.586059033870697 0.0156303346157074 0.00284984707832336
0.056061474785492 0.586059033870697 0.0156303346157074 0.00284984707832336
0.0617029568985016 0.586059033870697 0.0156303346157074 0.00284984707832336
0.0679121429571029 0.586059033870697 0.0254642963409424 0.00583383440971375
0.0747461611704054 0.768446087837219 0.0558011680841446 0.0262083113193512
0.0822678885754094 0.967256665229797 0.0558011680841446 0.0262083113193512
0.0905465295431877 1.00701880455017 0.0558011680841446 0.0265479981899261
0.0996582525003081 1.9137766957283 0.0558011680841446 0.0265479981899261
0.109686890723714 1.9137766957283 0.103224396705627 0.0452821254730225
0.120724713656792 1.9137766957283 0.103499174118042 0.0452821254730225
0.132873275843195 2.74790793657303 0.103499174118042 0.0500617362558842
0.146244351289115 2.74790793657303 0.139632105827332 0.0579152405261993
0.160960961850701 2.74790793657303 0.141397997736931 0.0792029835283756
0.177158509108387 2.74790793657303 0.178067953325808 0.0967938005924225
0.194986020142061 2.80583125352859 0.22784698009491 0.0983318723738194
0.214807390451206 2.80583125352859 0.22784698009491 0.114776197820902
0.23642351909587 3.39448344707489 0.246662333607674 0.125149786472321
0.260214884898814 3.51117664575577 0.297069445252419 0.13339327275753
0.286400382592417 3.51117664575577 0.303257869090885 0.146877128630877
0.315220934348083 3.56563341617584 0.355899319052696 0.169757306575775
0.346941706403675 3.56563341617584 0.386481955647469 0.194567684084177
0.381854548750803 3.56563341617584 0.437114104628563 0.207497838884592
0.420280680328535 3.62527656555176 0.464824065566063 0.230627328157425
0.462573644428912 3.84656143188477 0.53149195201695 0.246794939041138
0.509122561505755 3.84656143188477 0.577906474471092 0.280081897974014
0.560355709314554 3.93300080299377 0.661106288433075 0.31858491897583
0.616744463322841 3.98659324645996 0.734447553753853 0.345200940966606
0.678807633645181 3.98659324645996 0.806945189833641 0.391289219260216
0.74711623840516 4.04104995727539 0.889330595731735 0.435412064194679
0.822298757442146 4.06265139579773 0.985496759414673 0.473964989185333
0.90504691470005 4.17070913314819 1.07730428874493 0.528893992304802
0.997049767162749 4.17070913314819 1.19150356948376 0.575483456254005
1.0973831681079 4.17070913314819 1.3067841231823 0.633729580789804
1.207813147656 4.17070913314819 1.4357733130455 0.701757773756981
1.32935572737641 4.17070913314819 1.60424846410751 0.770227923989296
1.46312917137724 4.17070913314819 1.73612385988235 0.85257625579834
1.61036427500108 4.19232761859894 1.89745371043682 0.943665385246277
1.77241568887504 4.19232761859894 2.0987796485424 1.03026424348354
1.95077438250316 4.19232761859894 2.31490767002106 1.12413363158703
2.14708136207369 4.19232761859894 2.52901184558868 1.23325367644429
2.36314276869316 4.19232761859894 2.7985365986824 1.34281276166439
2.60094649596008 4.19232761859894 2.93281298875809 1.52228108048439
2.86268047976978 4.19232761859894 3.24197697639465 1.6518012881279
3.15075282862747 4.19232761859894 3.52881145477295 1.76335987448692
3.46781397968047 4.19232761859894 3.77517175674438 1.91285091638565
3.81678108431816 4.19232761859894 4.06700539588928 2.02279704809189
4.2008648477019 4.19232761859894 4.53329038619995 2.19546341896057
4.62790519502682 4.19232761859894 4.63765978813171 2.37405395507812
5.09361260779729 4.19232761859894 5.00557446479797 2.45905447006226
5.6061842896419 4.19232761859894 5.40419340133667 2.60513246059418
6.17033620525356 4.19232761859894 5.76077842712402 2.73072493076324
6.79125888819023 4.19232761859894 6.18679094314575 3.10479652881622
7.47466519687438 4.19232761859894 6.79755234718323 3.18916201591492
8.22684287629239 4.19232761859894 6.79755234718323 3.2238085269928
9.05471240899251 4.19232761859894 6.79755234718323 3.54955720901489
9.96589068764523 4.19232761859894 6.79755234718323 3.54955720901489
10.9687610949915 4.19232761859894 6.79755234718323 3.91708588600159
12.072550635956 4.19232761859894 6.79755234718323 3.93151485919952
13.2874148315868 4.19232761859894 6.79755234718323 4.16055560112
14.6245311558961 4.19232761859894 6.79755234718323 4.47631049156189
16.0962018752773 4.19232761859894 6.79755234718323 4.47631049156189
17.7159672366814 4.19232761859894 6.79755234718323 4.6590164899826
19.4987300459514 4.19232761859894 6.79755234718323 5.00338184833527
21.4808800919766 4.19232761859894 6.79755234718323 5.21102893352509
23.6425071500281 4.19232761859894 6.79755234718323 5.66400945186615
26.0216593522121 4.19232761859894 6.79755234718323 5.85888135433197
28.6402263154973 4.19232761859894 6.79755234718323 6.21602189540863
31.5223004152183 4.19232761859894 6.79755234718323 7.35810315608978
34.6943984492749 4.19232761859894 6.79755234718323 7.56964683532715
38.1857056084627 4.19232761859894 6.79755234718323 8.04591655731201
42.0283439976073 4.19232761859894 6.79755234718323 8.04591655731201
46.2576681780564 4.19232761859894 6.79755234718323 8.04591655731201
50.9125904506965 4.19232761859894 6.79755234718323 8.04591655731201
56.0359388722924 4.19232761859894 6.79755234718323 9.07728242874146
61.674851299112 4.19232761859894 6.79755234718323 10.1676964759827
67.8812090832727 4.19232761859894 6.79755234718323 13.0576218366623
74.7121144120754 4.19232761859894 6.79755234718323 13.7454352378845
82.2304156821292 4.19232761859894 6.79755234718323 14.9361637830734
90.5052857420251 4.19232761859894 6.88750386238098 15.6239771842957
99.7056313992196 4.19232761859894 7.62190413475037 15.6239771842957
109.739037374665 4.19232761859894 7.62190413475037 15.6239771842957
120.782107840023 4.19232761859894 7.62190413475037 15.6239771842957
132.936445619368 4.19232761859894 7.71185564994812 15.6239771842957
146.313877857786 4.19232761859894 7.71185564994812 15.6239771842957
161.037484897703 4.19232761859894 7.71185564994812 15.6239771842957
177.242732691319 4.19232761859894 7.71185564994812 15.6239771842957
195.078719168039 4.19232761859894 7.71185564994812 15.6239771842957
214.709546024206 4.19232761859894 7.71185564994812 15.6239771842957
214.909512828253 4.19232761859894 7.71185564994812 15.6239771842957
