0.0194894644874591 0.586059033870697 0.00858509540557861 0.00256204605102539
0.0195076157341004 0.586059033870697 0.00858509540557861 0.00256204605102539
0.0214706726399789 0.586059033870697 0.00858509540557861 0.00256204605102539
0.0236312725192399 0.586059033870697 0.00858509540557861 0.00256204605102539
0.0260092941773403 0.586059033870697 0.00858509540557861 0.00256204605102539
0.02862661682957 0.586059033870697 0.00858509540557861 0.00256204605102539
0.0315073214028609 0.586059033870697 0.0173649191856384 0.00591987371444702
0.0346779120946542 0.586059033870697 0.0173649191856384 0.00591987371444702
0.0381675602272991 0.586059033870697 0.0173649191856384 0.00591987371444702
0.0420083726415892 0.586059033870697 0.0173649191856384 0.00591987371444702
0.0462787480746938 0.586059033870697 0.0173649191856384 0.00591987371444702
0.0509357916233132 0.586059033870697 0.0173649191856384 0.00591987371444702
0.056061474785492 0.586059033870697 0.0173649191856384 0.00591987371444702
0.0617029568985016 0.586059033870697 0.0173649191856384 0.00591987371444702
0.0679121429571029 0.586059033870697 0.0281282663345337 0.00606167316436768
0.0747461611704054 0.768446087837219 0.0434778481721878 0.0192645192146301
0.0822678885754094 0.967256665229797 0.0434778481721878 0.0194130837917328
0.0905465295431877 1.00701880455017 0.0468767881393433 0.0259606838226318
0.0996582525003081 1.9137766957283 0.0514833331108093 0.0390607714653015
0.109686890723714 1.9137766957283 0.0936025977134705 0.0390607714653015
0.120724713656792 1.9137766957283 0.0945940017700195 0.052600085735321
0.132873275843195 2.74790793657303 0.0945940017700195 0.0606508255004883
0.146244351289115 2.74790793657303 0.120384454727173 0.0683050751686096
0.160960961850701 2.74790793657303 0.127510532736778 0.0756679773330688
0.177158509108387 2.74790793657303 0.162752151489258 0.0973514318466187
0.194986020142061 2.80583125352859 0.202450394630432 0.100114941596985
0.214807390451206 2.80583125352859 0.212447464466095 0.112154722213745
0.23642351909587 3.39448344707489 0.24126672744751 0.122715592384338
0.260214884898814 3.51117664575577 0.275768175721169 0.14214214682579
0.286400382592417 3.51117664575577 0.284860327839851 0.159220576286316
0.315220934348083 3.56563341617584 0.32550910115242 0.182740554213524
0.346941706403675 3.56563341617584 0.361673459410667 0.198452174663544
0.381854548750803 3.56563341617584 0.409860193729401 0.21084201335907
0.420280680328535 3.62527656555176 0.439963713288307 0.24250054359436
0.462573644428912 3.84656143188477 0.483301893342286 0.267628476023674
0.509122561505755 3.84656143188477 0.533926203846931 0.294609442353249
0.560355709314554 3.93300080299377 0.598444402217865 0.322464615106583
0.616744463322841 3.98659324645996 0.659926846623421 0.35874055325985
0.678807633645181 3.98659324645996 0.737145856022835 0.398000836372375
0.74711623840516 4.04104995727539 0.819239526987076 0.438784435391426
0.822298757442146 4.06265139579773 0.902182281017303 0.488953649997711
0.90504691470005 4.17070913314819 0.991496980190277 0.530262053012848
0.997049767162749 4.17070913314819 1.09776017069817 0.585094183683395
1.0973831681079 4.17070913314819 1.21037136018276 0.646946176886559
1.207813147656 4.17070913314819 1.33283551037312 0.721492417156696
1.32935572737641 4.17070913314819 1.46977835893631 0.788884699344635
1.46312917137724 4.17070913314819 1.62158077955246 0.84791848808527
1.61036427500108 4.19232761859894 1.75233435630798 0.946437485516071
1.77241568887504 4.19232761859894 1.91099524497986 1.04909539222717
1.95077438250316 4.19232761859894 2.1358637213707 1.12962490320206
2.14708136207369 4.19232761859894 2.32898819446564 1.25660854578018
2.36314276869316 4.19232761859894 2.56110221147537 1.39295774698257
2.60094649596008 4.19232761859894 2.75698590278625 1.50122761726379
2.86268047976978 4.19232761859894 3.02482151985168 1.65535539388657
3.15075282862747 4.19232761859894 3.22461128234863 1.80397802591324
3.46781397968047 4.19232761859894 3.52621185779572 1.97525954246521
3.81678108431816 4.19232761859894 3.80249905586243 2.1692823767662
4.2008648477019 4.19232761859894 4.23385286331177 2.3852162361145
4.62790519502682 4.19232761859894 4.37143957614899 2.59672945737839
5.09361260779729 4.19232761859894 4.77158653736115 2.84215104579926
5.6061842896419 4.19232761859894 5.14099979400635 3.05641710758209
6.17033620525356 4.19232761859894 5.49804818630219 3.3491872549057
6.79125888819023 4.19232761859894 5.97774469852448 3.49165856838226
7.47466519687438 4.19232761859894 6.60368609428406 3.60546636581421
8.22684287629239 4.19232761859894 6.62245178222656 3.95488560199738
9.05471240899251 4.19232761859894 6.70659470558167 4.30669069290161
9.96589068764523 4.19232761859894 6.70659470558167 4.66558456420898
10.9687610949915 4.19232761859894 6.70659470558167 4.7278048992157
12.072550635956 4.19232761859894 6.70659470558167 5.04044198989868
13.2874148315868 4.19232761859894 6.70659470558167 5.28782796859741
14.6245311558961 4.19232761859894 6.70659470558167 5.65654563903809
16.0962018752773 4.19232761859894 6.70659470558167 5.75817537307739
17.7159672366814 4.19232761859894 6.70659470558167 6.12689304351807
19.4987300459514 4.19232761859894 6.70659470558167 6.49936151504517
21.4808800919766 4.19232761859894 6.70659470558167 7.07915472984314
23.6425071500281 4.19232761859894 6.70659470558167 7.38241958618164
26.0216593522121 4.19232761859894 6.70659470558167 7.40667343139648
28.6402263154973 4.19232761859894 6.70659470558167 8.19753551483154
31.5223004152183 4.19232761859894 6.70659470558167 9.45306205749512
34.6943984492749 4.19232761859894 6.70659470558167 9.72924101352692
38.1857056084627 4.19232761859894 6.70659470558167 11.0679478645325
42.0283439976073 4.19232761859894 6.70659470558167 12.5613522529602
46.2576681780564 4.19232761859894 6.70659470558167 13.1385903358459
50.9125904506965 4.19232761859894 6.70659470558167 13.4025678634644
56.0359388722924 4.19232761859894 6.70659470558167 13.7551345825195
61.674851299112 4.19232761859894 6.70659470558167 15.4344483613968
67.8812090832727 4.19232761859894 6.70659470558167 16.6542354226112
74.7121144120754 4.19232761859894 6.70659470558167 19.9638562202454
82.2304156821292 4.19232761859894 6.70659470558167 22.9304552078247
90.5052857420251 4.19232761859894 6.8580539226532 23.606951713562
99.7056313992196 4.19232761859894 7.65933537483215 25.3112020492554
109.739037374665 4.19232761859894 7.65933537483215 25.3112020492554
120.782107840023 4.19232761859894 7.65933537483215 25.3112020492554
132.936445619368 4.19232761859894 7.81079459190369 25.3112020492554
146.313877857786 4.19232761859894 7.81079459190369 25.3112020492554
161.037484897703 4.19232761859894 7.81079459190369 25.3112020492554
177.242732691319 4.19232761859894 7.81079459190369 25.3112020492554
195.078719168039 4.19232761859894 7.81079459190369 25.3112020492554
214.709546024206 4.19232761859894 7.81079459190369 25.3112020492554
214.909512828253 4.19232761859894 7.81079459190369 25.3112020492554
