0.0387145280838013 0.586059033870697 0.00795650482177734 0.00252002477645874
0.0387500300966981 0.586059033870697 0.00795650482177734 0.00252002477645874
0.0425866726076336 0.586059033870697 0.00795650482177734 0.00252002477645874
0.0468031812946723 0.586059033870697 0.00795650482177734 0.00252002477645874
0.0514371667278207 0.586059033870697 0.00795650482177734 0.00252002477645874
0.0565299633015929 0.586059033870697 0.00795650482177734 0.00252002477645874
0.0621269979310704 0.586059033870697 0.00795650482177734 0.00252002477645874
0.068278195252578 0.586059033870697 0.00795650482177734 0.00252002477645874
0.0750384229432996 0.586059033870697 0.0165517926216125 0.00443021953105927
0.0824679811320132 0.586059033870697 0.0165517926216125 0.00443021953105927
0.0907162527069789 0.586059033870697 0.0306940078735352 0.00443021953105927
0.0996980736423392 0.586059033870697 0.0306940078735352 0.00443021953105927
0.109569185139287 0.586059033870697 0.0306940078735352 0.00443021953105927
0.120417635902936 0.586059033870697 0.0306940078735352 0.00443021953105927
0.132340192345309 0.586059033870697 0.0306940078735352 0.00443021953105927
0.145443201725957 0.99837489426136 0.0690296292304993 0.0116679668426514
0.159843540752169 0.99837489426136 0.0690296292304993 0.0288641825318336
0.175669658100152 0.99837489426136 0.0690296292304993 0.0313814431428909
0.193062720156276 0.99837489426136 0.0809101611375809 0.0313814431428909
0.212177870198225 2.30101633071899 0.104942560195923 0.0400322824716568
0.233185612247737 2.30101633071899 0.104942560195923 0.0505991578102112
0.25627333193868 2.30101633071899 0.120628446340561 0.0537308901548386
0.281646967966354 2.74790793657303 0.141852781176567 0.0572557002305984
0.309532849027073 2.74790793657303 0.152419805526733 0.0617698356509209
0.340179712633237 2.74790793657303 0.182190418243408 0.0661195442080498
0.373860923811385 2.74790793657303 0.204039216041565 0.0815674960613251
0.411253695994416 3.10663169622421 0.242872402071953 0.0893616080284119
0.451971945990459 3.13343650102615 0.287604510784149 0.10500580072403
0.496721712052834 3.13343650102615 0.312616586685181 0.109224624931812
0.54590215479858 3.56563341617584 0.333170115947723 0.123620063066483
0.599951955758347 3.7056565284729 0.378713607788086 0.134626463055611
0.659353230344131 3.7056565284729 0.422370091080666 0.150525480508804
0.724635828240139 3.7056565284729 0.45998840034008 0.16944620013237
0.796382059575582 3.7056565284729 0.492104351520538 0.177609086036682
0.875231889036086 3.84656143188477 0.579357475042343 0.197969004511833
0.961888644244345 3.84656143188477 0.629894971847534 0.222618244588375
1.05712528932784 3.93300080299377 0.685126915574074 0.237947538495064
1.16179131963283 3.93300080299377 0.744930908083916 0.269618168473244
1.27682033908432 4.04104995727539 0.807514771819115 0.294846966862679
1.4032383877809 4.04104995727539 0.921398222446442 0.319805562496185
1.54217309410505 4.19232761859894 0.993720769882202 0.355729162693024
1.69486373298454 4.19232761859894 1.11058962345123 0.409482944756746
1.86438038854372 4.19232761859894 1.23817050457001 0.438101246953011
2.0489727885339 4.19232761859894 1.33566123247147 0.484557524323463
2.25184169172242 4.19232761859894 1.49855399131775 0.54773760586977
2.4747966556489 4.19232761859894 1.61752893030643 0.599707551300526
2.7198264022398 4.19232761859894 1.80712413787842 0.63715261220932
2.98911655688376 4.19232761859894 2.00238865613937 0.744405686855316
3.28506914385371 4.19232761859894 2.14896230399609 0.788269698619843
3.61032401197175 4.19232761859894 2.42401736974716 0.864407531917095
3.96778238163021 4.19232761859894 2.62389063835144 0.984000325202942
4.36063272320454 4.19232761859894 2.87270419299603 1.06954026222229
4.79237919768918 4.19232761859894 3.21630525588989 1.16600959002972
5.2668729132423 4.19232761859894 3.58508412539959 1.26609602570534
5.78834627644265 4.19232761859894 3.82921272516251 1.433444917202
6.36145074466621 4.19232761859894 4.04633831977844 1.54394851624966
6.99129831632754 4.19232761859894 4.48890168964863 1.68357825279236
7.68350712907217 4.19232761859894 4.94492095708847 1.87009477615356
8.45199512379247 4.19232761859894 5.48525071144104 2.09526477754116
9.28882760400582 4.19232761859894 5.8000031709671 2.30398820340633
10.2085149119472 4.19232761859894 6.11803984642029 2.53931188583374
11.2192605084528 4.19232761859894 6.60694026947021 2.81113040447235
12.330080079446 4.19232761859894 6.6725640296936 3.06061410903931
13.5508819543863 4.19232761859894 6.69063663482666 3.40255333483219
14.8925554869521 4.19232761859894 6.69344067573547 3.80495071411133
16.3670681863003 4.19232761859894 6.69344067573547 4.11722493171692
17.9875724652967 4.19232761859894 6.69447779655457 4.56255938112736
19.7685229578944 4.19232761859894 6.69447779655457 5.09808731079102
21.7258054521118 4.19232761859894 6.69447779655457 5.44223874807358
23.8768785886714 4.19232761859894 6.69447779655457 6.06937634944916
26.2409295892292 4.19232761859894 6.69447779655457 6.66582372784615
28.8390454032626 4.19232761859894 6.69447779655457 7.43044829368591
31.6944008002223 4.19232761859894 6.69447779655457 8.01169681549072
34.8324650846968 4.19232761859894 6.69447779655457 8.9692770242691
38.3163339475004 4.19232761859894 6.69447779655457 9.83159658312798
42.1100361799719 4.19232761859894 6.69447779655457 10.6659731268883
46.2793530693252 4.19232761859894 6.69447779655457 11.6694134473801
50.8614742424258 4.19232761859894 6.69447779655457 13.0926749259233
55.8972714730444 4.19232761859894 6.69447779655457 14.1490360498428
61.4316632514152 4.19232761859894 6.69447779655457 14.2666231393814
67.5140154498445 4.19232761859894 6.69447779655457 15.8049087524414
74.1985816582434 4.19232761859894 6.69447779655457 18.1637229919434
81.5449871173038 4.19232761859894 6.69447779655457 20.8395175933838
89.6187605659235 4.19232761859894 6.83044576644897 22.5857372283936
98.4919187468734 4.19232761859894 6.83044576644897 24.9962515830994
108.243608784401 4.19232761859894 7.54523754119873 28.1622846126556
118.960814163673 4.19232761859894 7.54523754119873 31.032109066844
130.739130609284 4.19232761859894 7.54523754119873 32.1305681467056
143.683618783529 4.19232761859894 7.54523754119873 32.1305681467056
157.909741410383 4.19232761859894 7.54523754119873 32.1305681467056
173.703536936922 4.19232761859894 7.54523754119873 32.1305681467056
190.901933233621 4.19232761859894 7.54523754119873 32.1305681467056
209.803143649102 4.19232761859894 7.57899594306946 32.4751039743423
230.575763898515 4.19232761859894 7.81135749816895 33.5564239025116
253.405082367608 4.19232761859894 7.81135749816895 33.5564239025116
278.494732854913 4.19232761859894 7.81135749816895 33.5564239025116
306.068510952025 4.19232761859894 7.81135749816895 33.5564239025116
336.372370263797 4.19232761859894 7.84511590003967 36.1797590255737
369.676616274388 4.19232761859894 7.84511590003967 36.1797590255737
370.015617281199 4.19232761859894 7.84511590003967 36.1797590255737
