0.0387145280838013 0.586059033870697 0.0095100998878479 0.00276625156402588
0.0387500300966981 0.586059033870697 0.0095100998878479 0.00276625156402588
0.0425866726076336 0.586059033870697 0.0095100998878479 0.00276625156402588
0.0468031812946723 0.586059033870697 0.0095100998878479 0.00276625156402588
0.0514371667278207 0.586059033870697 0.0095100998878479 0.00276625156402588
0.0565299633015929 0.586059033870697 0.0095100998878479 0.00276625156402588
0.0621269979310704 0.586059033870697 0.0095100998878479 0.00276625156402588
0.068278195252578 0.586059033870697 0.0095100998878479 0.00276625156402588
0.0750384229432996 0.586059033870697 0.0184588432312012 0.00276625156402588
0.0824679811320132 0.586059033870697 0.0184588432312012 0.00276625156402588
0.0907162527069789 0.586059033870697 0.0184588432312012 0.00276625156402588
0.0996980736423392 0.586059033870697 0.0184588432312012 0.00276625156402588
0.109569185139287 0.586059033870697 0.0184588432312012 0.00276625156402588
0.120417635902936 0.586059033870697 0.0184588432312012 0.00276625156402588
0.132340192345309 0.586059033870697 0.0184588432312012 0.00276625156402588
0.145443201725957 0.586059033870697 0.0184588432312012 0.00276625156402588
0.159843540752169 0.967256665229797 0.041483461856842 0.0246548652648926
0.175669658100152 0.967256665229797 0.0536837875843048 0.0246548652648926
0.193062720156276 0.967256665229797 0.0872058272361755 0.0295685529708862
0.212177870198225 1.85931992530823 0.0891095995903015 0.0429313182830811
0.233185612247737 1.9137766957283 0.0891095995903015 0.0495028495788574
0.25627333193868 1.9137766957283 0.105839431285858 0.05275908857584
0.281646967966354 2.74790793657303 0.148346722126007 0.0663962960243225
0.309532849027073 2.74790793657303 0.161280632019043 0.0767043977975845
0.340179712633237 2.74790793657303 0.181079894304276 0.0767043977975845
0.373860923811385 2.74790793657303 0.211102813482285 0.100243382155895
0.411253695994416 3.10663169622421 0.257826747372746 0.112014770507812
0.451971945990459 3.10663169622421 0.303119152784348 0.115432858467102
0.496721712052834 3.12219077348709 0.303119152784348 0.134660065174103
0.54590215479858 3.56563341617584 0.34882003068924 0.155112236738205
0.599951955758347 3.56563341617584 0.387757033109665 0.171658575534821
0.659353230344131 3.56563341617584 0.442145138978958 0.182854831218719
0.724635828240139 3.56563341617584 0.449735283851624 0.202759683132172
0.796382059575582 3.56563341617584 0.5189548432827 0.227612897753716
0.875231889036086 3.84656143188477 0.54986771941185 0.245435044169426
0.961888644244345 3.84656143188477 0.646601885557175 0.277827888727188
1.05712528932784 3.84656143188477 0.673569411039352 0.298613086342812
1.16179131963283 3.84656143188477 0.775985270738602 0.331046387553215
1.27682033908432 3.98659324645996 0.828821569681168 0.3790373057127
1.4032383877809 4.04104137420654 0.953095823526382 0.408385530114174
1.54217309410505 4.04104995727539 1.02997723221779 0.459101021289825
1.69486373298454 4.17070913314819 1.1617751121521 0.493532374501228
1.86438038854372 4.17070913314819 1.28235042095184 0.54866935312748
2.0489727885339 4.17070913314819 1.37011981010437 0.596025884151459
2.25184169172242 4.17070913314819 1.51135846972466 0.649220064282417
2.4747966556489 4.17070913314819 1.69387605786324 0.744656398892403
2.7198264022398 4.17070913314819 1.85372170805931 0.80254690349102
2.98911655688376 4.19232761859894 2.09219428896904 0.882480263710022
3.28506914385371 4.19232761859894 2.22464796900749 0.967181608080864
3.61032401197175 4.19232761859894 2.5222926735878 1.05749742686749
3.96778238163021 4.19232761859894 2.70087456703186 1.13293464481831
4.36063272320454 4.19232761859894 3.00728061795235 1.26924993097782
4.79237919768918 4.19232761859894 3.28711703419685 1.43053366243839
5.2668729132423 4.19232761859894 3.7477665245533 1.52490466833115
5.78834627644265 4.19232761859894 3.92689925432205 1.62604296207428
6.36145074466621 4.19232761859894 4.20100954174995 1.75940048694611
6.99129831632754 4.19232761859894 4.64058841764927 1.94975525140762
7.68350712907217 4.19232761859894 5.07140702009201 2.10267293453217
8.45199512379247 4.19232761859894 5.44284063577652 2.27553981542587
9.28882760400582 4.19232761859894 5.66851103305817 2.62663207948208
10.2085149119472 4.19232761859894 6.12440550327301 2.88056343793869
11.2192605084528 4.19232761859894 6.55574607849121 3.27843707799911
12.330080079446 4.19232761859894 6.63752508163452 3.65647941827774
13.5508819543863 4.19232761859894 6.67349576950073 4.01135508716106
14.8925554869521 4.19232761859894 6.67349576950073 4.38934373855591
16.3670681863003 4.19232761859894 6.78620767593384 4.6062947511673
17.9875724652967 4.19232761859894 6.78620767593384 4.87968701124191
19.7685229578944 4.19232761859894 6.78620767593384 5.23064053058624
21.7258054521118 4.19232761859894 6.78620767593384 5.34391963481903
23.8768785886714 4.19232761859894 7.02563667297363 6.02927589416504
26.2409295892292 4.19232761859894 7.02563667297363 6.02927589416504
28.8390454032626 4.19232761859894 7.02563667297363 6.02927589416504
31.6944008002223 4.19232761859894 7.02563667297363 6.02927589416504
34.8324650846968 4.19232761859894 7.02563667297363 6.64214897155762
38.3163339475004 4.19232761859894 7.02563667297363 7.32674956321716
42.1100361799719 4.19232761859894 7.02563667297363 10.625813305378
46.2793530693252 4.19232761859894 7.02563667297363 11.0504134893417
50.8614742424258 4.19232761859894 7.02563667297363 14.1731853485107
55.8972714730444 4.19232761859894 7.02563667297363 14.1731853485107
61.4316632514152 4.19232761859894 7.02563667297363 14.1731853485107
67.5140154498445 4.19232761859894 7.02563667297363 18.8681945800781
74.1985816582434 4.19232761859894 7.02563667297363 19.8549528121948
81.5449871173038 4.19232761859894 7.02563667297363 22.4402259588242
89.6187605659235 4.19232761859894 7.02563667297363 25.2235988378525
98.4919187468734 4.19232761859894 7.02563667297363 29.5094138979912
108.243608784401 4.19232761859894 7.55437612533569 30.364847779274
118.960814163673 4.19232761859894 7.55437612533569 30.976832151413
130.739130609284 4.19232761859894 7.55437612533569 32.7717986106873
143.683618783529 4.19232761859894 7.55437612533569 32.7717986106873
157.909741410383 4.19232761859894 7.55437612533569 35.0321707725525
173.703536936922 4.19232761859894 7.55437612533569 35.0321707725525
190.901933233621 4.19232761859894 7.55437612533569 35.0321707725525
209.803143649102 4.19232761859894 7.55437612533569 38.4041013717651
230.575763898515 4.19232761859894 8.10613775253296 43.0991106033325
253.405082367608 4.19232761859894 8.10613775253296 43.0991106033325
278.494732854913 4.19232761859894 8.10613775253296 43.0991106033325
306.068510952025 4.19232761859894 8.10613775253296 43.0991106033325
336.372370263797 4.19232761859894 8.10613775253296 43.0991106033325
369.676616274388 4.19232761859894 8.10613775253296 43.0991106033325
370.015617281199 4.19232761859894 8.10613775253296 43.0991106033325
