0.0387145280838013 0.586059033870697 0.00741481781005859 0.00586274266242981
0.0387500300966981 0.586059033870697 0.00741481781005859 0.00586274266242981
0.0425866726076336 0.586059033870697 0.00741481781005859 0.00586274266242981
0.0468031812946723 0.586059033870697 0.00741481781005859 0.00586274266242981
0.0514371667278207 0.586059033870697 0.00741481781005859 0.00586274266242981
0.0565299633015929 0.586059033870697 0.00741481781005859 0.00586274266242981
0.0621269979310704 0.586059033870697 0.00741481781005859 0.00586274266242981
0.068278195252578 0.586059033870697 0.00741481781005859 0.00586274266242981
0.0750384229432996 0.586059033870697 0.016002357006073 0.00586274266242981
0.0824679811320132 0.586059033870697 0.016002357006073 0.00586274266242981
0.0907162527069789 0.586059033870697 0.029641330242157 0.00782066583633423
0.0996980736423392 0.586059033870697 0.029641330242157 0.00782066583633423
0.109569185139287 0.586059033870697 0.029641330242157 0.00782066583633423
0.120417635902936 0.586059033870697 0.029641330242157 0.00782066583633423
0.132340192345309 0.586059033870697 0.029641330242157 0.00782066583633423
0.145443201725957 0.99837489426136 0.0621941536664963 0.0327532291412354
0.159843540752169 0.99837489426136 0.0621941536664963 0.041501060128212
0.175669658100152 0.99837489426136 0.0621941536664963 0.041501060128212
0.193062720156276 0.99837489426136 0.080636128783226 0.041501060128212
0.212177870198225 2.30101633071899 0.104400098323822 0.0524287521839142
0.233185612247737 2.30101633071899 0.104400098323822 0.06036376953125
0.25627333193868 2.30101633071899 0.121251940727234 0.0614044815301895
0.281646967966354 2.74790793657303 0.14067254960537 0.0736901164054871
0.309532849027073 2.74790793657303 0.152008771896362 0.0851503610610962
0.340179712633237 2.74790793657303 0.17814564704895 0.101116538047791
0.373860923811385 2.74790793657303 0.20396089553833 0.10470886528492
0.411253695994416 3.10663169622421 0.242354027926922 0.118191212415695
0.451971945990459 3.13343650102615 0.287455499172211 0.128731727600098
0.496721712052834 3.13343650102615 0.302726499736309 0.147053256630898
0.54590215479858 3.56563341617584 0.332296878099442 0.155131161212921
0.599951955758347 3.7056565284729 0.371055364608765 0.174751132726669
0.659353230344131 3.7056565284729 0.42339550703764 0.192426934838295
0.724635828240139 3.7056565284729 0.456784404814243 0.211401864886284
0.796382059575582 3.7056565284729 0.492041110992432 0.241369962692261
0.875231889036086 3.84656143188477 0.569700658321381 0.257248476147652
0.961888644244345 3.84656143188477 0.619008839130402 0.280718088150024
1.05712528932784 3.93300080299377 0.679857738316059 0.310240343213081
1.16179131963283 3.93300080299377 0.743956044316292 0.347815051674843
1.27682033908432 4.04104995727539 0.806164346635342 0.374200701713562
1.4032383877809 4.04104995727539 0.911717236042023 0.424599885940552
1.54217309410505 4.19232761859894 0.987451255321503 0.470783814787865
1.69486373298454 4.19232761859894 1.11200398206711 0.520099997520447
1.86438038854372 4.19232761859894 1.22904229164124 0.568236172199249
2.0489727885339 4.19232761859894 1.32928454875946 0.610993713140488
2.25184169172242 4.19232761859894 1.49032413959503 0.675623834133148
2.4747966556489 4.19232761859894 1.61631670594215 0.741901129484177
2.7198264022398 4.19232761859894 1.798544049263 0.821476310491562
2.98911655688376 4.19232761859894 1.99683110415936 0.88244691491127
3.28506914385371 4.19232761859894 2.13658498972654 1.00222709774971
3.61032401197175 4.19232761859894 2.41941702365875 1.09219479560852
3.96778238163021 4.19232761859894 2.5857093334198 1.19205039739609
4.36063272320454 4.19232761859894 2.86669462174177 1.30443868041039
4.79237919768918 4.19232761859894 3.20190250873566 1.44514140486717
5.2668729132423 4.19232761859894 3.58026497811079 1.58325147628784
5.78834627644265 4.19232761859894 3.77529847621918 1.76890134811401
6.36145074466621 4.19232761859894 4.04050397872925 1.89015316963196
6.99129831632754 4.19232761859894 4.45225232839584 2.1084064245224
7.68350712907217 4.19232761859894 4.89686018228531 2.24881684780121
8.45199512379247 4.19232761859894 5.39509737491608 2.52310180664062
9.28882760400582 4.19232761859894 5.66169118881226 2.70170712471008
10.2085149119472 4.19232761859894 5.96099746227264 2.95069909095764
11.2192605084528 4.19232761859894 6.39908409118652 3.02115964889526
12.330080079446 4.19232761859894 6.49413013458252 3.25947141647339
13.5508819543863 4.19232761859894 6.52888798713684 3.56580591201782
14.8925554869521 4.19232761859894 6.54494118690491 3.78493627905846
16.3670681863003 4.19232761859894 6.57766842842102 4.10756611824036
17.9875724652967 4.19232761859894 6.59372162818909 4.19654703140259
19.7685229578944 4.19232761859894 6.59372162818909 4.99701809883118
21.7258054521118 4.19232761859894 6.59372162818909 4.99701809883118
23.8768785886714 4.19232761859894 6.59372162818909 5.96385669708252
26.2409295892292 4.19232761859894 6.59372162818909 5.96385669708252
28.8390454032626 4.19232761859894 6.59372162818909 6.38445353507996
31.6944008002223 4.19232761859894 6.59372162818909 6.38445353507996
34.8324650846968 4.19232761859894 6.59372162818909 6.38445353507996
38.3163339475004 4.19232761859894 6.59372162818909 6.5062620639801
42.1100361799719 4.19232761859894 6.59372162818909 7.16843593120575
46.2793530693252 4.19232761859894 6.59372162818909 8.06410396099091
50.8614742424258 4.19232761859894 6.59372162818909 8.66514992713928
55.8972714730444 4.19232761859894 6.59372162818909 8.66514992713928
61.4316632514152 4.19232761859894 6.59372162818909 8.79220128059387
67.5140154498445 4.19232761859894 6.59372162818909 9.72026634216309
74.1985816582434 4.19232761859894 6.59372162818909 11.728884935379
81.5449871173038 4.19232761859894 6.59372162818909 13.7778054475784
89.6187605659235 4.19232761859894 6.59372162818909 16.1619700193405
98.4919187468734 4.19232761859894 6.59372162818909 16.9815816879272
108.243608784401 4.19232761859894 7.59417057037354 18.3854162693024
118.960814163673 4.19232761859894 7.59417057037354 18.512467622757
130.739130609284 4.19232761859894 7.59417057037354 19.4548282623291
143.683618783529 4.19232761859894 7.59417057037354 19.4548282623291
157.909741410383 4.19232761859894 7.59417057037354 19.4548282623291
173.703536936922 4.19232761859894 7.59417057037354 27.5526943206787
190.901933233621 4.19232761859894 7.59417057037354 27.5526943206787
209.803143649102 4.19232761859894 7.92718267440796 36.217844247818
230.575763898515 4.19232761859894 7.92718267440796 36.3448956012726
253.405082367608 4.19232761859894 7.92718267440796 36.3448956012726
278.494732854913 4.19232761859894 7.92718267440796 36.3448956012726
306.068510952025 4.19232761859894 7.92718267440796 36.3448956012726
336.372370263797 4.19232761859894 7.92718267440796 36.3448956012726
369.676616274388 4.19232761859894 7.92718267440796 36.3448956012726
370.015617281199 4.19232761859894 7.92718267440796 36.3448956012726
