0.0194894644874591 0.586059033870697 0.00716322660446167 0.00266337394714355
0.0195076157341004 0.586059033870697 0.00716322660446167 0.00266337394714355
0.0214706726399789 0.586059033870697 0.00716322660446167 0.00266337394714355
0.0236312725192399 0.586059033870697 0.00716322660446167 0.00266337394714355
0.0260092941773403 0.586059033870697 0.00716322660446167 0.00266337394714355
0.02862661682957 0.586059033870697 0.00716322660446167 0.00266337394714355
0.0315073214028609 0.586059033870697 0.0156597793102264 0.00384905934333801
0.0346779120946542 0.586059033870697 0.0156597793102264 0.00384905934333801
0.0381675602272991 0.586059033870697 0.0156597793102264 0.00384905934333801
0.0420083726415892 0.586059033870697 0.0156597793102264 0.00384905934333801
0.0462787480746938 0.586059033870697 0.0156597793102264 0.00384905934333801
0.0509357916233132 0.586059033870697 0.0156597793102264 0.00384905934333801
0.056061474785492 0.586059033870697 0.0156597793102264 0.00384905934333801
0.0617029568985016 0.586059033870697 0.0156597793102264 0.00384905934333801
0.0679121429571029 0.586059033870697 0.0239942669868469 0.00384905934333801
0.0747461611704054 0.768446087837219 0.0465245991945267 0.0288054347038269
0.0822678885754094 0.967256665229797 0.0465245991945267 0.0335143208503723
0.0905465295431877 1.00701880455017 0.0465245991945267 0.0335143208503723
0.0996582525003081 1.9137766957283 0.0484664738178253 0.0401464700698853
0.109686890723714 1.9137766957283 0.0900280475616455 0.0432560443878174
0.120724713656792 1.9137766957283 0.0932233333587646 0.0432560443878174
0.132873275843195 2.74790793657303 0.0932233333587646 0.0486811101436615
0.146244351289115 2.74790793657303 0.121250033378601 0.059738501906395
0.160960961850701 2.74790793657303 0.128840811550617 0.0680744647979736
0.177158509108387 2.74790793657303 0.160549640655518 0.081360936164856
0.194986020142061 2.80583125352859 0.202272653579712 0.0869036018848419
0.214807390451206 2.80583125352859 0.204512186348438 0.0972694754600525
0.23642351909587 3.39448344707489 0.229864366352558 0.107555121183395
0.260214884898814 3.51117664575577 0.272564575076103 0.120675265789032
0.286400382592417 3.51117664575577 0.276162147521973 0.139070719480515
0.315220934348083 3.56563341617584 0.318059496581554 0.154850006103516
0.346941706403675 3.56563341617584 0.350820414721966 0.164909303188324
0.381854548750803 3.56563341617584 0.399168193340302 0.186861395835876
0.420280680328535 3.62527656555176 0.429094478487968 0.20915587246418
0.462573644428912 3.84656143188477 0.481612406671047 0.22442489862442
0.509122561505755 3.84656143188477 0.528640575706959 0.252364367246628
0.560355709314554 3.93300080299377 0.59210529178381 0.278063237667084
0.616744463322841 3.98659324645996 0.650860585272312 0.305283904075623
0.678807633645181 3.98659324645996 0.727988162077963 0.335688412189484
0.74711623840516 4.04104995727539 0.803950816392899 0.369850099086761
0.822298757442146 4.06265139579773 0.888937801122665 0.413791283965111
0.90504691470005 4.17070913314819 0.979268997907639 0.454308092594147
0.997049767162749 4.17070913314819 1.07820070534945 0.498649567365646
1.0973831681079 4.17070913314819 1.18771921098232 0.553727686405182
1.207813147656 4.17070913314819 1.29755602031946 0.606359630823135
1.32935572737641 4.17070913314819 1.45436382293701 0.670682400465012
1.46312917137724 4.17070913314819 1.58731907606125 0.731682181358337
1.61036427500108 4.19232761859894 1.71422064304352 0.801313638687134
1.77241568887504 4.19232761859894 1.88577821850777 0.885264217853546
1.95077438250316 4.19232761859894 2.10929501056671 0.966384470462799
2.14708136207369 4.19232761859894 2.29795569181442 1.07377362251282
2.36314276869316 4.19232761859894 2.53099358081818 1.159304022789
2.60094649596008 4.19232761859894 2.69639354944229 1.27019971609116
2.86268047976978 4.19232761859894 2.98898768424988 1.39817827939987
3.15075282862747 4.19232761859894 3.20809745788574 1.51597130298615
3.46781397968047 4.19232761859894 3.48814213275909 1.65586668252945
3.81678108431816 4.19232761859894 3.77984666824341 1.77473741769791
4.2008648477019 4.19232761859894 4.22251510620117 1.91509240865707
4.62790519502682 4.19232761859894 4.36986899375916 2.07705765962601
5.09361260779729 4.19232761859894 4.74500679969788 2.25968384742737
5.6061842896419 4.19232761859894 5.12513303756714 2.47764945030212
6.17033620525356 4.19232761859894 5.48244714736938 2.64889240264893
6.79125888819023 4.19232761859894 5.95271515846252 2.8656240105629
7.47466519687438 4.19232761859894 6.55317068099976 3.1004056930542
8.22684287629239 4.19232761859894 6.57934665679932 3.36416935920715
9.05471240899251 4.19232761859894 6.58909797668457 3.61880373954773
9.96589068764523 4.19232761859894 6.58909797668457 3.8361291885376
10.9687610949915 4.19232761859894 6.58909797668457 4.08064270019531
12.072550635956 4.19232761859894 6.58909797668457 4.32400822639465
13.2874148315868 4.19232761859894 6.58909797668457 4.63006544113159
14.6245311558961 4.19232761859894 6.58909797668457 5.03241276741028
16.0962018752773 4.19232761859894 6.58909797668457 5.03241276741028
17.7159672366814 4.19232761859894 6.58909797668457 5.11449551582336
19.4987300459514 4.19232761859894 6.58909797668457 5.51684284210205
21.4808800919766 4.19232761859894 6.58909797668457 5.57263898849487
23.6425071500281 4.19232761859894 6.58909797668457 6.00643348693848
26.0216593522121 4.19232761859894 6.58909797668457 6.81022071838379
28.6402263154973 4.19232761859894 6.58909797668457 7.47340250015259
31.5223004152183 4.19232761859894 6.58909797668457 8.01362872123718
34.6943984492749 4.19232761859894 6.58909797668457 8.40908074378967
38.1857056084627 4.19232761859894 6.58909797668457 9.54234600067139
42.0283439976073 4.19232761859894 6.58909797668457 10.0099973678589
46.2576681780564 4.19232761859894 6.58909797668457 10.4612455368042
50.9125904506965 4.19232761859894 6.58909797668457 10.4612455368042
56.0359388722924 4.19232761859894 6.58909797668457 11.19553399086
61.674851299112 4.19232761859894 6.58909797668457 11.3442710042
67.8812090832727 4.19232761859894 6.58909797668457 12.1587074398994
74.7121144120754 4.19232761859894 6.58909797668457 14.4304053783417
82.2304156821292 4.19232761859894 6.58909797668457 17.7021641731262
90.5052857420251 4.19232761859894 6.58909797668457 17.7021641731262
99.7056313992196 4.19232761859894 7.51841068267822 17.7021641731262
109.739037374665 4.19232761859894 7.51841068267822 17.7021641731262
120.782107840023 4.19232761859894 7.51841068267822 17.7021641731262
132.936445619368 4.19232761859894 7.51841068267822 17.7021641731262
146.313877857786 4.19232761859894 7.51841068267822 17.7021641731262
161.037484897703 4.19232761859894 7.51841068267822 17.7021641731262
177.242732691319 4.19232761859894 7.51841068267822 17.7021641731262
195.078719168039 4.19232761859894 7.51841068267822 17.7021641731262
214.709546024206 4.19232761859894 7.51841068267822 17.7021641731262
214.909512828253 4.19232761859894 7.51841068267822 17.7021641731262
