0.0387145280838013 0.586059033870697 0.00627720355987549 0.00804102420806885
0.0387500300966981 0.586059033870697 0.00627720355987549 0.00804102420806885
0.0425866726076336 0.586059033870697 0.00627720355987549 0.00804102420806885
0.0468031812946723 0.586059033870697 0.00627720355987549 0.00804102420806885
0.0514371667278207 0.586059033870697 0.00627720355987549 0.00804102420806885
0.0565299633015929 0.586059033870697 0.00627720355987549 0.00804102420806885
0.0621269979310704 0.586059033870697 0.00627720355987549 0.00804102420806885
0.068278195252578 0.586059033870697 0.00627720355987549 0.00804102420806885
0.0750384229432996 0.586059033870697 0.0145637989044189 0.00804102420806885
0.0824679811320132 0.586059033870697 0.0145637989044189 0.00804102420806885
0.0907162527069789 0.586059033870697 0.028658390045166 0.00804102420806885
0.0996980736423392 0.586059033870697 0.028658390045166 0.00804102420806885
0.109569185139287 0.586059033870697 0.028658390045166 0.00804102420806885
0.120417635902936 0.586059033870697 0.028658390045166 0.00804102420806885
0.132340192345309 0.586059033870697 0.028658390045166 0.00804102420806885
0.145443201725957 0.99837489426136 0.069658175110817 0.0262945890426636
0.159843540752169 0.99837489426136 0.069658175110817 0.0402433276176453
0.175669658100152 0.99837489426136 0.069658175110817 0.0402433276176453
0.193062720156276 0.99837489426136 0.0752139538526535 0.0402433276176453
0.212177870198225 2.30101633071899 0.0989174246788025 0.045724630355835
0.233185612247737 2.30101633071899 0.0989174246788025 0.0644484758377075
0.25627333193868 2.30101633071899 0.116146832704544 0.0644917190074921
0.281646967966354 2.74790793657303 0.135390356183052 0.07590252161026
0.309532849027073 2.74790793657303 0.144448518753052 0.0765931010246277
0.340179712633237 2.74790793657303 0.181856751441956 0.089226245880127
0.373860923811385 2.74790793657303 0.197667181491852 0.098511278629303
0.411253695994416 3.10663169622421 0.229433014988899 0.110199362039566
0.451971945990459 3.13343650102615 0.273870408535004 0.116383403539658
0.496721712052834 3.13343650102615 0.305479407310486 0.130968570709229
0.54590215479858 3.56563341617584 0.318753242492676 0.148535251617432
0.599951955758347 3.7056565284729 0.365747451782227 0.174779236316681
0.659353230344131 3.7056565284729 0.405447527766228 0.199572801589966
0.724635828240139 3.7056565284729 0.437603399157524 0.201716274023056
0.796382059575582 3.7056565284729 0.468764364719391 0.230157434940338
0.875231889036086 3.84656143188477 0.558522522449493 0.250009655952454
0.961888644244345 3.84656143188477 0.608135223388672 0.273120030760765
1.05712528932784 3.93300080299377 0.661526963114738 0.304627358913422
1.16179131963283 3.93300080299377 0.71089594066143 0.328339189291
1.27682033908432 4.04104995727539 0.789170101284981 0.369716882705688
1.4032383877809 4.04104995727539 0.887078404426575 0.40821760892868
1.54217309410505 4.19232761859894 0.957637146115303 0.449594020843506
1.69486373298454 4.19232761859894 1.0660982131958 0.488868594169617
1.86438038854372 4.19232761859894 1.19307231903076 0.53319263458252
2.0489727885339 4.19232761859894 1.28176212310791 0.578157156705856
2.25184169172242 4.19232761859894 1.44338119029999 0.642035245895386
2.4747966556489 4.19232761859894 1.56643290817738 0.705412745475769
2.7198264022398 4.19232761859894 1.74072201550007 0.780011236667633
2.98911655688376 4.19232761859894 1.9484965801239 0.857928156852722
3.28506914385371 4.19232761859894 2.07391239702702 0.955692797899246
3.61032401197175 4.19232761859894 2.33369874954224 1.0395140349865
3.96778238163021 4.19232761859894 2.53216242790222 1.13677096366882
4.36063272320454 4.19232761859894 2.76167833805084 1.22373357415199
4.79237919768918 4.19232761859894 3.10031974315643 1.3765624165535
5.2668729132423 4.19232761859894 3.43773408234119 1.47619265317917
5.78834627644265 4.19232761859894 3.70771825313568 1.68508580327034
6.36145074466621 4.19232761859894 3.91919189691544 1.78914633393288
6.99129831632754 4.19232761859894 4.3309755474329 1.9342303276062
7.68350712907217 4.19232761859894 4.80042225122452 2.12183672189713
8.45199512379247 4.19232761859894 5.33372128009796 2.28509059548378
9.28882760400582 4.19232761859894 5.68435704708099 2.50571405887604
10.2085149119472 4.19232761859894 6.00778305530548 2.76301056146622
11.2192605084528 4.19232761859894 6.51598215103149 2.92404693365097
12.330080079446 4.19232761859894 6.58444166183472 3.56215119361877
13.5508819543863 4.19232761859894 6.61778402328491 3.6585059762001
14.8925554869521 4.19232761859894 6.63402271270752 4.03796863555908
16.3670681863003 4.19232761859894 6.63402271270752 4.25641918182373
17.9875724652967 4.19232761859894 6.63402271270752 4.282874584198
19.7685229578944 4.19232761859894 6.63402271270752 5.1186957359314
21.7258054521118 4.19232761859894 6.63402271270752 5.1186957359314
23.8768785886714 4.19232761859894 6.63402271270752 6.3641722202301
26.2409295892292 4.19232761859894 6.63402271270752 6.3641722202301
28.8390454032626 4.19232761859894 6.63402271270752 6.3641722202301
31.6944008002223 4.19232761859894 6.63402271270752 6.3641722202301
34.8324650846968 4.19232761859894 6.63402271270752 6.3641722202301
38.3163339475004 4.19232761859894 6.63402271270752 6.81379818916321
42.1100361799719 4.19232761859894 6.63402271270752 9.46049040555954
46.2793530693252 4.19232761859894 6.63402271270752 10.1409657001495
50.8614742424258 4.19232761859894 6.63402271270752 10.4755094051361
55.8972714730444 4.19232761859894 6.63402271270752 10.7585318088531
61.4316632514152 4.19232761859894 6.63402271270752 10.9615786075592
67.5140154498445 4.19232761859894 6.63402271270752 13.3115215301514
74.1985816582434 4.19232761859894 6.63402271270752 16.1695687770844
81.5449871173038 4.19232761859894 6.63402271270752 16.7576770782471
89.6187605659235 4.19232761859894 6.63402271270752 19.7609241008759
98.4919187468734 4.19232761859894 6.63402271270752 22.7601605057716
108.243608784401 4.19232761859894 7.675452709198 23.9172661304474
118.960814163673 4.19232761859894 7.675452709198 24.2731001377106
130.739130609284 4.19232761859894 7.675452709198 26.3281478881836
143.683618783529 4.19232761859894 7.675452709198 26.3281478881836
157.909741410383 4.19232761859894 7.675452709198 26.3281478881836
173.703536936922 4.19232761859894 7.675452709198 35.7574005126953
190.901933233621 4.19232761859894 7.675452709198 35.7574005126953
209.803143649102 4.19232761859894 7.91623759269714 46.3631451129913
230.575763898515 4.19232761859894 7.91623759269714 46.7356264591217
253.405082367608 4.19232761859894 7.91623759269714 46.7356264591217
278.494732854913 4.19232761859894 7.91623759269714 46.7356264591217
306.068510952025 4.19232761859894 7.91623759269714 46.7356264591217
336.372370263797 4.19232761859894 7.91623759269714 46.7356264591217
369.676616274388 4.19232761859894 7.91623759269714 46.7356264591217
370.015617281199 4.19232761859894 7.91623759269714 46.7356264591217
