0.0387145280838013 0.586059033870697 0.00757831335067749 0.00121921300888062
0.0387500300966981 0.586059033870697 0.00757831335067749 0.00121921300888062
0.0425866726076336 0.586059033870697 0.00757831335067749 0.00121921300888062
0.0468031812946723 0.586059033870697 0.00757831335067749 0.00121921300888062
0.0514371667278207 0.586059033870697 0.00757831335067749 0.00121921300888062
0.0565299633015929 0.586059033870697 0.00757831335067749 0.00121921300888062
0.0621269979310704 0.586059033870697 0.00757831335067749 0.00121921300888062
0.068278195252578 0.586059033870697 0.00757831335067749 0.00121921300888062
0.0750384229432996 0.586059033870697 0.016114354133606 0.00121921300888062
0.0824679811320132 0.586059033870697 0.016114354133606 0.00121921300888062
0.0907162527069789 0.586059033870697 0.016114354133606 0.00121921300888062
0.0996980736423392 0.586059033870697 0.016114354133606 0.00121921300888062
0.109569185139287 0.586059033870697 0.016114354133606 0.00121921300888062
0.120417635902936 0.586059033870697 0.016114354133606 0.00121921300888062
0.132340192345309 0.586059033870697 0.016114354133606 0.00121921300888062
0.145443201725957 0.586059033870697 0.016114354133606 0.00121921300888062
0.159843540752169 0.967256665229797 0.0465719848871231 0.0183627009391785
0.175669658100152 0.967256665229797 0.0490114986896515 0.0240097641944885
0.193062720156276 0.967256665229797 0.0804228931665421 0.0240097641944885
0.212177870198225 1.85931992530823 0.0864010453224182 0.0403799414634705
0.233185612247737 1.9137766957283 0.0864010453224182 0.0513755679130554
0.25627333193868 1.9137766957283 0.0938223600387573 0.0539385080337524
0.281646967966354 2.74790793657303 0.140769645571709 0.0603092908859253
0.309532849027073 2.74790793657303 0.151587724685669 0.0737496614456177
0.340179712633237 2.74790793657303 0.175801277160645 0.0829185843467712
0.373860923811385 2.74790793657303 0.203357577323914 0.0902750939130783
0.411253695994416 3.10663169622421 0.241633526980877 0.0960828959941864
0.451971945990459 3.10663169622421 0.286541223526001 0.114665269851685
0.496721712052834 3.12219077348709 0.286541223526001 0.123538494110107
0.54590215479858 3.56563341617584 0.331579059362411 0.139205455780029
0.599951955758347 3.56563341617584 0.373713910579681 0.154547393321991
0.659353230344131 3.56563341617584 0.421523563563824 0.168112456798553
0.724635828240139 3.56563341617584 0.421523563563824 0.18559068441391
0.796382059575582 3.56563341617584 0.490307211875916 0.207477197051048
0.875231889036086 3.84656143188477 0.515517294406891 0.236448362469673
0.961888644244345 3.84656143188477 0.622496068477631 0.253542900085449
1.05712528932784 3.84656143188477 0.647841110825539 0.276488825678825
1.16179131963283 3.84656143188477 0.735137164592743 0.314247354865074
1.27682033908432 3.98659324645996 0.79446542263031 0.344276130199432
1.4032383877809 4.04104137420654 0.913648009300232 0.379607677459717
1.54217309410505 4.04104995727539 0.987632870674133 0.412970945239067
1.69486373298454 4.17070913314819 1.10787892341614 0.44480212032795
1.86438038854372 4.17070913314819 1.22973048686981 0.501723065972328
2.0489727885339 4.17070913314819 1.29940521717072 0.54083876311779
2.25184169172242 4.17070913314819 1.43635582923889 0.598852813243866
2.4747966556489 4.17070913314819 1.61176627874374 0.675216495990753
2.7198264022398 4.17070913314819 1.76610649377108 0.722739890217781
2.98911655688376 4.19232761859894 1.98877446353436 0.801016882061958
3.28506914385371 4.19232761859894 2.13631670922041 0.881928265094757
3.61032401197175 4.19232761859894 2.41436153650284 0.969270393252373
3.96778238163021 4.19232761859894 2.5958194732666 1.0736585855484
4.36063272320454 4.19232761859894 2.86011081188917 1.18596430122852
4.79237919768918 4.19232761859894 3.13508534431458 1.29659622907639
5.2668729132423 4.19232761859894 3.57087092846632 1.44076125323772
5.78834627644265 4.19232761859894 3.79143756628036 1.57517375051975
6.36145074466621 4.19232761859894 4.0313703417778 1.7318229675293
6.99129831632754 4.19232761859894 4.45767441391945 1.87381654977798
7.68350712907217 4.19232761859894 4.90729343891144 2.08339439332485
8.45199512379247 4.19232761859894 5.2748709321022 2.28952050209045
9.28882760400582 4.19232761859894 5.48164057731628 2.47462998330593
10.2085149119472 4.19232761859894 6.0250837802887 2.72993153333664
11.2192605084528 4.19232761859894 6.48904490470886 3.07472451031208
12.330080079446 4.19232761859894 6.57086873054504 3.28150588274002
13.5508819543863 4.19232761859894 6.59296202659607 3.63491313159466
14.8925554869521 4.19232761859894 6.61239504814148 3.92117023468018
16.3670681863003 4.19232761859894 6.61559414863586 4.16230928897858
17.9875724652967 4.19232761859894 6.63502717018127 4.46351563930511
19.7685229578944 4.19232761859894 6.63502717018127 4.94240403175354
21.7258054521118 4.19232761859894 6.63502717018127 5.71144926548004
23.8768785886714 4.19232761859894 6.63502717018127 6.18756304681301
26.2409295892292 4.19232761859894 6.63502717018127 7.15861868858337
28.8390454032626 4.19232761859894 6.63502717018127 7.65797305107117
31.6944008002223 4.19232761859894 6.63502717018127 8.49290032684803
34.8324650846968 4.19232761859894 6.63502717018127 9.18852257728577
38.3163339475004 4.19232761859894 6.63502717018127 9.53859293460846
42.1100361799719 4.19232761859894 6.63502717018127 10.4937419891357
46.2793530693252 4.19232761859894 6.63502717018127 10.4937419891357
50.8614742424258 4.19232761859894 6.63502717018127 11.1159564256668
55.8972714730444 4.19232761859894 6.63502717018127 11.8088444471359
61.4316632514152 4.19232761859894 6.63502717018127 12.627142906189
67.5140154498445 4.19232761859894 6.63502717018127 13.6255269050598
74.1985816582434 4.19232761859894 6.63502717018127 15.4785766601562
81.5449871173038 4.19232761859894 6.63502717018127 18.617196559906
89.6187605659235 4.19232761859894 6.63502717018127 18.6808667182922
98.4919187468734 4.19232761859894 6.63502717018127 21.9230728149414
108.243608784401 4.19232761859894 7.50631833076477 24.1121261119843
118.960814163673 4.19232761859894 7.50631833076477 26.5345608592033
130.739130609284 4.19232761859894 7.50631833076477 27.7956405878067
143.683618783529 4.19232761859894 7.50631833076477 28.5085105895996
157.909741410383 4.19232761859894 7.50631833076477 29.6161022186279
173.703536936922 4.19232761859894 7.50631833076477 31.4691519737244
190.901933233621 4.19232761859894 7.50631833076477 35.7900676727295
209.803143649102 4.19232761859894 7.50631833076477 40.5036602020264
230.575763898515 4.19232761859894 7.50631833076477 45.0946788787842
253.405082367608 4.19232761859894 7.50631833076477 45.0946788787842
278.494732854913 4.19232761859894 7.50631833076477 45.0946788787842
306.068510952025 4.19232761859894 7.50631833076477 45.0946788787842
336.372370263797 4.19232761859894 7.50631833076477 45.0946788787842
369.676616274388 4.19232761859894 7.50631833076477 45.0946788787842
370.015617281199 4.19232761859894 7.50631833076477 45.0946788787842
