0.0194894644874591 0.586059033870697 0.00750702619552612 0.00159370899200439
0.0195076157341004 0.586059033870697 0.00750702619552612 0.00159370899200439
0.0214706726399789 0.586059033870697 0.00750702619552612 0.00159370899200439
0.0236312725192399 0.586059033870697 0.00750702619552612 0.00159370899200439
0.0260092941773403 0.586059033870697 0.00750702619552612 0.00159370899200439
0.02862661682957 0.586059033870697 0.00750702619552612 0.00159370899200439
0.0315073214028609 0.586059033870697 0.0159622728824615 0.00159370899200439
0.0346779120946542 0.586059033870697 0.0159622728824615 0.00159370899200439
0.0381675602272991 0.586059033870697 0.0159622728824615 0.00159370899200439
0.0420083726415892 0.586059033870697 0.0159622728824615 0.00159370899200439
0.0462787480746938 0.586059033870697 0.0304602384567261 0.00470739603042603
0.0509357916233132 0.586059033870697 0.0304602384567261 0.00470739603042603
0.056061474785492 0.586059033870697 0.0304602384567261 0.00470739603042603
0.0617029568985016 0.586059033870697 0.0304602384567261 0.00470739603042603
0.0679121429571029 0.651752918958664 0.0304602384567261 0.0092390775680542
0.0747461611704054 0.768446087837219 0.0541343688964844 0.0353491306304932
0.0822678885754094 0.967256665229797 0.0541343688964844 0.0353491306304932
0.0905465295431877 1.00701880455017 0.0541343688964844 0.0353491306304932
0.0996582525003081 1.9137766957283 0.0738688707351685 0.0363871455192566
0.109686890723714 2.30101633071899 0.10222464799881 0.041372150182724
0.120724713656792 2.30101633071899 0.102308928966522 0.0550348162651062
0.132873275843195 2.74790793657303 0.105128675699234 0.0550348162651062
0.146244351289115 2.74790793657303 0.142559226602316 0.0771931409835815
0.160960961850701 2.74790793657303 0.169259786605835 0.0771931409835815
0.177158509108387 2.74790793657303 0.177101761102676 0.0915727615356445
0.194986020142061 2.80583125352859 0.224883198738098 0.100137233734131
0.214807390451206 3.0089550614357 0.234517365694046 0.105181865394115
0.23642351909587 3.39448344707489 0.244538545608521 0.120764367282391
0.260214884898814 3.51117664575577 0.294605880975723 0.144858598709106
0.286400382592417 3.51117664575577 0.304887741804123 0.148446679115295
0.315220934348083 3.7056565284729 0.356981217861176 0.164831206202507
0.346941706403675 3.7056565284729 0.384000718593597 0.184268712997437
0.381854548750803 3.7056565284729 0.440936803817749 0.211725205183029
0.420280680328535 3.70566511154175 0.478323455899954 0.225829601287842
0.462573644428912 3.84656143188477 0.525536682456732 0.254846483469009
0.509122561505755 3.93300080299377 0.584359619766474 0.277383476495743
0.560355709314554 3.93300080299377 0.654381155967712 0.306642115116119
0.616744463322841 4.19232761859894 0.724112898111343 0.338718205690384
0.678807633645181 4.19232761859894 0.795509908348322 0.376578748226166
0.74711623840516 4.19232761859894 0.881665259599686 0.423323601484299
0.822298757442146 4.19232761859894 0.975900024175644 0.468266367912292
0.90504691470005 4.19232761859894 1.06650921702385 0.510103762149811
0.997049767162749 4.19232761859894 1.1800636947155 0.560954600572586
1.0973831681079 4.19232761859894 1.30531379580498 0.611342072486877
1.207813147656 4.19232761859894 1.42131346464157 0.676644682884216
1.32935572737641 4.19232761859894 1.58867084980011 0.744365930557251
1.46312917137724 4.19232761859894 1.73570230882615 0.821570456027985
1.61036427500108 4.19232761859894 1.86911109089851 0.888787090778351
1.77241568887504 4.19232761859894 2.0893263220787 0.981856882572174
1.95077438250316 4.19232761859894 2.30500477552414 1.07989665865898
2.14708136207369 4.19232761859894 2.50409096479416 1.19013947248459
2.36314276869316 4.19232761859894 2.76907253265381 1.30365979671478
2.60094649596008 4.19232761859894 2.92693090438843 1.41842415928841
2.86268047976978 4.19232761859894 3.21499633789062 1.54884684085846
3.15075282862747 4.19232761859894 3.49401605129242 1.69884771108627
3.46781397968047 4.19232761859894 3.73699843883514 1.82442474365234
3.81678108431816 4.19232761859894 4.03117382526398 1.91160923242569
4.2008648477019 4.19232761859894 4.49635457992554 2.1053758263588
4.62790519502682 4.19232761859894 4.69510293006897 2.2594952583313
5.09361260779729 4.19232761859894 4.97619676589966 2.39209461212158
5.6061842896419 4.19232761859894 5.37173962593079 2.58837205171585
6.17033620525356 4.19232761859894 5.72306203842163 2.76361471414566
6.79125888819023 4.19232761859894 6.27218461036682 2.96701395511627
7.47466519687438 4.19232761859894 6.77363419532776 3.19353151321411
8.22684287629239 4.19232761859894 6.77363419532776 3.41795891523361
9.05471240899251 4.19232761859894 6.77363419532776 3.67114394903183
9.96589068764523 4.19232761859894 6.77363419532776 3.93813008069992
10.9687610949915 4.19232761859894 6.77363419532776 4.38480830192566
12.072550635956 4.19232761859894 6.77363419532776 4.67507386207581
13.2874148315868 4.19232761859894 6.77363419532776 4.86448836326599
14.6245311558961 4.19232761859894 6.77363419532776 5.35487747192383
16.0962018752773 4.19232761859894 6.77363419532776 5.35487747192383
17.7159672366814 4.19232761859894 6.77363419532776 5.6644766330719
19.4987300459514 4.19232761859894 6.77363419532776 6.40442657470703
21.4808800919766 4.19232761859894 6.77363419532776 7.41756695508957
23.6425071500281 4.19232761859894 6.77363419532776 7.96114140748978
26.0216593522121 4.19232761859894 6.77363419532776 8.42149686813354
28.6402263154973 4.19232761859894 6.77363419532776 9.36880654096603
31.5223004152183 4.19232761859894 6.77363419532776 10.37273645401
34.6943984492749 4.19232761859894 6.77363419532776 10.37273645401
38.1857056084627 4.19232761859894 6.77363419532776 10.37273645401
42.0283439976073 4.19232761859894 6.77363419532776 10.37273645401
46.2576681780564 4.19232761859894 6.77363419532776 10.37273645401
50.9125904506965 4.19232761859894 6.77363419532776 10.37273645401
56.0359388722924 4.19232761859894 6.77363419532776 10.37273645401
61.674851299112 4.19232761859894 6.77363419532776 10.37273645401
67.8812090832727 4.19232761859894 6.77363419532776 10.37273645401
74.7121144120754 4.19232761859894 6.77363419532776 11.1549941301346
82.2304156821292 4.19232761859894 6.77363419532776 13.0953974723816
90.5052857420251 4.19232761859894 6.95353484153748 13.0953974723816
99.7056313992196 4.19232761859894 7.47494268417358 13.5452418327332
109.739037374665 4.19232761859894 7.47494268417358 14.6816501617432
120.782107840023 4.19232761859894 7.47494268417358 15.1314945220947
132.936445619368 4.19232761859894 7.6548433303833 15.1314945220947
146.313877857786 4.19232761859894 7.6548433303833 15.1314945220947
161.037484897703 4.19232761859894 7.6548433303833 20.7128825187683
177.242732691319 4.19232761859894 7.6548433303833 20.7128825187683
195.078719168039 4.19232761859894 7.6548433303833 28.2268919944763
214.709546024206 4.19232761859894 7.6548433303833 28.2268919944763
214.909512828253 4.19232761859894 7.6548433303833 28.2268919944763
