0.0194894644874591 0.586059033870697 0.00721216201782227 0.00195467472076416
0.0195076157341004 0.586059033870697 0.00721216201782227 0.00195467472076416
0.0214706726399789 0.586059033870697 0.00721216201782227 0.00195467472076416
0.0236312725192399 0.586059033870697 0.00721216201782227 0.00195467472076416
0.0260092941773403 0.586059033870697 0.00721216201782227 0.00195467472076416
0.02862661682957 0.586059033870697 0.00721216201782227 0.00195467472076416
0.0315073214028609 0.586059033870697 0.0156912207603455 0.00963497161865234
0.0346779120946542 0.586059033870697 0.0156912207603455 0.00963497161865234
0.0381675602272991 0.586059033870697 0.0156912207603455 0.00963497161865234
0.0420083726415892 0.586059033870697 0.0156912207603455 0.00963497161865234
0.0462787480746938 0.586059033870697 0.0295462012290955 0.00963497161865234
0.0509357916233132 0.586059033870697 0.0295462012290955 0.00963497161865234
0.056061474785492 0.586059033870697 0.0295462012290955 0.00963497161865234
0.0617029568985016 0.586059033870697 0.0295462012290955 0.00963497161865234
0.0679121429571029 0.651752918958664 0.0295462012290955 0.0258719921112061
0.0747461611704054 0.768446087837219 0.0477495044469833 0.0258719921112061
0.0822678885754094 0.967256665229797 0.0477495044469833 0.0258719921112061
0.0905465295431877 1.00701880455017 0.0477495044469833 0.0289720892906189
0.0996582525003081 1.9137766957283 0.0661665797233582 0.0401706397533417
0.109686890723714 2.30101633071899 0.0919885039329529 0.0401706397533417
0.120724713656792 2.30101633071899 0.0948151350021362 0.0484966635704041
0.132873275843195 2.74790793657303 0.0992458462715149 0.0660391598939896
0.146244351289115 2.74790793657303 0.132946249097586 0.0660391598939896
0.160960961850701 2.74790793657303 0.157766357064247 0.0791708827018738
0.177158509108387 2.74790793657303 0.16602835059166 0.0812851786613464
0.194986020142061 2.80583125352859 0.205865144729614 0.102845370769501
0.214807390451206 3.0089550614357 0.219466663897038 0.109696745872498
0.23642351909587 3.39448344707489 0.231838759034872 0.11806058883667
0.260214884898814 3.51117664575577 0.275838777422905 0.13327294588089
0.286400382592417 3.51117664575577 0.280536502599716 0.142720401287079
0.315220934348083 3.7056565284729 0.331725642085075 0.166243761777878
0.346941706403675 3.7056565284729 0.35470861941576 0.188158258795738
0.381854548750803 3.7056565284729 0.409055531024933 0.209624946117401
0.420280680328535 3.70566511154175 0.4462662152946 0.226075857877731
0.462573644428912 3.84656143188477 0.488386731594801 0.244673490524292
0.509122561505755 3.93300080299377 0.542325157672167 0.274074606597424
0.560355709314554 3.93300080299377 0.602407023310661 0.303075730800629
0.616744463322841 4.19232761859894 0.66016336530447 0.328855365514755
0.678807633645181 4.19232761859894 0.737736184615642 0.363998137414455
0.74711623840516 4.19232761859894 0.815887480974197 0.410202249884605
0.822298757442146 4.19232761859894 0.902741104364395 0.439471334218979
0.90504691470005 4.19232761859894 0.992620140314102 0.48438349366188
0.997049767162749 4.19232761859894 1.09429126232862 0.530235260725021
1.0973831681079 4.19232761859894 1.2125079035759 0.592486679553986
1.207813147656 4.19232761859894 1.3136574216187 0.647459916770458
1.32935572737641 4.19232761859894 1.47543567419052 0.723688840866089
1.46312917137724 4.19232761859894 1.6079341173172 0.802457392215729
1.61036427500108 4.19232761859894 1.74932320415974 0.872699618339539
1.77241568887504 4.19232761859894 1.92919024825096 0.960635483264923
1.95077438250316 4.19232761859894 2.1380649805069 1.03504039347172
2.14708136207369 4.19232761859894 2.32943111658096 1.14857071638107
2.36314276869316 4.19232761859894 2.5673822760582 1.24280631542206
2.60094649596008 4.19232761859894 2.7259926199913 1.42491567134857
2.86268047976978 4.19232761859894 3.01986110210419 1.51153892278671
3.15075282862747 4.19232761859894 3.25874173641205 1.65940660238266
3.46781397968047 4.19232761859894 3.52164578437805 1.81881403923035
3.81678108431816 4.19232761859894 3.81700479984283 1.96785452961922
4.2008648477019 4.19232761859894 4.26328635215759 2.12855094671249
4.62790519502682 4.19232761859894 4.45880711078644 2.36205244064331
5.09361260779729 4.19232761859894 4.777707695961 2.64627856016159
5.6061842896419 4.19232761859894 5.15502858161926 2.88332319259644
6.17033620525356 4.19232761859894 5.5109760761261 3.16022706031799
6.79125888819023 4.19232761859894 6.08438718318939 3.43073129653931
7.47466519687438 4.19232761859894 6.5780086517334 3.61334323883057
8.22684287629239 4.19232761859894 6.59996795654297 3.675128698349
9.05471240899251 4.19232761859894 6.59996795654297 3.9884729385376
9.96589068764523 4.19232761859894 6.59996795654297 4.27034997940063
10.9687610949915 4.19232761859894 6.59996795654297 4.68323314189911
12.072550635956 4.19232761859894 6.59996795654297 4.82221484184265
13.2874148315868 4.19232761859894 6.59996795654297 5.16093617677689
14.6245311558961 4.19232761859894 6.59996795654297 6.2056188583374
16.0962018752773 4.19232761859894 6.59996795654297 6.56198668479919
17.7159672366814 4.19232761859894 6.59996795654297 6.56198668479919
19.4987300459514 4.19232761859894 6.59996795654297 6.56198668479919
21.4808800919766 4.19232761859894 6.59996795654297 6.9259859919548
23.6425071500281 4.19232761859894 6.59996795654297 7.67876172065735
26.0216593522121 4.19232761859894 6.59996795654297 8.84490513801575
28.6402263154973 4.19232761859894 6.59996795654297 8.84490513801575
31.5223004152183 4.19232761859894 6.59996795654297 10.209499835968
34.6943984492749 4.19232761859894 6.59996795654297 10.2601282596588
38.1857056084627 4.19232761859894 6.59996795654297 10.3646376132965
42.0283439976073 4.19232761859894 6.59996795654297 10.3646376132965
46.2576681780564 4.19232761859894 6.59996795654297 10.3646376132965
50.9125904506965 4.19232761859894 6.59996795654297 10.3646376132965
56.0359388722924 4.19232761859894 6.59996795654297 10.3646376132965
61.674851299112 4.19232761859894 6.59996795654297 12.3497648239136
67.8812090832727 4.19232761859894 6.59996795654297 13.0967707633972
74.7121144120754 4.19232761859894 6.59996795654297 17.7800039052963
82.2304156821292 4.19232761859894 6.59996795654297 19.6587574481964
90.5052857420251 4.19232761859894 6.59996795654297 21.0390534847975
99.7056313992196 4.19232761859894 7.51445412635803 22.7144024372101
109.739037374665 4.19232761859894 7.51445412635803 22.7144024372101
120.782107840023 4.19232761859894 7.51445412635803 24.7338886260986
132.936445619368 4.19232761859894 7.51445412635803 24.7338886260986
146.313877857786 4.19232761859894 7.51445412635803 24.7338886260986
161.037484897703 4.19232761859894 7.51445412635803 34.0280084609985
177.242732691319 4.19232761859894 7.51445412635803 34.0280084609985
195.078719168039 4.19232761859894 7.65585732460022 44.392646074295
214.709546024206 4.19232761859894 7.65585732460022 44.392646074295
214.909512828253 4.19232761859894 7.65585732460022 44.392646074295
