0.0387145280838013 0.586059033870697 0.00724482536315918 0.00088346004486084
0.0387500300966981 0.586059033870697 0.00724482536315918 0.00088346004486084
0.0425866726076336 0.586059033870697 0.00724482536315918 0.00088346004486084
0.0468031812946723 0.586059033870697 0.00724482536315918 0.00088346004486084
0.0514371667278207 0.586059033870697 0.00724482536315918 0.00088346004486084
0.0565299633015929 0.586059033870697 0.00724482536315918 0.00088346004486084
0.0621269979310704 0.586059033870697 0.00724482536315918 0.00088346004486084
0.068278195252578 0.586059033870697 0.00724482536315918 0.00088346004486084
0.0750384229432996 0.586059033870697 0.0156303346157074 0.00284984707832336
0.0824679811320132 0.586059033870697 0.0156303346157074 0.00284984707832336
0.0907162527069789 0.586059033870697 0.030272364616394 0.0120749175548553
0.0996980736423392 0.586059033870697 0.030272364616394 0.0120749175548553
0.109569185139287 0.586059033870697 0.030272364616394 0.0120749175548553
0.120417635902936 0.586059033870697 0.030272364616394 0.0120749175548553
0.132340192345309 0.586059033870697 0.030272364616394 0.0120749175548553
0.145443201725957 0.99837489426136 0.0752552151679993 0.0335425734519958
0.159843540752169 0.99837489426136 0.0752552151679993 0.0335425734519958
0.175669658100152 0.99837489426136 0.0752552151679993 0.0335425734519958
0.193062720156276 0.99837489426136 0.0772800594568253 0.0335425734519958
0.212177870198225 2.30101633071899 0.101349830627441 0.0336735844612122
0.233185612247737 2.30101633071899 0.101349830627441 0.0414547324180603
0.25627333193868 2.30101633071899 0.117199689149857 0.0535044968128204
0.281646967966354 2.74790793657303 0.141397997736931 0.0595727562904358
0.309532849027073 2.74790793657303 0.147413730621338 0.0651446618139744
0.340179712633237 2.74790793657303 0.19180965423584 0.0802875757217407
0.373860923811385 2.74790793657303 0.201003849506378 0.0884588174521923
0.411253695994416 3.10663169622421 0.236263990402222 0.0964386463165283
0.451971945990459 3.13343650102615 0.278566926717758 0.107577364891768
0.496721712052834 3.13343650102615 0.316198825836182 0.122914582490921
0.54590215479858 3.56563341617584 0.329731583595276 0.136554658412933
0.599951955758347 3.7056565284729 0.376410037279129 0.145451184362173
0.659353230344131 3.7056565284729 0.410189613699913 0.157961547374725
0.724635828240139 3.7056565284729 0.447492346167564 0.18743023276329
0.796382059575582 3.7056565284729 0.478939056396484 0.203379675745964
0.875231889036086 3.84656143188477 0.57365745306015 0.230221629142761
0.961888644244345 3.84656143188477 0.624483913183212 0.255394756793976
1.05712528932784 3.93300080299377 0.681016013026237 0.285411417484283
1.16179131963283 3.93300080299377 0.735761687159538 0.316199868917465
1.27682033908432 4.04104995727539 0.821984902024269 0.345091581344604
1.4032383877809 4.04104995727539 0.906523138284683 0.385166872292757
1.54217309410505 4.19232761859894 0.988690599799156 0.420955579727888
1.69486373298454 4.19232761859894 1.10462982952595 0.477753341197968
1.86438038854372 4.19232761859894 1.21559113264084 0.527260020375252
2.0489727885339 4.19232761859894 1.33851811289787 0.574712973088026
2.25184169172242 4.19232761859894 1.51258057355881 0.644120946526527
2.4747966556489 4.19232761859894 1.62007983028889 0.696157619357109
2.7198264022398 4.19232761859894 1.81076409015805 0.777453720569611
2.98911655688376 4.19232761859894 2.01059281826019 0.869741126894951
3.28506914385371 4.19232761859894 2.14290463924408 0.922714948654175
3.61032401197175 4.19232761859894 2.38685417175293 1.02673494815826
3.96778238163021 4.19232761859894 2.5947562456131 1.10571597889066
4.36063272320454 4.19232761859894 2.84024930000305 1.23264215886593
4.79237919768918 4.19232761859894 3.17057055234909 1.35076957941055
5.2668729132423 4.19232761859894 3.49021126329899 1.45113123953342
5.78834627644265 4.19232761859894 3.79380011558533 1.61095196008682
6.36145074466621 4.19232761859894 4.02483895421028 1.71563160419464
6.99129831632754 4.19232761859894 4.41522844135761 1.84330773353577
7.68350712907217 4.19232761859894 4.88866823911667 2.03494513034821
8.45199512379247 4.19232761859894 5.45939743518829 2.16771060228348
9.28882760400582 4.19232761859894 5.83982074260712 2.33658492565155
10.2085149119472 4.19232761859894 6.1754515171051 2.45920723676682
11.2192605084528 4.19232761859894 6.721928358078 2.68293273448944
12.330080079446 4.19232761859894 6.76549553871155 2.94866275787354
13.5508819543863 4.19232761859894 6.79755234718323 3.1394430398941
14.8925554869521 4.19232761859894 6.79755234718323 3.2238085269928
16.3670681863003 4.19232761859894 6.79755234718323 3.22927248477936
17.9875724652967 4.19232761859894 6.79755234718323 3.47274219989777
19.7685229578944 4.19232761859894 6.79755234718323 3.54955720901489
21.7258054521118 4.19232761859894 6.79755234718323 3.78849709033966
23.8768785886714 4.19232761859894 6.79755234718323 3.91708588600159
26.2409295892292 4.19232761859894 6.79755234718323 4.16055560112
28.8390454032626 4.19232761859894 6.79755234718323 4.6590164899826
31.6944008002223 4.19232761859894 6.79755234718323 5.03806889057159
34.8324650846968 4.19232761859894 6.79755234718323 5.03806889057159
38.3163339475004 4.19232761859894 6.79755234718323 5.38009011745453
42.1100361799719 4.19232761859894 6.79755234718323 5.72588229179382
46.2793530693252 4.19232761859894 6.79755234718323 6.06790351867676
50.8614742424258 4.19232761859894 6.79755234718323 6.5466947555542
55.8972714730444 4.19232761859894 6.79755234718323 7.35810315608978
61.4316632514152 4.19232761859894 6.79755234718323 8.04591655731201
67.5140154498445 4.19232761859894 6.79755234718323 8.04591655731201
74.1985816582434 4.19232761859894 6.79755234718323 8.04591655731201
81.5449871173038 4.19232761859894 6.79755234718323 9.68110799789429
89.6187605659235 4.19232761859894 6.79755234718323 10.0186669826508
98.4919187468734 4.19232761859894 6.79755234718323 11.3400042057037
108.243608784401 4.19232761859894 7.62190413475037 13.0576218366623
118.960814163673 4.19232761859894 7.62190413475037 14.9361637830734
130.739130609284 4.19232761859894 7.62190413475037 15.6239771842957
143.683618783529 4.19232761859894 7.62190413475037 15.6239771842957
157.909741410383 4.19232761859894 7.62190413475037 15.6239771842957
173.703536936922 4.19232761859894 7.62190413475037 15.6239771842957
190.901933233621 4.19232761859894 7.62190413475037 15.6239771842957
209.803143649102 4.19232761859894 7.62190413475037 15.6239771842957
230.575763898515 4.19232761859894 7.71185564994812 15.6239771842957
253.405082367608 4.19232761859894 7.71185564994812 15.6239771842957
278.494732854913 4.19232761859894 7.71185564994812 15.6239771842957
306.068510952025 4.19232761859894 7.71185564994812 15.6239771842957
336.372370263797 4.19232761859894 7.71185564994812 15.6239771842957
369.676616274388 4.19232761859894 7.71185564994812 15.6239771842957
370.015617281199 4.19232761859894 7.71185564994812 15.6239771842957
