0.0387145280838013 0.586059033870697 0.00838315486907959 0.000399958342313766
0.0387500300966981 0.586059033870697 0.00838315486907959 0.000399958342313766
0.0425866726076336 0.586059033870697 0.00838315486907959 0.000399958342313766
0.0468031812946723 0.586059033870697 0.00838315486907959 0.000399958342313766
0.0514371667278207 0.586059033870697 0.00838315486907959 0.000399958342313766
0.0565299633015929 0.586059033870697 0.00838315486907959 0.000399958342313766
0.0621269979310704 0.586059033870697 0.00838315486907959 0.000399958342313766
0.068278195252578 0.586059033870697 0.00838315486907959 0.000399958342313766
0.0750384229432996 0.586059033870697 0.017109602689743 0.00204983353614807
0.0824679811320132 0.586059033870697 0.017109602689743 0.00204983353614807
0.0907162527069789 0.586059033870697 0.0309366583824158 0.00204983353614807
0.0996980736423392 0.586059033870697 0.0309366583824158 0.00204983353614807
0.109569185139287 0.586059033870697 0.0309366583824158 0.00204983353614807
0.120417635902936 0.586059033870697 0.0309366583824158 0.00204983353614807
0.132340192345309 0.586059033870697 0.0309366583824158 0.00204983353614807
0.145443201725957 0.99837489426136 0.0632710456848145 0.0230388715863228
0.159843540752169 0.99837489426136 0.0632710456848145 0.0243494212627411
0.175669658100152 0.99837489426136 0.0632710456848145 0.0373242124915123
0.193062720156276 0.99837489426136 0.0836044698953629 0.0373242124915123
0.212177870198225 2.30101633071899 0.107555270195007 0.0420304536819458
0.233185612247737 2.30101633071899 0.107555270195007 0.0571562051773071
0.25627333193868 2.30101633071899 0.123430758714676 0.0571562051773071
0.281646967966354 2.74790793657303 0.144222125411034 0.0571562051773071
0.309532849027073 2.74790793657303 0.156063675880432 0.0703487247228622
0.340179712633237 2.74790793657303 0.182609021663666 0.0750045701861382
0.373860923811385 2.74790793657303 0.20702913403511 0.0842876136302948
0.411253695994416 3.10663169622421 0.249207310378551 0.0955235958099365
0.451971945990459 3.13343650102615 0.29441836476326 0.117429554462433
0.496721712052834 3.13343650102615 0.308345012366772 0.117429554462433
0.54590215479858 3.56563341617584 0.339663296937943 0.134803391993046
0.599951955758347 3.7056565284729 0.379089266061783 0.150051414966583
0.659353230344131 3.7056565284729 0.431566707789898 0.165726602077484
0.724635828240139 3.7056565284729 0.468589074909687 0.189382165670395
0.796382059575582 3.7056565284729 0.50369268655777 0.202058792114258
0.875231889036086 3.84656143188477 0.582180291414261 0.215796798467636
0.961888644244345 3.84656143188477 0.632055193185806 0.246448129415512
1.05712528932784 3.93300080299377 0.692689932882786 0.267050802707672
1.16179131963283 3.93300080299377 0.761212646961212 0.302093416452408
1.27682033908432 4.04104995727539 0.823093928396702 0.327075935900211
1.4032383877809 4.04104995727539 0.93080797791481 0.36019030213356
1.54217309410505 4.19232761859894 1.00682207942009 0.38645076751709
1.69486373298454 4.19232761859894 1.13392233848572 0.445410639047623
1.86438038854372 4.19232761859894 1.2533278465271 0.485418170690536
2.0489727885339 4.19232761859894 1.35760802030563 0.535902500152588
2.25184169172242 4.19232761859894 1.52227419614792 0.592673629522324
2.4747966556489 4.19232761859894 1.65080282837152 0.65684300661087
2.7198264022398 4.19232761859894 1.83586633205414 0.689672589302063
2.98911655688376 4.19232761859894 2.03845615684986 0.773018322885036
3.28506914385371 4.19232761859894 2.17650511115789 0.844740070402622
3.61032401197175 4.19232761859894 2.46528553962708 0.916079670190811
3.96778238163021 4.19232761859894 2.63846659660339 1.01982495188713
4.36063272320454 4.19232761859894 2.92921235226095 1.14444923400879
4.79237919768918 4.19232761859894 3.26856768131256 1.24673673510551
5.2668729132423 4.19232761859894 3.65468575619161 1.36984780430794
5.78834627644265 4.19232761859894 3.8471217751503 1.47380876541138
6.36145074466621 4.19232761859894 4.11221542954445 1.66996813565493
6.99129831632754 4.19232761859894 4.53880663216114 1.77673801779747
7.68350712907217 4.19232761859894 4.97882926464081 2.02017879486084
8.45199512379247 4.19232761859894 5.48868811130524 2.22910189628601
9.28882760400582 4.19232761859894 5.74771571159363 2.46800565719604
10.2085149119472 4.19232761859894 6.04748225212097 2.76011878252029
11.2192605084528 4.19232761859894 6.48834633827209 2.97367095947266
12.330080079446 4.19232761859894 6.57421326637268 3.32231914997101
13.5508819543863 4.19232761859894 6.59582304954529 3.59531933069229
14.8925554869521 4.19232761859894 6.60580897331238 3.87794142961502
16.3670681863003 4.19232761859894 6.68610119819641 4.44270849227905
17.9875724652967 4.19232761859894 6.68698811531067 4.84602764248848
19.7685229578944 4.19232761859894 6.68698811531067 5.36511075496674
21.7258054521118 4.19232761859894 6.68698811531067 5.85493552684784
23.8768785886714 4.19232761859894 6.68698811531067 6.39418518543243
26.2409295892292 4.19232761859894 6.68698811531067 7.02874302119017
28.8390454032626 4.19232761859894 6.68698811531067 7.82376933097839
31.6944008002223 4.19232761859894 6.68698811531067 8.42340803146362
34.8324650846968 4.19232761859894 6.68698811531067 9.44316625595093
38.3163339475004 4.19232761859894 6.68698811531067 10.3465821743011
42.1100361799719 4.19232761859894 6.68698811531067 11.2495985031128
46.2793530693252 4.19232761859894 6.80866861343384 12.237098634243
50.8614742424258 4.19232761859894 6.80866861343384 13.602210521698
55.8972714730444 4.19232761859894 6.80866861343384 14.7286928296089
61.4316632514152 4.19232761859894 6.80866861343384 15.4385764598846
67.5140154498445 4.19232761859894 6.80866861343384 16.7923641204834
74.1985816582434 4.19232761859894 6.80866861343384 19.0336780548096
81.5449871173038 4.19232761859894 6.80866861343384 21.7508988380432
89.6187605659235 4.19232761859894 6.80866861343384 24.2311010360718
98.4919187468734 4.19232761859894 6.80866861343384 26.0698220729828
108.243608784401 4.19232761859894 7.45270752906799 29.3003952503204
118.960814163673 4.19232761859894 7.45270752906799 31.9018270075321
130.739130609284 4.19232761859894 7.45270752906799 33.4763000011444
143.683618783529 4.19232761859894 7.45270752906799 33.4763000011444
157.909741410383 4.19232761859894 7.45270752906799 33.4763000011444
173.703536936922 4.19232761859894 7.45270752906799 34.3117537498474
190.901933233621 4.19232761859894 7.45270752906799 34.9509716033936
209.803143649102 4.19232761859894 7.54995846748352 38.3418979644775
230.575763898515 4.19232761859894 7.54995846748352 40.4503355026245
253.405082367608 4.19232761859894 7.54995846748352 40.4503355026245
278.494732854913 4.19232761859894 7.54995846748352 40.4503355026245
306.068510952025 4.19232761859894 7.54995846748352 40.4503355026245
336.372370263797 4.19232761859894 7.54995846748352 49.8579139709473
369.676616274388 4.19232761859894 7.54995846748352 49.8579139709473
370.015617281199 4.19232761859894 7.54995846748352 49.8579139709473
