0.0194894644874591 0.586059033870697 0.0100213885307312 0.00219672918319702
0.0195076157341004 0.586059033870697 0.0100213885307312 0.00219672918319702
0.0214706726399789 0.586059033870697 0.0100213885307312 0.00219672918319702
0.0236312725192399 0.586059033870697 0.0100213885307312 0.00219672918319702
0.0260092941773403 0.586059033870697 0.0100213885307312 0.00219672918319702
0.02862661682957 0.586059033870697 0.0100213885307312 0.00219672918319702
0.0315073214028609 0.586059033870697 0.0191258192062378 0.00393850356340408
0.0346779120946542 0.586059033870697 0.0191258192062378 0.00393850356340408
0.0381675602272991 0.586059033870697 0.0191258192062378 0.00393850356340408
0.0420083726415892 0.586059033870697 0.0191258192062378 0.00393850356340408
0.0462787480746938 0.586059033870697 0.0328162014484406 0.0125803276896477
0.0509357916233132 0.586059033870697 0.0328162014484406 0.0125803276896477
0.056061474785492 0.586059033870697 0.0328162014484406 0.0125803276896477
0.0617029568985016 0.586059033870697 0.0328162014484406 0.0125803276896477
0.0679121429571029 0.651752918958664 0.0328162014484406 0.0187909603118896
0.0747461611704054 0.768446087837219 0.0389402508735657 0.0378832221031189
0.0822678885754094 0.967256665229797 0.0455861687660217 0.0381180047988892
0.0905465295431877 1.00701880455017 0.0487905442714691 0.0472727864980698
0.0996582525003081 1.9137766957283 0.0634639579802752 0.0522429943084717
0.109686890723714 2.30101633071899 0.0981428623199463 0.0555744767189026
0.120724713656792 2.30101633071899 0.0981428623199463 0.0679773390293121
0.132873275843195 2.74790793657303 0.109761774539948 0.0853661298751831
0.146244351289115 2.74790793657303 0.135486237704754 0.0979338586330414
0.160960961850701 2.74790793657303 0.162447929382324 0.100932627916336
0.177158509108387 2.74790793657303 0.172732621431351 0.114931546151638
0.194986020142061 2.80583125352859 0.198529362678528 0.125910490751266
0.214807390451206 3.0089550614357 0.220200560986996 0.137949720025063
0.23642351909587 3.39448344707489 0.250745767727494 0.156238205730915
0.260214884898814 3.51117664575577 0.275259636342525 0.174664601683617
0.286400382592417 3.51117664575577 0.296254403889179 0.19479213654995
0.315220934348083 3.7056565284729 0.337943881750107 0.214494034647942
0.346941706403675 3.7056565284729 0.369410328567028 0.240899205207825
0.381854548750803 3.7056565284729 0.418420195579529 0.265505328774452
0.420280680328535 3.70566511154175 0.44755145162344 0.287691697478294
0.462573644428912 3.84656143188477 0.491865128278732 0.319460213184357
0.509122561505755 3.93300080299377 0.558253057301044 0.355955451726913
0.560355709314554 3.93300080299377 0.607537031173706 0.389757953584194
0.616744463322841 4.19232761859894 0.66203361004591 0.433593809604645
0.678807633645181 4.19232761859894 0.748762376606464 0.468771815299988
0.74711623840516 4.19232761859894 0.836775302886963 0.525464624166489
0.822298757442146 4.19232761859894 0.917210226878524 0.580420464277267
0.90504691470005 4.19232761859894 1.00190675258636 0.629247412085533
0.997049767162749 4.19232761859894 1.10597592592239 0.704313784837723
1.0973831681079 4.19232761859894 1.22967064380646 0.765459269285202
1.207813147656 4.19232761859894 1.35024846345186 0.834018886089325
1.32935572737641 4.19232761859894 1.47453165054321 0.910975947976112
1.46312917137724 4.19232761859894 1.6397385597229 1.02500784397125
1.61036427500108 4.19232761859894 1.78802061080933 1.12907360494137
1.77241568887504 4.19232761859894 1.94538009166718 1.2082866281271
1.95077438250316 4.19232761859894 2.12906807661057 1.322564214468
2.14708136207369 4.19232761859894 2.33060908317566 1.47248114645481
2.36314276869316 4.19232761859894 2.56081831455231 1.60658007860184
2.60094649596008 4.19232761859894 2.78934180736542 1.75692665576935
2.86268047976978 4.19232761859894 3.02601313591003 1.927659034729
3.15075282862747 4.19232761859894 3.29399931430817 2.09797239303589
3.46781397968047 4.19232761859894 3.52933526039124 2.28499436378479
3.81678108431816 4.19232761859894 3.7955219745636 2.46193760633469
4.2008648477019 4.19232761859894 4.2002637386322 2.64825713634491
4.62790519502682 4.19232761859894 4.54702997207642 2.93027865886688
5.09361260779729 4.19232761859894 4.81749272346497 3.13248991966248
5.6061842896419 4.19232761859894 5.12434577941895 3.40778577327728
6.17033620525356 4.19232761859894 5.51300024986267 3.62935900688171
6.79125888819023 4.19232761859894 6.17232358455658 3.86250066757202
7.47466519687438 4.19232761859894 6.65336322784424 4.09070479869843
8.22684287629239 4.19232761859894 6.7336540222168 4.33510172367096
9.05471240899251 4.19232761859894 6.84147548675537 4.60450923442841
9.96589068764523 4.19232761859894 6.84147548675537 5.1555438041687
10.9687610949915 4.19232761859894 6.84147548675537 5.44223213195801
12.072550635956 4.19232761859894 6.84147548675537 5.86961317062378
13.2874148315868 4.19232761859894 6.84147548675537 6.29916381835938
14.6245311558961 4.19232761859894 6.84147548675537 6.78430414199829
16.0962018752773 4.19232761859894 6.84147548675537 7.33266401290894
17.7159672366814 4.19232761859894 7.45916366577148 7.77634048461914
19.4987300459514 4.19232761859894 7.45916366577148 7.96556234359741
21.4808800919766 4.19232761859894 7.45916366577148 8.22590494155884
23.6425071500281 4.19232761859894 7.45916366577148 8.84694576263428
26.0216593522121 4.19232761859894 7.45916366577148 9.26431274414062
28.6402263154973 4.19232761859894 7.45916366577148 10.9639949798584
31.5223004152183 4.19232761859894 7.45916366577148 10.9639949798584
34.6943984492749 4.19232761859894 7.45916366577148 11.7063512802124
38.1857056084627 4.19232761859894 7.45916366577148 12.6104488372803
42.0283439976073 4.19232761859894 7.45916366577148 14.5670433044434
46.2576681780564 4.19232761859894 7.45916366577148 15.2809443473816
50.9125904506965 4.19232761859894 7.45916366577148 15.2809443473816
56.0359388722924 4.19232761859894 7.45916366577148 15.2809443473816
61.674851299112 4.19232761859894 7.89472150802612 15.9105486869812
67.8812090832727 4.19232761859894 7.89472150802612 17.3045080304146
74.7121144120754 4.19232761859894 7.89472150802612 21.4283256530762
82.2304156821292 4.19232761859894 7.89472150802612 25.675763130188
90.5052857420251 4.19232761859894 7.89472150802612 25.675763130188
99.7056313992196 4.19232761859894 7.89472150802612 27.3194627761841
109.739037374665 4.19232761859894 7.89472150802612 27.3194627761841
120.782107840023 4.19232761859894 7.89472150802612 27.3194627761841
132.936445619368 4.19232761859894 8.33038330078125 27.3194627761841
146.313877857786 4.19232761859894 8.33038330078125 27.3194627761841
161.037484897703 4.19232761859894 8.33038330078125 32.2406153678894
177.242732691319 4.19232761859894 8.33038330078125 32.2406153678894
195.078719168039 4.19232761859894 8.33038330078125 47.521559715271
214.709546024206 4.19232761859894 8.57027435302734 47.521559715271
214.909512828253 4.19232761859894 8.57027435302734 47.521559715271
