0.0194894644874591 0.586059033870697 0.00877457857131958 0.0022016167640686
0.0195076157341004 0.586059033870697 0.00877457857131958 0.0022016167640686
0.0214706726399789 0.586059033870697 0.00877457857131958 0.0022016167640686
0.0236312725192399 0.586059033870697 0.00877457857131958 0.0022016167640686
0.0260092941773403 0.586059033870697 0.00877457857131958 0.0022016167640686
0.02862661682957 0.586059033870697 0.00877457857131958 0.0022016167640686
0.0315073214028609 0.586059033870697 0.0175737738609314 0.0022016167640686
0.0346779120946542 0.586059033870697 0.0175737738609314 0.0022016167640686
0.0381675602272991 0.586059033870697 0.0175737738609314 0.0022016167640686
0.0420083726415892 0.586059033870697 0.0175737738609314 0.0022016167640686
0.0462787480746938 0.586059033870697 0.0313954949378967 0.00307083129882812
0.0509357916233132 0.586059033870697 0.0313954949378967 0.00307083129882812
0.056061474785492 0.586059033870697 0.0313954949378967 0.00307083129882812
0.0617029568985016 0.586059033870697 0.0313954949378967 0.00307083129882812
0.0679121429571029 0.651752918958664 0.0313954949378967 0.016103059053421
0.0747461611704054 0.768446087837219 0.0428590774536133 0.0182596445083618
0.0822678885754094 0.967256665229797 0.0428590774536133 0.0182596445083618
0.0905465295431877 1.00701880455017 0.047025054693222 0.0210803747177124
0.0996582525003081 1.9137766957283 0.0635558366775513 0.0252976715564728
0.109686890723714 2.30101633071899 0.0939473509788513 0.0402650386095047
0.120724713656792 2.30101633071899 0.0942338109016418 0.0402650386095047
0.132873275843195 2.74790793657303 0.102348834276199 0.0429154187440872
0.146244351289115 2.74790793657303 0.134392615407705 0.0530930906534195
0.160960961850701 2.74790793657303 0.160369277000427 0.0564905405044556
0.177158509108387 2.74790793657303 0.169774740934372 0.0697993785142899
0.194986020142061 2.80583125352859 0.201754331588745 0.0762297958135605
0.214807390451206 3.0089550614357 0.219801850616932 0.0868934839963913
0.23642351909587 3.39448344707489 0.24238114990294 0.0962202996015549
0.260214884898814 3.51117664575577 0.275429449975491 0.108362831175327
0.286400382592417 3.51117664575577 0.286234799772501 0.119000405073166
0.315220934348083 3.7056565284729 0.333782404661179 0.134318098425865
0.346941706403675 3.7056565284729 0.362243346869946 0.14446759223938
0.381854548750803 3.7056565284729 0.414272725582123 0.165631532669067
0.420280680328535 3.70566511154175 0.446543836966157 0.18251034617424
0.462573644428912 3.84656143188477 0.482144320383668 0.193499475717545
0.509122561505755 3.93300080299377 0.547325231134892 0.214336082339287
0.560355709314554 3.93300080299377 0.605067193508148 0.238901630043983
0.616744463322841 4.19232761859894 0.658841647207737 0.260210573673248
0.678807633645181 4.19232761859894 0.737210929393768 0.291341349482536
0.74711623840516 4.19232761859894 0.823310703039169 0.326222121715546
0.822298757442146 4.19232761859894 0.904056034982204 0.348282605409622
0.90504691470005 4.19232761859894 0.991765648126602 0.388882577419281
0.997049767162749 4.19232761859894 1.09766611456871 0.431207001209259
1.0973831681079 4.19232761859894 1.22173565626144 0.469808220863342
1.207813147656 4.19232761859894 1.3333559371531 0.528292179107666
1.32935572737641 4.19232761859894 1.46689879894257 0.577724471688271
1.46312917137724 4.19232761859894 1.62173819541931 0.645359575748444
1.61036427500108 4.19232761859894 1.77018773555756 0.697566583752632
1.77241568887504 4.19232761859894 1.91422200202942 0.768856659531593
1.95077438250316 4.19232761859894 2.13210082054138 0.84137636423111
2.14708136207369 4.19232761859894 2.32593536376953 0.922327771782875
2.36314276869316 4.19232761859894 2.55833446979523 1.01846015453339
2.60094649596008 4.19232761859894 2.75785899162292 1.12795531749725
2.86268047976978 4.19232761859894 3.02226758003235 1.2183713465929
3.15075282862747 4.19232761859894 3.27622389793396 1.35146470367908
3.46781397968047 4.19232761859894 3.52364838123322 1.4930284768343
3.81678108431816 4.19232761859894 3.79992198944092 1.58854113519192
4.2008648477019 4.19232761859894 4.22434115409851 1.75967735052109
4.62790519502682 4.19232761859894 4.5052102804184 1.90420764684677
5.09361260779729 4.19232761859894 4.78178000450134 2.04637503623962
5.6061842896419 4.19232761859894 5.13711047172546 2.22567203640938
6.17033620525356 4.19232761859894 5.49375927448273 2.38998079299927
6.79125888819023 4.19232761859894 6.10767340660095 2.66708916425705
7.47466519687438 4.19232761859894 6.60611796379089 2.96132844686508
8.22684287629239 4.19232761859894 6.63317060470581 3.1865268945694
9.05471240899251 4.19232761859894 6.72362232208252 3.3427460193634
9.96589068764523 4.19232761859894 6.72362232208252 3.56945872306824
10.9687610949915 4.19232761859894 6.72362232208252 3.80585241317749
12.072550635956 4.19232761859894 6.72362232208252 4.0799497961998
13.2874148315868 4.19232761859894 6.72362232208252 4.63700145483017
14.6245311558961 4.19232761859894 6.72362232208252 4.79713082313538
16.0962018752773 4.19232761859894 6.72362232208252 4.96821492910385
17.7159672366814 4.19232761859894 6.72362232208252 5.64769838750362
19.4987300459514 4.19232761859894 6.72362232208252 6.06055128574371
21.4808800919766 4.19232761859894 6.72362232208252 6.73364567756653
23.6425071500281 4.19232761859894 6.72362232208252 6.99167716503143
26.0216593522121 4.19232761859894 6.84643220901489 7.41481578350067
28.6402263154973 4.19232761859894 6.84643220901489 8.28095525503159
31.5223004152183 4.19232761859894 6.84643220901489 9.29165218770504
34.6943984492749 4.19232761859894 6.84643220901489 9.70450508594513
38.1857056084627 4.19232761859894 6.84643220901489 10.6356309652328
42.0283439976073 4.19232761859894 6.84643220901489 10.7535820007324
46.2576681780564 4.19232761859894 6.84643220901489 10.7535820007324
50.9125904506965 4.19232761859894 6.84643220901489 12.6636333465576
56.0359388722924 4.19232761859894 6.84643220901489 14.0407772064209
61.674851299112 4.19232761859894 7.11055660247803 15.115517616272
67.8812090832727 4.19232761859894 7.11055660247803 17.2258489131927
74.7121144120754 4.19232761859894 7.11055660247803 18.9298347234726
82.2304156821292 4.19232761859894 7.11055660247803 21.0137196779251
90.5052857420251 4.19232761859894 7.11055660247803 23.307980298996
99.7056313992196 4.19232761859894 7.51586294174194 23.307980298996
109.739037374665 4.19232761859894 7.51586294174194 24.1074934005737
120.782107840023 4.19232761859894 7.51586294174194 28.5860109329224
132.936445619368 4.19232761859894 7.77998733520508 30.2481689453125
146.313877857786 4.19232761859894 7.77998733520508 30.2481689453125
161.037484897703 4.19232761859894 7.77998733520508 30.2481689453125
177.242732691319 4.19232761859894 7.77998733520508 30.2481689453125
195.078719168039 4.19232761859894 7.77998733520508 30.2481689453125
214.709546024206 4.19232761859894 7.92111015319824 42.0116386413574
214.909512828253 4.19232761859894 7.92111015319824 42.0116386413574
