0.0387145280838013 0.586059033870697 0.00696450471878052 0.00278037786483765
0.0387500300966981 0.586059033870697 0.00696450471878052 0.00278037786483765
0.0425866726076336 0.586059033870697 0.00696450471878052 0.00278037786483765
0.0468031812946723 0.586059033870697 0.00696450471878052 0.00278037786483765
0.0514371667278207 0.586059033870697 0.00696450471878052 0.00278037786483765
0.0565299633015929 0.586059033870697 0.00696450471878052 0.00278037786483765
0.0621269979310704 0.586059033870697 0.00696450471878052 0.00278037786483765
0.068278195252578 0.586059033870697 0.00696450471878052 0.00278037786483765
0.0750384229432996 0.586059033870697 0.0153945982456207 0.00278037786483765
0.0824679811320132 0.586059033870697 0.0153945982456207 0.00278037786483765
0.0907162527069789 0.586059033870697 0.0292404890060425 0.00827145576477051
0.0996980736423392 0.586059033870697 0.0292404890060425 0.00827145576477051
0.109569185139287 0.586059033870697 0.0292404890060425 0.00827145576477051
0.120417635902936 0.586059033870697 0.0292404890060425 0.00827145576477051
0.132340192345309 0.586059033870697 0.0292404890060425 0.00827145576477051
0.145443201725957 0.99837489426136 0.0653021335601807 0.015639066696167
0.159843540752169 0.99837489426136 0.0653021335601807 0.0210987329483032
0.175669658100152 0.99837489426136 0.0653021335601807 0.0210987329483032
0.193062720156276 0.99837489426136 0.0784364640712738 0.0404735207557678
0.212177870198225 2.30101633071899 0.102118253707886 0.0494962334632874
0.233185612247737 2.30101633071899 0.102118253707886 0.0594803094863892
0.25627333193868 2.30101633071899 0.119117826223373 0.0632962584495544
0.281646967966354 2.74790793657303 0.138433635234833 0.0781685411930084
0.309532849027073 2.74790793657303 0.148839950561523 0.0835965871810913
0.340179712633237 2.74790793657303 0.174973130226135 0.0916774421930313
0.373860923811385 2.74790793657303 0.201254814863205 0.106074132025242
0.411253695994416 3.10663169622421 0.237002797424793 0.113815203309059
0.451971945990459 3.13343650102615 0.281789213418961 0.123241767287254
0.496721712052834 3.13343650102615 0.303861312568188 0.135327413678169
0.54590215479858 3.56563341617584 0.326597720384598 0.151147603988647
0.599951955758347 3.7056565284729 0.368879050016403 0.174607589840889
0.659353230344131 3.7056565284729 0.415843017399311 0.187747314572334
0.724635828240139 3.7056565284729 0.448873572051525 0.211227118968964
0.796382059575582 3.7056565284729 0.482380241155624 0.229952946305275
0.875231889036086 3.84656143188477 0.565054535865784 0.255959331989288
0.961888644244345 3.84656143188477 0.614473551511765 0.286359176039696
1.05712528932784 3.93300080299377 0.672025166451931 0.31643833220005
1.16179131963283 3.93300080299377 0.730029657483101 0.350476205348969
1.27682033908432 4.04104995727539 0.792690344154835 0.382323816418648
1.4032383877809 4.04104995727539 0.901415914297104 0.430492654442787
1.54217309410505 4.19232761859894 0.974875777959824 0.473946034908295
1.69486373298454 4.19232761859894 1.09282511472702 0.52038162946701
1.86438038854372 4.19232761859894 1.21391969919205 0.558074459433556
2.0489727885339 4.19232761859894 1.30935624241829 0.6226591989398
2.25184169172242 4.19232761859894 1.46831676363945 0.684667095541954
2.4747966556489 4.19232761859894 1.58815748989582 0.749246180057526
2.7198264022398 4.19232761859894 1.77229487895966 0.825177982449532
2.98911655688376 4.19232761859894 1.95999875664711 0.923287808895111
3.28506914385371 4.19232761859894 2.11001471430063 1.02781169116497
3.61032401197175 4.19232761859894 2.38333421945572 1.11678677797318
3.96778238163021 4.19232761859894 2.56260848045349 1.22875130176544
4.36063272320454 4.19232761859894 2.81796893849969 1.33412945270538
4.79237919768918 4.19232761859894 3.15417206287384 1.47668571770191
5.2668729132423 4.19232761859894 3.52048978582025 1.64167554676533
5.78834627644265 4.19232761859894 3.74661725759506 1.81227792799473
6.36145074466621 4.19232761859894 3.98277220129967 1.97081118822098
6.99129831632754 4.19232761859894 4.40139502286911 2.14795261621475
7.68350712907217 4.19232761859894 4.85545182228088 2.38386803865433
8.45199512379247 4.19232761859894 5.36812019348145 2.66414679586887
9.28882760400582 4.19232761859894 5.66995012760162 2.86712890863419
10.2085149119472 4.19232761859894 5.97927629947662 3.13008207082748
11.2192605084528 4.19232761859894 6.44549059867859 3.46286845207214
12.330080079446 4.19232761859894 6.52891230583191 3.77961361408234
13.5508819543863 4.19232761859894 6.55562806129456 4.16799396276474
14.8925554869521 4.19232761859894 6.57933974266052 4.57390147447586
16.3670681863003 4.19232761859894 6.57933974266052 4.84242808818817
17.9875724652967 4.19232761859894 6.57933974266052 4.92786693572998
19.7685229578944 4.19232761859894 6.57933974266052 5.71287882328033
21.7258054521118 4.19232761859894 6.57933974266052 6.6053758263588
23.8768785886714 4.19232761859894 6.57933974266052 7.18489815294743
26.2409295892292 4.19232761859894 6.57933974266052 8.08699876070023
28.8390454032626 4.19232761859894 6.57933974266052 8.86714261770248
31.6944008002223 4.19232761859894 6.57933974266052 9.81344920396805
34.8324650846968 4.19232761859894 6.57933974266052 10.5671002864838
38.3163339475004 4.19232761859894 6.57933974266052 10.7681219577789
42.1100361799719 4.19232761859894 6.57933974266052 11.2766020298004
46.2793530693252 4.19232761859894 6.57933974266052 11.7617340087891
50.8614742424258 4.19232761859894 6.57933974266052 12.3013417720795
55.8972714730444 4.19232761859894 6.57933974266052 12.8782441616058
61.4316632514152 4.19232761859894 6.57933974266052 13.9206113815308
67.5140154498445 4.19232761859894 6.57933974266052 14.0305252075195
74.1985816582434 4.19232761859894 6.57933974266052 15.3417944908142
81.5449871173038 4.19232761859894 6.57933974266052 16.0935912132263
89.6187605659235 4.19232761859894 6.57933974266052 16.0935912132263
98.4919187468734 4.19232761859894 6.57933974266052 16.0935912132263
108.243608784401 4.19232761859894 7.58382511138916 16.0935912132263
118.960814163673 4.19232761859894 7.58382511138916 17.6654515266418
130.739130609284 4.19232761859894 7.58382511138916 18.2969877719879
143.683618783529 4.19232761859894 7.58382511138916 24.045166015625
157.909741410383 4.19232761859894 7.58382511138916 24.045166015625
173.703536936922 4.19232761859894 7.58382511138916 24.045166015625
190.901933233621 4.19232761859894 7.58382511138916 24.045166015625
209.803143649102 4.19232761859894 7.83443188667297 24.045166015625
230.575763898515 4.19232761859894 7.83443188667297 24.045166015625
253.405082367608 4.19232761859894 7.83443188667297 24.045166015625
278.494732854913 4.19232761859894 7.83443188667297 24.045166015625
306.068510952025 4.19232761859894 7.83443188667297 24.045166015625
336.372370263797 4.19232761859894 7.83443188667297 24.045166015625
369.676616274388 4.19232761859894 7.83443188667297 24.045166015625
370.015617281199 4.19232761859894 7.83443188667297 24.045166015625
