0.0194894644874591 0.586059033870697 0.00846153497695923 0.00489199161529541
0.0195076157341004 0.586059033870697 0.00846153497695923 0.00489199161529541
0.0214706726399789 0.586059033870697 0.00846153497695923 0.00489199161529541
0.0236312725192399 0.586059033870697 0.00846153497695923 0.00489199161529541
0.0260092941773403 0.586059033870697 0.00846153497695923 0.00489199161529541
0.02862661682957 0.586059033870697 0.00846153497695923 0.00489199161529541
0.0315073214028609 0.586059033870697 0.0171413123607635 0.00489199161529541
0.0346779120946542 0.586059033870697 0.0171413123607635 0.00489199161529541
0.0381675602272991 0.586059033870697 0.0171413123607635 0.00489199161529541
0.0420083726415892 0.586059033870697 0.0171413123607635 0.00489199161529541
0.0462787480746938 0.586059033870697 0.0171413123607635 0.00489199161529541
0.0509357916233132 0.586059033870697 0.0171413123607635 0.00489199161529541
0.056061474785492 0.586059033870697 0.0171413123607635 0.00489199161529541
0.0617029568985016 0.586059033870697 0.0171413123607635 0.00489199161529541
0.0679121429571029 0.586059033870697 0.0279879570007324 0.00990676879882812
0.0747461611704054 0.768446087837219 0.0468060523271561 0.0238343477249146
0.0822678885754094 0.967256665229797 0.0468060523271561 0.0238343477249146
0.0905465295431877 1.00701880455017 0.0468060523271561 0.0296924561262131
0.0996582525003081 1.9137766957283 0.050254613161087 0.0296924561262131
0.109686890723714 1.9137766957283 0.0973535776138306 0.0298894047737122
0.120724713656792 1.9137766957283 0.0975778698921204 0.0455338954925537
0.132873275843195 2.74790793657303 0.0975778698921204 0.0491417348384857
0.146244351289115 2.74790793657303 0.12647545337677 0.0491417348384857
0.160960961850701 2.74790793657303 0.131788298487663 0.0599710941314697
0.177158509108387 2.74790793657303 0.166694869520143 0.0677904486656189
0.194986020142061 2.80583125352859 0.210532188415527 0.073406457901001
0.214807390451206 2.80583125352859 0.217312935739756 0.0888132154941559
0.23642351909587 3.39448344707489 0.24449158180505 0.0974266231060028
0.260214884898814 3.51117664575577 0.28310339897871 0.106954723596573
0.286400382592417 3.51117664575577 0.288601879030466 0.118596315383911
0.315220934348083 3.56563341617584 0.332166455686092 0.131360679864883
0.346941706403675 3.56563341617584 0.367519907653332 0.149237185716629
0.381854548750803 3.56563341617584 0.420685887336731 0.158516079187393
0.420280680328535 3.62527656555176 0.447127625346184 0.182668253779411
0.462573644428912 3.84656143188477 0.49914859700948 0.205389022827148
0.509122561505755 3.84656143188477 0.547566214576364 0.220669895410538
0.560355709314554 3.93300080299377 0.620603948831558 0.244619131088257
0.616744463322841 3.98659324645996 0.6797891035676 0.27347469329834
0.678807633645181 3.98659324645996 0.75911835860461 0.292099118232727
0.74711623840516 4.04104995727539 0.84445795416832 0.329642936587334
0.822298757442146 4.06265139579773 0.930414378643036 0.359959974884987
0.90504691470005 4.17070913314819 1.02035193145275 0.412721559405327
0.997049767162749 4.17070913314819 1.1277799680829 0.442256718873978
1.0973831681079 4.17070913314819 1.24472181499004 0.48744323849678
1.207813147656 4.17070913314819 1.36394540220499 0.544020920991898
1.32935572737641 4.17070913314819 1.51532274484634 0.590154856443405
1.46312917137724 4.17070913314819 1.6598271727562 0.64233610033989
1.61036427500108 4.19232761859894 1.78713625669479 0.707818508148193
1.77241568887504 4.19232761859894 1.9588189125061 0.783333271741867
1.95077438250316 4.19232761859894 2.19751745462418 0.841612219810486
2.14708136207369 4.19232761859894 2.39049053192139 0.94855235517025
2.36314276869316 4.19232761859894 2.63233834505081 1.03841605782509
2.60094649596008 4.19232761859894 2.80889928340912 1.16091454029083
2.86268047976978 4.19232761859894 3.0955046415329 1.30092161893845
3.15075282862747 4.19232761859894 3.32411110401154 1.42355954647064
3.46781397968047 4.19232761859894 3.60352146625519 1.57592925429344
3.81678108431816 4.19232761859894 3.89256358146667 1.72389057278633
4.2008648477019 4.19232761859894 4.3307192325592 1.89274361729622
4.62790519502682 4.19232761859894 4.45677161216736 2.08090880513191
5.09361260779729 4.19232761859894 4.85065054893494 2.28451240062714
5.6061842896419 4.19232761859894 5.23151755332947 2.50442254543304
6.17033620525356 4.19232761859894 5.57167625427246 2.69214975833893
6.79125888819023 4.19232761859894 6.05030179023743 2.90570271015167
7.47466519687438 4.19232761859894 6.67796516418457 3.10153830051422
8.22684287629239 4.19232761859894 6.68371415138245 3.41300749778748
9.05471240899251 4.19232761859894 6.73365759849548 3.64420306682587
9.96589068764523 4.19232761859894 6.73365759849548 3.86697232723236
10.9687610949915 4.19232761859894 6.73365759849548 4.18713331222534
12.072550635956 4.19232761859894 6.73365759849548 4.41437387466431
13.2874148315868 4.19232761859894 6.73365759849548 4.8129940032959
14.6245311558961 4.19232761859894 6.73365759849548 5.15487384796143
16.0962018752773 4.19232761859894 6.73365759849548 5.46813130378723
17.7159672366814 4.19232761859894 6.73365759849548 5.62923526763916
19.4987300459514 4.19232761859894 6.73365759849548 6.05713200569153
21.4808800919766 4.19232761859894 6.73365759849548 6.05713200569153
23.6425071500281 4.19232761859894 6.73365759849548 6.67251205444336
26.0216593522121 4.19232761859894 6.73365759849548 7.32282376289368
28.6402263154973 4.19232761859894 6.73365759849548 8.2533130645752
31.5223004152183 4.19232761859894 6.73365759849548 9.08830332756042
34.6943984492749 4.19232761859894 6.73365759849548 10.1231696605682
38.1857056084627 4.19232761859894 6.73365759849548 11.1664464473724
42.0283439976073 4.19232761859894 6.73365759849548 11.1664464473724
46.2576681780564 4.19232761859894 6.73365759849548 13.2654395103455
50.9125904506965 4.19232761859894 6.73365759849548 13.2654395103455
56.0359388722924 4.19232761859894 6.73365759849548 13.2654395103455
61.674851299112 4.19232761859894 6.73365759849548 13.2654395103455
67.8812090832727 4.19232761859894 6.73365759849548 13.2654395103455
74.7121144120754 4.19232761859894 6.73365759849548 13.2654395103455
82.2304156821292 4.19232761859894 6.73365759849548 20.4849524497986
90.5052857420251 4.19232761859894 7.01188588142395 20.4849524497986
99.7056313992196 4.19232761859894 7.46175742149353 24.0658478736877
109.739037374665 4.19232761859894 7.46175742149353 24.0658478736877
120.782107840023 4.19232761859894 7.46175742149353 24.0658478736877
132.936445619368 4.19232761859894 7.739985704422 24.0658478736877
146.313877857786 4.19232761859894 7.739985704422 24.0658478736877
161.037484897703 4.19232761859894 7.739985704422 24.0658478736877
177.242732691319 4.19232761859894 7.739985704422 24.0658478736877
195.078719168039 4.19232761859894 7.739985704422 24.0658478736877
214.709546024206 4.19232761859894 7.739985704422 24.0658478736877
214.909512828253 4.19232761859894 7.739985704422 24.0658478736877
