0.0387145280838013 0.586059033870697 0.00794076919555664 0.00189030170440674
0.0387500300966981 0.586059033870697 0.00794076919555664 0.00189030170440674
0.0425866726076336 0.586059033870697 0.00794076919555664 0.00189030170440674
0.0468031812946723 0.586059033870697 0.00794076919555664 0.00189030170440674
0.0514371667278207 0.586059033870697 0.00794076919555664 0.00189030170440674
0.0565299633015929 0.586059033870697 0.00794076919555664 0.00189030170440674
0.0621269979310704 0.586059033870697 0.00794076919555664 0.00189030170440674
0.068278195252578 0.586059033870697 0.00794076919555664 0.00189030170440674
0.0750384229432996 0.586059033870697 0.0165475606918335 0.00253258645534515
0.0824679811320132 0.586059033870697 0.0165475606918335 0.00253258645534515
0.0907162527069789 0.586059033870697 0.0305520594120026 0.0039423480629921
0.0996980736423392 0.586059033870697 0.0305520594120026 0.0039423480629921
0.109569185139287 0.586059033870697 0.0305520594120026 0.0039423480629921
0.120417635902936 0.586059033870697 0.0305520594120026 0.0039423480629921
0.132340192345309 0.586059033870697 0.0305520594120026 0.0039423480629921
0.145443201725957 0.99837489426136 0.0656871199607849 0.0136622190475464
0.159843540752169 0.99837489426136 0.0656871199607849 0.0270749926567078
0.175669658100152 0.99837489426136 0.0656871199607849 0.0291807055473328
0.193062720156276 0.99837489426136 0.0815774351358414 0.0291807055473328
0.212177870198225 2.30101633071899 0.10550183057785 0.0376410335302353
0.233185612247737 2.30101633071899 0.10550183057785 0.0511921048164368
0.25627333193868 2.30101633071899 0.121553361415863 0.0511921048164368
0.281646967966354 2.74790793657303 0.142144277691841 0.0552169680595398
0.309532849027073 2.74790793657303 0.153231382369995 0.0641999840736389
0.340179712633237 2.74790793657303 0.178999185562134 0.0764233469963074
0.373860923811385 2.74790793657303 0.204628825187683 0.0791571140289307
0.411253695994416 3.10663169622421 0.244368564337492 0.0937672555446625
0.451971945990459 3.13343650102615 0.289345324039459 0.112160205841064
0.496721712052834 3.13343650102615 0.308728933334351 0.124840557575226
0.54590215479858 3.56563341617584 0.334537655115128 0.131632745265961
0.599951955758347 3.7056565284729 0.376615405082703 0.139158666133881
0.659353230344131 3.7056565284729 0.424888029694557 0.168634153902531
0.724635828240139 3.7056565284729 0.4612205773592 0.178518176078796
0.796382059575582 3.7056565284729 0.494988918304443 0.196733802556992
0.875231889036086 3.84656143188477 0.577463328838348 0.2190255895257
0.961888644244345 3.84656143188477 0.627337098121643 0.247287154197693
1.05712528932784 3.93300080299377 0.685351595282555 0.268457800149918
1.16179131963283 3.93300080299377 0.748815849423409 0.298791646957397
1.27682033908432 4.04104995727539 0.810976415872574 0.328094825148582
1.4032383877809 4.04104995727539 0.920945167541504 0.36863074451685
1.54217309410505 4.19232761859894 0.995233535766602 0.40508571267128
1.69486373298454 4.19232761859894 1.11674964427948 0.439003385603428
1.86438038854372 4.19232761859894 1.23913598060608 0.484247475862503
2.0489727885339 4.19232761859894 1.33933568000793 0.538421526551247
2.25184169172242 4.19232761859894 1.50198864936829 0.582683712244034
2.4747966556489 4.19232761859894 1.62577548623085 0.653481930494308
2.7198264022398 4.19232761859894 1.81195509433746 0.721235424280167
2.98911655688376 4.19232761859894 2.00588096678257 0.790437310934067
3.28506914385371 4.19232761859894 2.15199007093906 0.856810986995697
3.61032401197175 4.19232761859894 2.43278682231903 0.937469065189362
3.96778238163021 4.19232761859894 2.61579084396362 1.04834872484207
4.36063272320454 4.19232761859894 2.8850510828197 1.1560046672821
4.79237919768918 4.19232761859894 3.2248387336731 1.24492877721786
5.2668729132423 4.19232761859894 3.60063488408923 1.34931463003159
5.78834627644265 4.19232761859894 3.81811517477036 1.4562526345253
6.36145074466621 4.19232761859894 4.06039863824844 1.59250912070274
6.99129831632754 4.19232761859894 4.4913090467453 1.75750970840454
7.68350712907217 4.19232761859894 4.9380287528038 1.90731918811798
8.45199512379247 4.19232761859894 5.45853662490845 2.0725082680583
9.28882760400582 4.19232761859894 5.74585521221161 2.29359900951385
10.2085149119472 4.19232761859894 6.05188024044037 2.55393350124359
11.2192605084528 4.19232761859894 6.51592230796814 2.80333015322685
12.330080079446 4.19232761859894 6.59282088279724 3.06904363632202
13.5508819543863 4.19232761859894 6.60966372489929 3.39096838235855
14.8925554869521 4.19232761859894 6.6258373260498 3.68045300245285
16.3670681863003 4.19232761859894 6.65822124481201 4.06041693687439
17.9875724652967 4.19232761859894 6.66562843322754 4.45080903172493
19.7685229578944 4.19232761859894 6.66562843322754 4.95096388459206
21.7258054521118 4.19232761859894 6.66562843322754 5.33162879943848
23.8768785886714 4.19232761859894 6.66562843322754 5.93626873940229
26.2409295892292 4.19232761859894 6.66562843322754 6.53777918219566
28.8390454032626 4.19232761859894 6.66562843322754 7.17079520225525
31.6944008002223 4.19232761859894 6.66562843322754 7.84198766946793
34.8324650846968 4.19232761859894 6.66562843322754 8.6521543264389
38.3163339475004 4.19232761859894 6.66562843322754 9.48782675713301
42.1100361799719 4.19232761859894 6.66562843322754 10.4492244124413
46.2793530693252 4.19232761859894 6.68321013450623 11.5415345430374
50.8614742424258 4.19232761859894 6.68321013450623 12.6689331233501
55.8972714730444 4.19232761859894 6.68321013450623 13.718829035759
61.4316632514152 4.19232761859894 6.68321013450623 13.9122253656387
67.5140154498445 4.19232761859894 6.68321013450623 15.126989364624
74.1985816582434 4.19232761859894 6.68321013450623 17.3969068527222
81.5449871173038 4.19232761859894 6.68321013450623 19.7841491699219
89.6187605659235 4.19232761859894 6.68321013450623 21.9085583686829
98.4919187468734 4.19232761859894 6.68321013450623 23.6700563430786
108.243608784401 4.19232761859894 7.48731446266174 26.9962736368179
118.960814163673 4.19232761859894 7.48731446266174 29.6569592356682
130.739130609284 4.19232761859894 7.48731446266174 30.8374000787735
143.683618783529 4.19232761859894 7.48731446266174 30.8374000787735
157.909741410383 4.19232761859894 7.48731446266174 30.8374000787735
173.703536936922 4.19232761859894 7.48731446266174 30.8374000787735
190.901933233621 4.19232761859894 7.48731446266174 30.8374000787735
209.803143649102 4.19232761859894 7.5741548538208 30.8374000787735
230.575763898515 4.19232761859894 7.5741548538208 30.8374000787735
253.405082367608 4.19232761859894 7.5741548538208 30.8374000787735
278.494732854913 4.19232761859894 7.5741548538208 30.8374000787735
306.068510952025 4.19232761859894 7.5741548538208 30.8374000787735
336.372370263797 4.19232761859894 7.5741548538208 30.8374000787735
369.676616274388 4.19232761859894 7.5741548538208 30.8374000787735
370.015617281199 4.19232761859894 7.5741548538208 30.8374000787735
