0.0194894644874591 0.586059033870697 0.00855773687362671 0.00370030105113983
0.0195076157341004 0.586059033870697 0.00855773687362671 0.00370030105113983
0.0214706726399789 0.586059033870697 0.00855773687362671 0.00370030105113983
0.0236312725192399 0.586059033870697 0.00855773687362671 0.00370030105113983
0.0260092941773403 0.586059033870697 0.00855773687362671 0.00370030105113983
0.02862661682957 0.586059033870697 0.00855773687362671 0.00370030105113983
0.0315073214028609 0.586059033870697 0.0173052847385406 0.00741452723741531
0.0346779120946542 0.586059033870697 0.0173052847385406 0.00741452723741531
0.0381675602272991 0.586059033870697 0.0173052847385406 0.00741452723741531
0.0420083726415892 0.586059033870697 0.0173052847385406 0.00741452723741531
0.0462787480746938 0.586059033870697 0.0173052847385406 0.00741452723741531
0.0509357916233132 0.586059033870697 0.0173052847385406 0.00741452723741531
0.056061474785492 0.586059033870697 0.0173052847385406 0.00741452723741531
0.0617029568985016 0.586059033870697 0.0173052847385406 0.00741452723741531
0.0679121429571029 0.586059033870697 0.0280420184135437 0.0107352286577225
0.0747461611704054 0.768446087837219 0.044618234038353 0.017490416765213
0.0822678885754094 0.967256665229797 0.044618234038353 0.017490416765213
0.0905465295431877 1.00701880455017 0.0466634631156921 0.029163284227252
0.0996582525003081 1.9137766957283 0.0512010455131531 0.0340650975704193
0.109686890723714 1.9137766957283 0.0948083996772766 0.0340650975704193
0.120724713656792 1.9137766957283 0.0955407619476318 0.0390159487724304
0.132873275843195 2.74790793657303 0.0955407619476318 0.0428384989500046
0.146244351289115 2.74790793657303 0.122546434402466 0.0460263788700104
0.160960961850701 2.74790793657303 0.128998473286629 0.054610513150692
0.177158509108387 2.74790793657303 0.164198279380798 0.0641793608665466
0.194986020142061 2.80583125352859 0.205228924751282 0.0641793608665466
0.214807390451206 2.80583125352859 0.214039083570242 0.077813446521759
0.23642351909587 3.39448344707489 0.242541428655386 0.0863923411816359
0.260214884898814 3.51117664575577 0.278378076851368 0.0929330363869667
0.286400382592417 3.51117664575577 0.285938251763582 0.104802161455154
0.315220934348083 3.56563341617584 0.327880866825581 0.119603270664811
0.346941706403675 3.56563341617584 0.363856829702854 0.131063893437386
0.381854548750803 3.56563341617584 0.4136101603508 0.144908534362912
0.420280680328535 3.62527656555176 0.442649528384209 0.154873006045818
0.462573644428912 3.84656143188477 0.488790850155056 0.176659459248185
0.509122561505755 3.84656143188477 0.53883345797658 0.192438617348671
0.560355709314554 3.93300080299377 0.605968713760376 0.212971836328506
0.616744463322841 3.98659324645996 0.666664533317089 0.237837051972747
0.678807633645181 3.98659324645996 0.74494456127286 0.261737978085876
0.74711623840516 4.04104995727539 0.827885270118713 0.285178041085601
0.822298757442146 4.06265139579773 0.911317348480225 0.321702107787132
0.90504691470005 4.17070913314819 1.00076197832823 0.352010011672974
0.997049767162749 4.17070913314819 1.10736891627312 0.386730313301086
1.0973831681079 4.17070913314819 1.22212176769972 0.423721186816692
1.207813147656 4.17070913314819 1.34358565881848 0.478374294936657
1.32935572737641 4.17070913314819 1.48555266857147 0.519802898168564
1.46312917137724 4.17070913314819 1.63488870859146 0.57037740200758
1.61036427500108 4.19232761859894 1.76443815231323 0.627163529396057
1.77241568887504 4.19232761859894 1.92572718858719 0.692294836044312
1.95077438250316 4.19232761859894 2.15668207406998 0.763978376984596
2.14708136207369 4.19232761859894 2.3503086566925 0.836169704794884
2.36314276869316 4.19232761859894 2.58513152599335 0.925071984529495
2.60094649596008 4.19232761859894 2.77524948120117 1.00978516042233
2.86268047976978 4.19232761859894 3.05031132698059 1.13669223338366
3.15075282862747 4.19232761859894 3.25889158248901 1.22699272632599
3.46781397968047 4.19232761859894 3.55526006221771 1.35433432459831
3.81678108431816 4.19232761859894 3.83563125133514 1.48713719844818
4.2008648477019 4.19232761859894 4.26877355575562 1.63715890049934
4.62790519502682 4.19232761859894 4.40268540382385 1.78802531957626
5.09361260779729 4.19232761859894 4.80027198791504 1.94726806879044
5.6061842896419 4.19232761859894 5.17675042152405 2.13452488183975
6.17033620525356 4.19232761859894 5.52619194984436 2.37608790397644
6.79125888819023 4.19232761859894 6.00667953491211 2.55750703811646
7.47466519687438 4.19232761859894 6.63434886932373 2.75048553943634
8.22684287629239 4.19232761859894 6.64764666557312 2.98702591657639
9.05471240899251 4.19232761859894 6.72217845916748 3.22539305686951
9.96589068764523 4.19232761859894 6.72217845916748 3.60044181346893
10.9687610949915 4.19232761859894 6.72217845916748 3.94637620449066
12.072550635956 4.19232761859894 6.72217845916748 4.35035467147827
13.2874148315868 4.19232761859894 6.72217845916748 4.76908922195435
14.6245311558961 4.19232761859894 6.72217845916748 5.20034998655319
16.0962018752773 4.19232761859894 6.72217845916748 5.78940892219543
17.7159672366814 4.19232761859894 6.72217845916748 6.13272929191589
19.4987300459514 4.19232761859894 6.72217845916748 6.44334149360657
21.4808800919766 4.19232761859894 6.72217845916748 7.30979180335999
23.6425071500281 4.19232761859894 6.72217845916748 7.94663023948669
26.0216593522121 4.19232761859894 6.72217845916748 8.04789614677429
28.6402263154973 4.19232761859894 6.72217845916748 9.50369811058044
31.5223004152183 4.19232761859894 6.72217845916748 9.90876460075378
34.6943984492749 4.19232761859894 6.72217845916748 10.349054813385
38.1857056084627 4.19232761859894 6.72217845916748 12.2099232673645
42.0283439976073 4.19232761859894 6.72217845916748 13.3451766967773
46.2576681780564 4.19232761859894 6.72217845916748 14.4950408935547
50.9125904506965 4.19232761859894 6.72217845916748 15.8499255180359
56.0359388722924 4.19232761859894 6.72217845916748 15.8499255180359
61.674851299112 4.19232761859894 6.72217845916748 15.8499255180359
67.8812090832727 4.19232761859894 6.72217845916748 18.1421790122986
74.7121144120754 4.19232761859894 6.72217845916748 21.2141001224518
82.2304156821292 4.19232761859894 6.72217845916748 24.9714093208313
90.5052857420251 4.19232761859894 7.0234375 28.6861500740051
99.7056313992196 4.19232761859894 7.52695894241333 28.6861500740051
109.739037374665 4.19232761859894 7.52695894241333 28.6861500740051
120.782107840023 4.19232761859894 7.52695894241333 28.6861500740051
132.936445619368 4.19232761859894 7.82821798324585 28.6861500740051
146.313877857786 4.19232761859894 7.82821798324585 28.6861500740051
161.037484897703 4.19232761859894 7.82821798324585 28.6861500740051
177.242732691319 4.19232761859894 7.82821798324585 28.6861500740051
195.078719168039 4.19232761859894 7.82821798324585 28.6861500740051
214.709546024206 4.19232761859894 7.82821798324585 28.6861500740051
214.909512828253 4.19232761859894 7.82821798324585 28.6861500740051
