0.0387145280838013 0.586059033870697 0.00745457410812378 0.000360965728759766
0.0387500300966981 0.586059033870697 0.00745457410812378 0.000360965728759766
0.0425866726076336 0.586059033870697 0.00745457410812378 0.000360965728759766
0.0468031812946723 0.586059033870697 0.00745457410812378 0.000360965728759766
0.0514371667278207 0.586059033870697 0.00745457410812378 0.000360965728759766
0.0565299633015929 0.586059033870697 0.00745457410812378 0.000360965728759766
0.0621269979310704 0.586059033870697 0.00745457410812378 0.000360965728759766
0.068278195252578 0.586059033870697 0.00745457410812378 0.000360965728759766
0.0750384229432996 0.586059033870697 0.0159763097763062 0.00356841087341309
0.0824679811320132 0.586059033870697 0.0159763097763062 0.00356841087341309
0.0907162527069789 0.586059033870697 0.0299953520298004 0.0112459659576416
0.0996980736423392 0.586059033870697 0.0299953520298004 0.0112459659576416
0.109569185139287 0.586059033870697 0.0299953520298004 0.0112459659576416
0.120417635902936 0.586059033870697 0.0299953520298004 0.0112459659576416
0.132340192345309 0.586059033870697 0.0299953520298004 0.0112459659576416
0.145443201725957 0.99837489426136 0.0676354169845581 0.0290747582912445
0.159843540752169 0.99837489426136 0.0676354169845581 0.0290747582912445
0.175669658100152 0.99837489426136 0.0676354169845581 0.0359383821487427
0.193062720156276 0.99837489426136 0.0795038789510727 0.0502427220344543
0.212177870198225 2.30101633071899 0.103424906730652 0.0502427220344543
0.233185612247737 2.30101633071899 0.103424906730652 0.0627241730690002
0.25627333193868 2.30101633071899 0.119663000106812 0.0627241730690002
0.281646967966354 2.74790793657303 0.140023335814476 0.0670575797557831
0.309532849027073 2.74790793657303 0.150352239608765 0.0712368488311768
0.340179712633237 2.74790793657303 0.179161548614502 0.0926504731178284
0.373860923811385 2.74790793657303 0.202432036399841 0.0926504731178284
0.411253695994416 3.10663169622421 0.239512369036674 0.112868309020996
0.451971945990459 3.13343650102615 0.284259974956512 0.119568467140198
0.496721712052834 3.13343650102615 0.30853533744812 0.127853512763977
0.54590215479858 3.56563341617584 0.329561650753021 0.158819973468781
0.599951955758347 3.7056565284729 0.373815417289734 0.16633802652359
0.659353230344131 3.7056565284729 0.418542578816414 0.187981128692627
0.724635828240139 3.7056565284729 0.453841403126717 0.209125757217407
0.796382059575582 3.7056565284729 0.486382067203522 0.224258065223694
0.875231889036086 3.84656143188477 0.572121649980545 0.261106014251709
0.961888644244345 3.84656143188477 0.622117936611176 0.282878398895264
1.05712528932784 3.93300080299377 0.678097113966942 0.309624433517456
1.16179131963283 3.93300080299377 0.73649038374424 0.35048234462738
1.27682033908432 4.04104995727539 0.798971429467201 0.396702826023102
1.4032383877809 4.04104995727539 0.910837292671204 0.422093391418457
1.54217309410505 4.19232761859894 0.98343700170517 0.475395679473877
1.69486373298454 4.19232761859894 1.09999084472656 0.514337152242661
1.86438038854372 4.19232761859894 1.22495472431183 0.574878036975861
2.0489727885339 4.19232761859894 1.32131287455559 0.627793073654175
2.25184169172242 4.19232761859894 1.48172318935394 0.680316269397736
2.4747966556489 4.19232761859894 1.60089460015297 0.760513842105865
2.7198264022398 4.19232761859894 1.78789591789246 0.837268836796284
2.98911655688376 4.19232761859894 1.97698730230331 0.940860316157341
3.28506914385371 4.19232761859894 2.12748025357723 1.03095859289169
3.61032401197175 4.19232761859894 2.40113615989685 1.1351934671402
3.96778238163021 4.19232761859894 2.59176528453827 1.25704637169838
4.36063272320454 4.19232761859894 2.84156315401196 1.38802665472031
4.79237919768918 4.19232761859894 3.18195164203644 1.52839767932892
5.2668729132423 4.19232761859894 3.54806821420789 1.68755877017975
5.78834627644265 4.19232761859894 3.78714156150818 1.83003830909729
6.36145074466621 4.19232761859894 4.01038932800293 2.0061594247818
6.99129831632754 4.19232761859894 4.44225929677486 2.20379674434662
7.68350712907217 4.19232761859894 4.89712089300156 2.43648374080658
8.45199512379247 4.19232761859894 5.42642688751221 2.63377571105957
9.28882760400582 4.19232761859894 5.73814511299133 2.83994519710541
10.2085149119472 4.19232761859894 6.05187594890594 3.05557346343994
11.2192605084528 4.19232761859894 6.53303217887878 3.42853283882141
12.330080079446 4.19232761859894 6.60861086845398 3.77203094959259
13.5508819543863 4.19232761859894 6.63007950782776 4.16298258304596
14.8925554869521 4.19232761859894 6.64524078369141 4.42760396003723
16.3670681863003 4.19232761859894 6.64524078369141 4.81553608179092
17.9875724652967 4.19232761859894 6.64524078369141 5.02852702140808
19.7685229578944 4.19232761859894 6.64524078369141 5.37285757064819
21.7258054521118 4.19232761859894 6.64524078369141 5.74130964279175
23.8768785886714 4.19232761859894 6.64524078369141 6.09223246574402
26.2409295892292 4.19232761859894 6.64524078369141 6.52301478385925
28.8390454032626 4.19232761859894 6.64524078369141 6.8934006690979
31.6944008002223 4.19232761859894 6.64524078369141 6.8934006690979
34.8324650846968 4.19232761859894 6.64524078369141 6.8934006690979
38.3163339475004 4.19232761859894 6.64524078369141 9.49998950958252
42.1100361799719 4.19232761859894 6.64524078369141 11.9040594100952
46.2793530693252 4.19232761859894 6.64524078369141 13.4938396215439
50.8614742424258 4.19232761859894 6.64524078369141 14.4783651828766
55.8972714730444 4.19232761859894 6.64524078369141 14.84547996521
61.4316632514152 4.19232761859894 6.64524078369141 14.84547996521
67.5140154498445 4.19232761859894 6.64524078369141 17.9978017807007
74.1985816582434 4.19232761859894 6.64524078369141 20.7087616920471
81.5449871173038 4.19232761859894 6.64524078369141 24.4620373249054
89.6187605659235 4.19232761859894 6.64524078369141 27.0735266208649
98.4919187468734 4.19232761859894 6.64524078369141 31.0801476836205
108.243608784401 4.19232761859894 7.45439720153809 32.8432817459106
118.960814163673 4.19232761859894 7.45439720153809 32.8432817459106
130.739130609284 4.19232761859894 7.45439720153809 37.7620506286621
143.683618783529 4.19232761859894 7.45439720153809 37.7620506286621
157.909741410383 4.19232761859894 7.45439720153809 37.7620506286621
173.703536936922 4.19232761859894 7.45439720153809 50.5187330245972
190.901933233621 4.19232761859894 7.45439720153809 50.5187330245972
209.803143649102 4.19232761859894 7.46360635757446 65.0575659275055
230.575763898515 4.19232761859894 7.46360635757446 65.3642129898071
253.405082367608 4.19232761859894 7.46360635757446 65.3642129898071
278.494732854913 4.19232761859894 7.46360635757446 65.3642129898071
306.068510952025 4.19232761859894 7.46360635757446 65.3642129898071
336.372370263797 4.19232761859894 7.46360635757446 65.3642129898071
369.676616274388 4.19232761859894 7.46360635757446 65.3642129898071
370.015617281199 4.19232761859894 7.46360635757446 65.3642129898071
