0.0194894644874591 0.586059033870697 0.00927591323852539 0.00622522830963135
0.0195076157341004 0.586059033870697 0.00927591323852539 0.00622522830963135
0.0214706726399789 0.586059033870697 0.00927591323852539 0.00622522830963135
0.0236312725192399 0.586059033870697 0.00927591323852539 0.00622522830963135
0.0260092941773403 0.586059033870697 0.00927591323852539 0.00622522830963135
0.02862661682957 0.586059033870697 0.00927591323852539 0.00622522830963135
0.0315073214028609 0.586059033870697 0.0181615948677063 0.0124623477458954
0.0346779120946542 0.586059033870697 0.0181615948677063 0.0124623477458954
0.0381675602272991 0.586059033870697 0.0181615948677063 0.0124623477458954
0.0420083726415892 0.586059033870697 0.0181615948677063 0.0124623477458954
0.0462787480746938 0.586059033870697 0.0321402847766876 0.0124623477458954
0.0509357916233132 0.586059033870697 0.0321402847766876 0.0124623477458954
0.056061474785492 0.586059033870697 0.0321402847766876 0.0124623477458954
0.0617029568985016 0.586059033870697 0.0321402847766876 0.0124623477458954
0.0679121429571029 0.651752918958664 0.0321402847766876 0.0218223333358765
0.0747461611704054 0.768446087837219 0.0440521240234375 0.0218223333358765
0.0822678885754094 0.967256665229797 0.0440521240234375 0.0256103277206421
0.0905465295431877 1.00701880455017 0.0474210977554321 0.0256103277206421
0.0996582525003081 1.9137766957283 0.0655695199966431 0.0360413044691086
0.109686890723714 2.30101633071899 0.0977279543876648 0.040391206741333
0.120724713656792 2.30101633071899 0.0977279543876648 0.0471779853105545
0.132873275843195 2.74790793657303 0.104885131120682 0.0598179697990417
0.146244351289115 2.74790793657303 0.138137523084879 0.0658975839614868
0.160960961850701 2.74790793657303 0.16535222530365 0.0680038928985596
0.177158509108387 2.74790793657303 0.174966275691986 0.0837706327438354
0.194986020142061 2.80583125352859 0.207790374755859 0.0948703289031982
0.214807390451206 3.0089550614357 0.225585915148258 0.104726240038872
0.23642351909587 3.39448344707489 0.249609593302011 0.117384567856789
0.260214884898814 3.51117664575577 0.282444186508656 0.138786640018225
0.286400382592417 3.51117664575577 0.293573077768087 0.147745788097382
0.315220934348083 3.7056565284729 0.3439601957798 0.166506677865982
0.346941706403675 3.7056565284729 0.371639497578144 0.182915315032005
0.381854548750803 3.7056565284729 0.42733633518219 0.199191451072693
0.420280680328535 3.70566511154175 0.458530846983194 0.221061050891876
0.462573644428912 3.84656143188477 0.495975498110056 0.25153061747551
0.509122561505755 3.93300080299377 0.56345933303237 0.276580423116684
0.560355709314554 3.93300080299377 0.624613642692566 0.298940807580948
0.616744463322841 4.19232761859894 0.677442125976086 0.328322544693947
0.678807633645181 4.19232761859894 0.75872129201889 0.36697706580162
0.74711623840516 4.19232761859894 0.846629738807678 0.400545328855515
0.822298757442146 4.19232761859894 0.932326205074787 0.460601896047592
0.90504691470005 4.19232761859894 1.02085155248642 0.493863850831985
0.997049767162749 4.19232761859894 1.12823793292046 0.548863869160414
1.0973831681079 4.19232761859894 1.2588122189045 0.595411077141762
1.207813147656 4.19232761859894 1.37150155752897 0.656862378120422
1.32935572737641 4.19232761859894 1.50788587331772 0.722898900508881
1.46312917137724 4.19232761859894 1.66758799552917 0.795243486762047
1.61036427500108 4.19232761859894 1.8205269575119 0.883841007947922
1.77241568887504 4.19232761859894 1.97055965662003 0.978400912135839
1.95077438250316 4.19232761859894 2.1893025636673 1.06958717107773
2.14708136207369 4.19232761859894 2.38792133331299 1.16636200249195
2.36314276869316 4.19232761859894 2.62524425983429 1.29800000786781
2.60094649596008 4.19232761859894 2.82329320907593 1.42295658588409
2.86268047976978 4.19232761859894 3.09205639362335 1.56156393885612
3.15075282862747 4.19232761859894 3.34843325614929 1.72349166870117
3.46781397968047 4.19232761859894 3.60228168964386 1.88284540176392
3.81678108431816 4.19232761859894 3.88366258144379 2.0958833694458
4.2008648477019 4.19232761859894 4.3069953918457 2.2675883769989
4.62790519502682 4.19232761859894 4.60701465606689 2.47487163543701
5.09361260779729 4.19232761859894 4.87527871131897 2.68567934632301
5.6061842896419 4.19232761859894 5.21812272071838 2.95076096057892
6.17033620525356 4.19232761859894 5.57679224014282 3.25516375899315
6.79125888819023 4.19232761859894 6.19807493686676 3.49763202667236
7.47466519687438 4.19232761859894 6.70077586174011 3.85526049137115
8.22684287629239 4.19232761859894 6.70542931556702 4.14535129070282
9.05471240899251 4.19232761859894 6.80069231987 4.59437429904938
9.96589068764523 4.19232761859894 6.80069231987 4.73578321933746
10.9687610949915 4.19232761859894 6.80069231987 4.73578321933746
12.072550635956 4.19232761859894 6.80069231987 4.75020778179169
13.2874148315868 4.19232761859894 6.80069231987 4.89161670207977
14.6245311558961 4.19232761859894 6.80069231987 4.93106353282928
16.0962018752773 4.19232761859894 6.80069231987 4.93106353282928
17.7159672366814 4.19232761859894 6.83849132061005 5.39671802520752
19.4987300459514 4.19232761859894 6.83849132061005 5.59458887577057
21.4808800919766 4.19232761859894 6.83849132061005 5.71414268016815
23.6425071500281 4.19232761859894 6.83849132061005 5.71414268016815
26.0216593522121 4.19232761859894 6.94368863105774 5.92916142940521
28.6402263154973 4.19232761859894 6.94368863105774 6.47461807727814
31.5223004152183 4.19232761859894 6.94368863105774 7.40418553352356
34.6943984492749 4.19232761859894 6.94368863105774 8.22234523296356
38.1857056084627 4.19232761859894 6.94368863105774 8.71534502506256
42.0283439976073 4.19232761859894 6.94368863105774 8.71534502506256
46.2576681780564 4.19232761859894 6.94368863105774 9.14307308197021
50.9125904506965 4.19232761859894 6.94368863105774 9.21080684661865
56.0359388722924 4.19232761859894 6.94368863105774 11.1650552749634
61.674851299112 4.19232761859894 7.59201455116272 12.5266919136047
67.8812090832727 4.19232761859894 7.59201455116272 12.9195153713226
74.7121144120754 4.19232761859894 7.59201455116272 14.1551560163498
82.2304156821292 4.19232761859894 7.59201455116272 16.0242084264755
90.5052857420251 4.19232761859894 7.59201455116272 17.3690676689148
99.7056313992196 4.19232761859894 7.59201455116272 17.3690676689148
109.739037374665 4.19232761859894 7.59201455116272 17.3690676689148
120.782107840023 4.19232761859894 7.59201455116272 17.3690676689148
132.936445619368 4.19232761859894 8.16519260406494 17.3690676689148
146.313877857786 4.19232761859894 8.16519260406494 17.3690676689148
161.037484897703 4.19232761859894 8.16519260406494 17.3690676689148
177.242732691319 4.19232761859894 8.16519260406494 17.3690676689148
195.078719168039 4.19232761859894 8.16519260406494 17.3690676689148
214.709546024206 4.19232761859894 8.18969464302063 17.3690676689148
214.909512828253 4.19232761859894 8.18969464302063 17.3690676689148
