0.0194894644874591 0.586059033870697 0.00796562433242798 0.000375330448150635
0.0195076157341004 0.586059033870697 0.00796562433242798 0.000375330448150635
0.0214706726399789 0.586059033870697 0.00796562433242798 0.000375330448150635
0.0236312725192399 0.586059033870697 0.00796562433242798 0.000375330448150635
0.0260092941773403 0.586059033870697 0.00796562433242798 0.000375330448150635
0.02862661682957 0.586059033870697 0.00796562433242798 0.000375330448150635
0.0315073214028609 0.586059033870697 0.0165886282920837 0.000499129295349121
0.0346779120946542 0.586059033870697 0.0165886282920837 0.000499129295349121
0.0381675602272991 0.586059033870697 0.0165886282920837 0.000499129295349121
0.0420083726415892 0.586059033870697 0.0165886282920837 0.000499129295349121
0.0462787480746938 0.586059033870697 0.0165886282920837 0.000499129295349121
0.0509357916233132 0.586059033870697 0.0165886282920837 0.000499129295349121
0.056061474785492 0.586059033870697 0.0165886282920837 0.000499129295349121
0.0617029568985016 0.586059033870697 0.0165886282920837 0.000499129295349121
0.0679121429571029 0.586059033870697 0.0267327427864075 0.00755631923675537
0.0747461611704054 0.768446087837219 0.0480194836854935 0.0176717042922974
0.0822678885754094 0.967256665229797 0.0480194836854935 0.0263707637786865
0.0905465295431877 1.00701880455017 0.0480194836854935 0.0325298011302948
0.0996582525003081 1.9137766957283 0.0489834547042847 0.0325298011302948
0.109686890723714 1.9137766957283 0.096405029296875 0.0325298011302948
0.120724713656792 1.9137766957283 0.0973772406578064 0.0420019328594208
0.132873275843195 2.74790793657303 0.0973772406578064 0.0480092465877533
0.146244351289115 2.74790793657303 0.127050399780273 0.054372251033783
0.160960961850701 2.74790793657303 0.132433459162712 0.0629040002822876
0.177158509108387 2.74790793657303 0.166676715714857 0.0797092691063881
0.194986020142061 2.80583125352859 0.211160659790039 0.0817479491233826
0.214807390451206 2.80583125352859 0.21513643860817 0.0901695489883423
0.23642351909587 3.39448344707489 0.240796745754778 0.104715272784233
0.260214884898814 3.51117664575577 0.282657608389854 0.115070164203644
0.286400382592417 3.51117664575577 0.285980373620987 0.129307627677917
0.315220934348083 3.56563341617584 0.329958900809288 0.139485090970993
0.346941706403675 3.56563341617584 0.365357533097267 0.159016072750092
0.381854548750803 3.56563341617584 0.417915463447571 0.170617789030075
0.420280680328535 3.62527656555176 0.443945840001106 0.19072151184082
0.462573644428912 3.84656143188477 0.49948398838751 0.212255716323853
0.509122561505755 3.84656143188477 0.546660616993904 0.235478200018406
0.560355709314554 3.93300080299377 0.618477374315262 0.263538040220737
0.616744463322841 3.98659324645996 0.678030744194984 0.287749215960503
0.678807633645181 3.98659324645996 0.75750733865425 0.316609054803848
0.74711623840516 4.04104995727539 0.841265946626663 0.345761232078075
0.822298757442146 4.06265139579773 0.92847353219986 0.383481211960316
0.90504691470005 4.17070913314819 1.01792994141579 0.418898902833462
0.997049767162749 4.17070913314819 1.12498818337917 0.468372404575348
1.0973831681079 4.17070913314819 1.23922385275364 0.515811026096344
1.207813147656 4.17070913314819 1.3543623238802 0.572295665740967
1.32935572737641 4.17070913314819 1.51372045278549 0.628289900720119
1.46312917137724 4.17070913314819 1.64933288097382 0.69559296220541
1.61036427500108 4.19232761859894 1.77684569358826 0.754626341164112
1.77241568887504 4.19232761859894 1.95543926954269 0.833259373903275
1.95077438250316 4.19232761859894 2.19344711303711 0.92003607749939
2.14708136207369 4.19232761859894 2.38720554113388 1.01910549402237
2.36314276869316 4.19232761859894 2.63158273696899 1.11160165071487
2.60094649596008 4.19232761859894 2.79223799705505 1.21779030561447
2.86268047976978 4.19232761859894 3.08825922012329 1.34135672450066
3.15075282862747 4.19232761859894 3.32712161540985 1.48067772388458
3.46781397968047 4.19232761859894 3.59658789634705 1.64139640331268
3.81678108431816 4.19232761859894 3.88660502433777 1.81139099597931
4.2008648477019 4.19232761859894 4.33469033241272 1.99316358566284
4.62790519502682 4.19232761859894 4.46265542507172 2.17168235778809
5.09361260779729 4.19232761859894 4.84823381900787 2.38589137792587
5.6061842896419 4.19232761859894 5.22922921180725 2.59413242340088
6.17033620525356 4.19232761859894 5.57263100147247 2.84368920326233
6.79125888819023 4.19232761859894 6.04715526103973 3.09259569644928
7.47466519687438 4.19232761859894 6.66429686546326 3.35428035259247
8.22684287629239 4.19232761859894 6.67215275764465 3.54526269435883
9.05471240899251 4.19232761859894 6.6884286403656 3.73851597309113
9.96589068764523 4.19232761859894 6.6884286403656 3.92288011312485
10.9687610949915 4.19232761859894 6.6884286403656 4.33615052700043
12.072550635956 4.19232761859894 6.6884286403656 4.47672986984253
13.2874148315868 4.19232761859894 6.6884286403656 4.6834853887558
14.6245311558961 4.19232761859894 6.6884286403656 4.7761344909668
16.0962018752773 4.19232761859894 6.6884286403656 4.7761344909668
17.7159672366814 4.19232761859894 6.6884286403656 4.7761344909668
19.4987300459514 4.19232761859894 6.6884286403656 4.7761344909668
21.4808800919766 4.19232761859894 6.6884286403656 4.7761344909668
23.6425071500281 4.19232761859894 6.6884286403656 4.8583015203476
26.0216593522121 4.19232761859894 6.6884286403656 5.43383097648621
28.6402263154973 4.19232761859894 6.6884286403656 5.72599077224731
31.5223004152183 4.19232761859894 6.6884286403656 6.28079175949097
34.6943984492749 4.19232761859894 6.6884286403656 6.28079175949097
38.1857056084627 4.19232761859894 6.6884286403656 6.73653936386108
42.0283439976073 4.19232761859894 6.6884286403656 6.83725619316101
46.2576681780564 4.19232761859894 6.6884286403656 7.28210783004761
50.9125904506965 4.19232761859894 6.6884286403656 7.79626822471619
56.0359388722924 4.19232761859894 6.6884286403656 8.34134864807129
61.674851299112 4.19232761859894 6.6884286403656 9.17411494255066
67.8812090832727 4.19232761859894 6.6884286403656 10.4461828246713
74.7121144120754 4.19232761859894 6.6884286403656 12.1173763275146
82.2304156821292 4.19232761859894 6.6884286403656 13.1186923980713
90.5052857420251 4.19232761859894 6.81443953514099 14.0777044296265
99.7056313992196 4.19232761859894 7.57788252830505 14.6689057350159
109.739037374665 4.19232761859894 7.57788252830505 18.7679834365845
120.782107840023 4.19232761859894 7.57788252830505 20.5054903030396
132.936445619368 4.19232761859894 7.70389342308044 21.4645023345947
146.313877857786 4.19232761859894 7.70389342308044 21.4645023345947
161.037484897703 4.19232761859894 7.70389342308044 21.4645023345947
177.242732691319 4.19232761859894 7.70389342308044 21.4645023345947
195.078719168039 4.19232761859894 7.70389342308044 21.4645023345947
214.709546024206 4.19232761859894 7.70389342308044 21.4645023345947
214.909512828253 4.19232761859894 7.70389342308044 21.4645023345947
