0.0194894644874591 0.586059033870697 0.00942772626876831 0.00508895516395569
0.0195076157341004 0.586059033870697 0.00942772626876831 0.00508895516395569
0.0214706726399789 0.586059033870697 0.00942772626876831 0.00508895516395569
0.0236312725192399 0.586059033870697 0.00942772626876831 0.00508895516395569
0.0260092941773403 0.586059033870697 0.00942772626876831 0.00508895516395569
0.02862661682957 0.586059033870697 0.00942772626876831 0.00508895516395569
0.0315073214028609 0.586059033870697 0.0183084607124329 0.00508895516395569
0.0346779120946542 0.586059033870697 0.0183084607124329 0.00508895516395569
0.0381675602272991 0.586059033870697 0.0183084607124329 0.00508895516395569
0.0420083726415892 0.586059033870697 0.0183084607124329 0.00508895516395569
0.0462787480746938 0.586059033870697 0.0183084607124329 0.00508895516395569
0.0509357916233132 0.586059033870697 0.0183084607124329 0.00508895516395569
0.056061474785492 0.586059033870697 0.0183084607124329 0.00508895516395569
0.0617029568985016 0.586059033870697 0.0183084607124329 0.00508895516395569
0.0679121429571029 0.586059033870697 0.0311197638511658 0.0108674466609955
0.0747461611704054 0.768446087837219 0.0471068769693375 0.0238000303506851
0.0822678885754094 0.967256665229797 0.0471068769693375 0.0272376984357834
0.0905465295431877 1.00701880455017 0.0472579598426819 0.0380549430847168
0.0996582525003081 1.9137766957283 0.0515099465847015 0.0380549430847168
0.109686890723714 1.9137766957283 0.102862656116486 0.0534543395042419
0.120724713656792 1.9137766957283 0.102862656116486 0.0534543395042419
0.132873275843195 2.74790793657303 0.102862656116486 0.0571704506874084
0.146244351289115 2.74790793657303 0.130492210388184 0.0710894465446472
0.160960961850701 2.74790793657303 0.133986100554466 0.0812761783599854
0.177158509108387 2.74790793657303 0.171698721242137 0.0858892202377319
0.194986020142061 2.80583125352859 0.217146277427673 0.101659655570984
0.214807390451206 2.80583125352859 0.227587822824717 0.121049672365189
0.23642351909587 3.39448344707489 0.255600215867162 0.129111528396606
0.260214884898814 3.51117664575577 0.291553482413292 0.139580011367798
0.286400382592417 3.51117664575577 0.299564395099878 0.159605205059052
0.315220934348083 3.56563341617584 0.345658779144287 0.172288566827774
0.346941706403675 3.56563341617584 0.380516786128283 0.19307978451252
0.381854548750803 3.56563341617584 0.437444508075714 0.212799370288849
0.420280680328535 3.62527656555176 0.46104933321476 0.238858342170715
0.462573644428912 3.84656143188477 0.512520957738161 0.265620619058609
0.509122561505755 3.84656143188477 0.567098304629326 0.289905160665512
0.560355709314554 3.93300080299377 0.647066622972488 0.325065404176712
0.616744463322841 3.98659324645996 0.701991870999336 0.35332852602005
0.678807633645181 3.98659324645996 0.786561381071806 0.393001019954681
0.74711623840516 4.04104995727539 0.876047044992447 0.427471280097961
0.822298757442146 4.06265139579773 0.962667167186737 0.47049954533577
0.90504691470005 4.17070913314819 1.05917192995548 0.527863383293152
0.997049767162749 4.17070913314819 1.16597656905651 0.582649499177933
1.0973831681079 4.17070913314819 1.29112024605274 0.638576239347458
1.207813147656 4.17070913314819 1.41475196182728 0.700795829296112
1.32935572737641 4.17070913314819 1.56331622600555 0.769729465246201
1.46312917137724 4.17070913314819 1.71978831291199 0.828807353973389
1.61036427500108 4.19232761859894 1.85152131319046 0.93064571917057
1.77241568887504 4.19232761859894 2.02549558877945 0.986312180757523
1.95077438250316 4.19232761859894 2.26623660326004 1.11805853247643
2.14708136207369 4.19232761859894 2.46574687957764 1.1813026368618
2.36314276869316 4.19232761859894 2.71171975135803 1.28313168883324
2.60094649596008 4.19232761859894 2.89553534984589 1.39319002628326
2.86268047976978 4.19232761859894 3.18020927906036 1.4980923384428
3.15075282862747 4.19232761859894 3.41811490058899 1.70363360643387
3.46781397968047 4.19232761859894 3.69680857658386 1.78252586722374
3.81678108431816 4.19232761859894 3.99075531959534 1.96613112092018
4.2008648477019 4.19232761859894 4.41901659965515 2.06753376126289
4.62790519502682 4.19232761859894 4.52844870090485 2.18251106142998
5.09361260779729 4.19232761859894 4.93617856502533 2.37562274932861
5.6061842896419 4.19232761859894 5.31755661964417 2.5239953994751
6.17033620525356 4.19232761859894 5.66878044605255 2.65265727043152
6.79125888819023 4.19232761859894 6.13154137134552 2.77067303657532
7.47466519687438 4.19232761859894 6.77897953987122 3.13436603546143
8.22684287629239 4.19232761859894 6.77897953987122 3.26831412315369
9.05471240899251 4.19232761859894 6.83444333076477 3.59459042549133
9.96589068764523 4.19232761859894 6.83444333076477 3.59459042549133
10.9687610949915 4.19232761859894 6.83444333076477 3.91101145744324
12.072550635956 4.19232761859894 6.83444333076477 4.36844182014465
13.2874148315868 4.19232761859894 6.83444333076477 4.57353949546814
14.6245311558961 4.19232761859894 6.83444333076477 4.91079521179199
16.0962018752773 4.19232761859894 6.83444333076477 4.93332028388977
17.7159672366814 4.19232761859894 6.98033344745636 5.46805095672607
19.4987300459514 4.19232761859894 6.98033344745636 5.46805095672607
21.4808800919766 4.19232761859894 6.98033344745636 5.6282067745924
23.6425071500281 4.19232761859894 6.98033344745636 6.37342178821564
26.0216593522121 4.19232761859894 6.98033344745636 7.57928252220154
28.6402263154973 4.19232761859894 6.98033344745636 7.57928252220154
31.5223004152183 4.19232761859894 6.98033344745636 8.56556487083435
34.6943984492749 4.19232761859894 6.98033344745636 8.56556487083435
38.1857056084627 4.19232761859894 6.98033344745636 8.56556487083435
42.0283439976073 4.19232761859894 6.98033344745636 8.56556487083435
46.2576681780564 4.19232761859894 6.98033344745636 9.37754034996033
50.9125904506965 4.19232761859894 6.98033344745636 9.37754034996033
56.0359388722924 4.19232761859894 6.98033344745636 9.37754034996033
61.674851299112 4.19232761859894 6.98033344745636 9.37754034996033
67.8812090832727 4.19232761859894 6.98033344745636 9.37754034996033
74.7121144120754 4.19232761859894 6.98625528812408 9.37754034996033
82.2304156821292 4.19232761859894 7.28338825702667 14.4669380187988
90.5052857420251 4.19232761859894 7.67535948753357 14.4669380187988
99.7056313992196 4.19232761859894 7.67535948753357 16.2507553100586
109.739037374665 4.19232761859894 7.67535948753357 16.2507553100586
120.782107840023 4.19232761859894 7.67535948753357 16.2507553100586
132.936445619368 4.19232761859894 8.40259456634521 16.2507553100586
146.313877857786 4.19232761859894 8.40259456634521 16.2507553100586
161.037484897703 4.19232761859894 8.40259456634521 16.2507553100586
177.242732691319 4.19232761859894 8.40259456634521 16.2507553100586
195.078719168039 4.19232761859894 8.40259456634521 16.2507553100586
214.709546024206 4.19232761859894 8.40259456634521 16.2507553100586
214.909512828253 4.19232761859894 8.40259456634521 16.2507553100586
