0.0194894644874591 0.586059033870697 0.00818073749542236 0.000938475131988525
0.0195076157341004 0.586059033870697 0.00818073749542236 0.000938475131988525
0.0214706726399789 0.586059033870697 0.00818073749542236 0.000938475131988525
0.0236312725192399 0.586059033870697 0.00818073749542236 0.000938475131988525
0.0260092941773403 0.586059033870697 0.00818073749542236 0.000938475131988525
0.02862661682957 0.586059033870697 0.00818073749542236 0.000938475131988525
0.0315073214028609 0.586059033870697 0.0168464183807373 0.00339078903198242
0.0346779120946542 0.586059033870697 0.0168464183807373 0.00339078903198242
0.0381675602272991 0.586059033870697 0.0168464183807373 0.00339078903198242
0.0420083726415892 0.586059033870697 0.0168464183807373 0.00339078903198242
0.0462787480746938 0.586059033870697 0.0168464183807373 0.00339078903198242
0.0509357916233132 0.586059033870697 0.0168464183807373 0.00339078903198242
0.056061474785492 0.586059033870697 0.0168464183807373 0.00339078903198242
0.0617029568985016 0.586059033870697 0.0168464183807373 0.00339078903198242
0.0679121429571029 0.586059033870697 0.0272635221481323 0.00339078903198242
0.0747461611704054 0.768446087837219 0.0468961745500565 0.0177196264266968
0.0822678885754094 0.967256665229797 0.0468961745500565 0.0205655097961426
0.0905465295431877 1.00701880455017 0.0468961745500565 0.0307335257530212
0.0996582525003081 1.9137766957283 0.0496352910995483 0.0307335257530212
0.109686890723714 1.9137766957283 0.0959651470184326 0.0446771383285522
0.120724713656792 1.9137766957283 0.0966905951499939 0.0497263967990875
0.132873275843195 2.74790793657303 0.0966905951499939 0.0557636320590973
0.146244351289115 2.74790793657303 0.125597476959229 0.0618735253810883
0.160960961850701 2.74790793657303 0.131144627928734 0.0664555430412292
0.177158509108387 2.74790793657303 0.165354985161684 0.0816284120082855
0.194986020142061 2.80583125352859 0.209219932556152 0.0937585234642029
0.214807390451206 2.80583125352859 0.214834246784449 0.0987676382064819
0.23642351909587 3.39448344707489 0.241442326456308 0.116237252950668
0.260214884898814 3.51117664575577 0.281288132071495 0.123712837696075
0.286400382592417 3.51117664575577 0.285971913486719 0.139204904437065
0.315220934348083 3.56563341617584 0.328811079263687 0.154577493667603
0.346941706403675 3.56563341617584 0.364155903458595 0.167297303676605
0.381854548750803 3.56563341617584 0.41663134098053 0.192351967096329
0.420280680328535 3.62527656555176 0.443314179778099 0.210569009184837
0.462573644428912 3.84656143188477 0.49569185404107 0.230446219444275
0.509122561505755 3.84656143188477 0.544060539454222 0.255938231945038
0.560355709314554 3.93300080299377 0.614652365446091 0.284945964813232
0.616744463322841 3.98659324645996 0.674137488007545 0.306519106030464
0.678807633645181 3.98659324645996 0.753395211882889 0.348932504653931
0.74711623840516 4.04104995727539 0.837120771408081 0.37202125787735
0.822298757442146 4.06265139579773 0.92281174659729 0.417243123054504
0.90504691470005 4.17070913314819 1.01192674040794 0.455008983612061
0.997049767162749 4.17070913314819 1.11834068596363 0.504350870847702
1.0973831681079 4.17070913314819 1.23391674458981 0.544688761234283
1.207813147656 4.17070913314819 1.35059691593051 0.605434194207191
1.32935572737641 4.17070913314819 1.50437980890274 0.659366026520729
1.46312917137724 4.17070913314819 1.64444822072983 0.730693772435188
1.61036427500108 4.19232761859894 1.77133148908615 0.813854813575745
1.77241568887504 4.19232761859894 1.94263279438019 0.904248297214508
1.95077438250316 4.19232761859894 2.1808140873909 0.995972812175751
2.14708136207369 4.19232761859894 2.3727331161499 1.09350556135178
2.36314276869316 4.19232761859894 2.6140758395195 1.19613099098206
2.60094649596008 4.19232761859894 2.78516757488251 1.29693526029587
2.86268047976978 4.19232761859894 3.07490372657776 1.43431091308594
3.15075282862747 4.19232761859894 3.30472683906555 1.54240882396698
3.46781397968047 4.19232761859894 3.58254837989807 1.70135247707367
3.81678108431816 4.19232761859894 3.86935830116272 1.945720911026
4.2008648477019 4.19232761859894 4.3103723526001 2.10994184017181
4.62790519502682 4.19232761859894 4.43883740901947 2.30921387672424
5.09361260779729 4.19232761859894 4.82762229442596 2.56928312778473
5.6061842896419 4.19232761859894 5.20864319801331 2.7269594669342
6.17033620525356 4.19232761859894 5.55175745487213 2.98434793949127
6.79125888819023 4.19232761859894 6.0268007516861 3.21583473682404
7.47466519687438 4.19232761859894 6.64762091636658 3.3808342218399
8.22684287629239 4.19232761859894 6.65530014038086 3.68539392948151
9.05471240899251 4.19232761859894 6.68567132949829 4.06990468502045
9.96589068764523 4.19232761859894 6.68567132949829 4.56126880645752
10.9687610949915 4.19232761859894 6.68567132949829 5.16943120956421
12.072550635956 4.19232761859894 6.68567132949829 5.4857177734375
13.2874148315868 4.19232761859894 6.68567132949829 6.2421088218689
14.6245311558961 4.19232761859894 6.68567132949829 6.55871820449829
16.0962018752773 4.19232761859894 6.68567132949829 6.74154806137085
17.7159672366814 4.19232761859894 6.68567132949829 6.74154806137085
19.4987300459514 4.19232761859894 6.68567132949829 6.77300643920898
21.4808800919766 4.19232761859894 6.68567132949829 8.9725307226181
23.6425071500281 4.19232761859894 6.68567132949829 8.9725307226181
26.0216593522121 4.19232761859894 6.68567132949829 10.1787300109863
28.6402263154973 4.19232761859894 6.68567132949829 11.4424442052841
31.5223004152183 4.19232761859894 6.68567132949829 12.6486434936523
34.6943984492749 4.19232761859894 6.68567132949829 12.6486434936523
38.1857056084627 4.19232761859894 6.68567132949829 12.6486434936523
42.0283439976073 4.19232761859894 6.68567132949829 15.8652067184448
46.2576681780564 4.19232761859894 6.68567132949829 18.3351202011108
50.9125904506965 4.19232761859894 6.68567132949829 18.3351202011108
56.0359388722924 4.19232761859894 6.68567132949829 18.3351202011108
61.674851299112 4.19232761859894 6.68567132949829 18.3351202011108
67.8812090832727 4.19232761859894 6.68567132949829 18.3351202011108
74.7121144120754 4.19232761859894 6.68567132949829 18.8115188479424
82.2304156821292 4.19232761859894 6.68567132949829 29.6902055740356
90.5052857420251 4.19232761859894 6.9045729637146 29.6902055740356
99.7056313992196 4.19232761859894 7.60174369812012 35.0342893600464
109.739037374665 4.19232761859894 7.60174369812012 35.0342893600464
120.782107840023 4.19232761859894 7.60174369812012 39.6306076049805
132.936445619368 4.19232761859894 7.82064533233643 43.0639743804932
146.313877857786 4.19232761859894 7.82064533233643 43.0639743804932
161.037484897703 4.19232761859894 7.82064533233643 43.0639743804932
177.242732691319 4.19232761859894 7.82064533233643 43.0639743804932
195.078719168039 4.19232761859894 7.82064533233643 43.0639743804932
214.709546024206 4.19232761859894 7.82064533233643 43.0639743804932
214.909512828253 4.19232761859894 7.82064533233643 43.0639743804932
