0.0194894644874591 0.586059033870697 0.00879311561584473 0.0021938681602478
0.0195076157341004 0.586059033870697 0.00879311561584473 0.0021938681602478
0.0214706726399789 0.586059033870697 0.00879311561584473 0.0021938681602478
0.0236312725192399 0.586059033870697 0.00879311561584473 0.0021938681602478
0.0260092941773403 0.586059033870697 0.00879311561584473 0.0021938681602478
0.02862661682957 0.586059033870697 0.00879311561584473 0.0021938681602478
0.0315073214028609 0.586059033870697 0.0176060497760773 0.00506192445755005
0.0346779120946542 0.586059033870697 0.0176060497760773 0.00506192445755005
0.0381675602272991 0.586059033870697 0.0176060497760773 0.00506192445755005
0.0420083726415892 0.586059033870697 0.0176060497760773 0.00506192445755005
0.0462787480746938 0.586059033870697 0.0313026010990143 0.0119961649179459
0.0509357916233132 0.586059033870697 0.0313026010990143 0.0119961649179459
0.056061474785492 0.586059033870697 0.0313026010990143 0.0119961649179459
0.0617029568985016 0.586059033870697 0.0313026010990143 0.0119961649179459
0.0679121429571029 0.651752918958664 0.0313026010990143 0.0210864841938019
0.0747461611704054 0.768446087837219 0.0417501181364059 0.0268665552139282
0.0822678885754094 0.967256665229797 0.0418761372566223 0.0395106971263885
0.0905465295431877 1.00701880455017 0.0470627248287201 0.0395106971263885
0.0996582525003081 1.9137766957283 0.0622448921203613 0.0443625152111053
0.109686890723714 2.30101633071899 0.0934389531612396 0.0579379498958588
0.120724713656792 2.30101633071899 0.0934389531612396 0.0614732056856155
0.132873275843195 2.74790793657303 0.102562576532364 0.062343955039978
0.146244351289115 2.74790793657303 0.132981115952134 0.0701621174812317
0.160960961850701 2.74790793657303 0.158625915646553 0.0813114643096924
0.177158509108387 2.74790793657303 0.16816309094429 0.101433932781219
0.194986020142061 2.80583125352859 0.198750495910645 0.112914621829987
0.214807390451206 3.0089550614357 0.21754901856184 0.123657494783401
0.23642351909587 3.39448344707489 0.240820521488786 0.136506378650665
0.260214884898814 3.51117664575577 0.272499389946461 0.154501020908356
0.286400382592417 3.51117664575577 0.284904710948467 0.166626363992691
0.315220934348083 3.7056565284729 0.330197900533676 0.192028731107712
0.346941706403675 3.7056565284729 0.359791703522205 0.208541393280029
0.381854548750803 3.7056565284729 0.409727513790131 0.234815120697021
0.420280680328535 3.70566511154175 0.441667684353888 0.259691700339317
0.462573644428912 3.84656143188477 0.478100515902042 0.288744732737541
0.509122561505755 3.93300080299377 0.542762957513332 0.323120474815369
0.560355709314554 3.93300080299377 0.597436472773552 0.349348157644272
0.616744463322841 4.19232761859894 0.651301108300686 0.385879591107368
0.678807633645181 4.19232761859894 0.72925790399313 0.431281566619873
0.74711623840516 4.19232761859894 0.815977767109871 0.477469429373741
0.822298757442146 4.19232761859894 0.894401035271585 0.520187675952911
0.90504691470005 4.19232761859894 0.982224553823471 0.571063220500946
0.997049767162749 4.19232761859894 1.08664461970329 0.634518563747406
1.0973831681079 4.19232761859894 1.20789536833763 0.698975205421448
1.207813147656 4.19232761859894 1.32062461227179 0.765615746378899
1.32935572737641 4.19232761859894 1.44955801963806 0.837223201990128
1.46312917137724 4.19232761859894 1.60630398988724 0.925606310367584
1.61036427500108 4.19232761859894 1.75320036709309 1.0164190530777
1.77241568887504 4.19232761859894 1.89756923913956 1.12306118011475
1.95077438250316 4.19232761859894 2.10827296972275 1.23253421485424
2.14708136207369 4.19232761859894 2.30195736885071 1.34072440862656
2.36314276869316 4.19232761859894 2.53152900934219 1.46419930458069
2.60094649596008 4.19232761859894 2.7367525100708 1.61612355709076
2.86268047976978 4.19232761859894 2.99444711208344 1.76810573041439
3.15075282862747 4.19232761859894 3.25047659873962 1.95423054695129
3.46781397968047 4.19232761859894 3.4935268163681 2.11349850893021
3.81678108431816 4.19232761859894 3.76569020748138 2.34144330024719
4.2008648477019 4.19232761859894 4.18760061264038 2.55949139595032
4.62790519502682 4.19232761859894 4.47234523296356 2.7894287109375
5.09361260779729 4.19232761859894 4.75211024284363 3.01822590827942
5.6061842896419 4.19232761859894 5.10283517837524 3.23440551757812
6.17033620525356 4.19232761859894 5.46398484706879 3.53536903858185
6.79125888819023 4.19232761859894 6.08216166496277 3.89975464344025
7.47466519687438 4.19232761859894 6.57678127288818 4.20958828926086
8.22684287629239 4.19232761859894 6.62054395675659 4.61518931388855
9.05471240899251 4.19232761859894 6.70613718032837 5.00279903411865
9.96589068764523 4.19232761859894 6.70613718032837 5.42962884902954
10.9687610949915 4.19232761859894 6.70613718032837 5.42962884902954
12.072550635956 4.19232761859894 6.70613718032837 5.80311584472656
13.2874148315868 4.19232761859894 6.70613718032837 6.3362193107605
14.6245311558961 4.19232761859894 6.70613718032837 6.70970630645752
16.0962018752773 4.19232761859894 6.70613718032837 6.83129262924194
17.7159672366814 4.19232761859894 6.70613718032837 7.34827375411987
19.4987300459514 4.19232761859894 6.70613718032837 7.34827375411987
21.4808800919766 4.19232761859894 6.70613718032837 8.15331709384918
23.6425071500281 4.19232761859894 6.70613718032837 8.64515340328217
26.0216593522121 4.19232761859894 6.87559032440186 9.61257839202881
28.6402263154973 4.19232761859894 6.87559032440186 11.2404454946518
31.5223004152183 4.19232761859894 6.87559032440186 11.8750905990601
34.6943984492749 4.19232761859894 6.87559032440186 13.1144609451294
38.1857056084627 4.19232761859894 6.87559032440186 13.1144609451294
42.0283439976073 4.19232761859894 6.87559032440186 13.1144609451294
46.2576681780564 4.19232761859894 6.87559032440186 13.1144609451294
50.9125904506965 4.19232761859894 6.87559032440186 13.1144609451294
56.0359388722924 4.19232761859894 6.87559032440186 13.1144609451294
61.674851299112 4.19232761859894 7.02937126159668 13.1144609451294
67.8812090832727 4.19232761859894 7.02937126159668 13.1144609451294
74.7121144120754 4.19232761859894 7.02937126159668 14.4144003391266
82.2304156821292 4.19232761859894 7.02937126159668 18.8732652664185
90.5052857420251 4.19232761859894 7.02937126159668 18.8732652664185
99.7056313992196 4.19232761859894 7.40115118026733 20.871111869812
109.739037374665 4.19232761859894 7.40115118026733 20.871111869812
120.782107840023 4.19232761859894 7.40115118026733 20.871111869812
132.936445619368 4.19232761859894 7.55493211746216 20.871111869812
146.313877857786 4.19232761859894 7.55493211746216 20.871111869812
161.037484897703 4.19232761859894 7.55493211746216 27.5101709365845
177.242732691319 4.19232761859894 7.55493211746216 27.5101709365845
195.078719168039 4.19232761859894 7.55493211746216 38.8690366744995
214.709546024206 4.19232761859894 7.61438465118408 38.8690366744995
214.909512828253 4.19232761859894 7.61438465118408 38.8690366744995
