0.0387145280838013 0.586059033870697 0.00855773687362671 0.00370030105113983
0.0387500300966981 0.586059033870697 0.00855773687362671 0.00370030105113983
0.0425866726076336 0.586059033870697 0.00855773687362671 0.00370030105113983
0.0468031812946723 0.586059033870697 0.00855773687362671 0.00370030105113983
0.0514371667278207 0.586059033870697 0.00855773687362671 0.00370030105113983
0.0565299633015929 0.586059033870697 0.00855773687362671 0.00370030105113983
0.0621269979310704 0.586059033870697 0.00855773687362671 0.00370030105113983
0.068278195252578 0.586059033870697 0.00855773687362671 0.00370030105113983
0.0750384229432996 0.586059033870697 0.0173052847385406 0.00741452723741531
0.0824679811320132 0.586059033870697 0.0173052847385406 0.00741452723741531
0.0907162527069789 0.586059033870697 0.0312220752239227 0.00741452723741531
0.0996980736423392 0.586059033870697 0.0312220752239227 0.00741452723741531
0.109569185139287 0.586059033870697 0.0312220752239227 0.00741452723741531
0.120417635902936 0.586059033870697 0.0312220752239227 0.00741452723741531
0.132340192345309 0.586059033870697 0.0312220752239227 0.00741452723741531
0.145443201725957 0.99837489426136 0.0650602579116821 0.00954228639602661
0.159843540752169 0.99837489426136 0.0650602579116821 0.0223706588149071
0.175669658100152 0.99837489426136 0.0650602579116821 0.0281027778983116
0.193062720156276 0.99837489426136 0.0837966054677963 0.0340650975704193
0.212177870198225 2.30101633071899 0.107848763465881 0.0359870791435242
0.233185612247737 2.30101633071899 0.107848763465881 0.0469658970832825
0.25627333193868 2.30101633071899 0.123357892036438 0.0471221581101418
0.281646967966354 2.74790793657303 0.14465244114399 0.0518616437911987
0.309532849027073 2.74790793657303 0.156450271606445 0.0524224415421486
0.340179712633237 2.74790793657303 0.182619273662567 0.055254153907299
0.373860923811385 2.74790793657303 0.207376003265381 0.067439803853631
0.411253695994416 3.10663169622421 0.249747764319181 0.0739780962467194
0.451971945990459 3.13343650102615 0.294835031032562 0.0834237337112427
0.496721712052834 3.13343650102615 0.311164207756519 0.0868489984422922
0.54590215479858 3.56563341617584 0.340345114469528 0.106694543734193
0.599951955758347 3.7056565284729 0.381533682346344 0.111751556396484
0.659353230344131 3.7056565284729 0.431896813213825 0.119977591559291
0.724635828240139 3.7056565284729 0.470187120139599 0.139756791293621
0.796382059575582 3.7056565284729 0.504503071308136 0.151590162888169
0.875231889036086 3.84656143188477 0.58531790971756 0.168698370456696
0.961888644244345 3.84656143188477 0.635679632425308 0.188252007588744
1.05712528932784 3.93300080299377 0.694848589599133 0.20229103602469
1.16179131963283 3.93300080299377 0.762501910328865 0.218053907155991
1.27682033908432 4.04104995727539 0.824666105210781 0.246059037744999
1.4032383877809 4.04104995727539 0.934495091438293 0.264407999813557
1.54217309410505 4.19232761859894 1.00959581136703 0.285997673869133
1.69486373298454 4.19232761859894 1.13504081964493 0.318074593320489
1.86438038854372 4.19232761859894 1.25730019807816 0.353690147399902
2.0489727885339 4.19232761859894 1.36095350980759 0.41549825668335
2.25184169172242 4.19232761859894 1.5265896320343 0.450404226779938
2.4747966556489 4.19232761859894 1.65307220071554 0.46598700247705
2.7198264022398 4.19232761859894 1.84028398990631 0.517834156751633
2.98911655688376 4.19232761859894 2.04073323309422 0.59314932487905
3.28506914385371 4.19232761859894 2.18231750279665 0.633005499839783
3.61032401197175 4.19232761859894 2.46956074237823 0.706090800464153
3.96778238163021 4.19232761859894 2.65176725387573 0.767537727952003
4.36063272320454 4.19232761859894 2.93490959238261 0.833534300327301
4.79237919768918 4.19232761859894 3.27665746212006 0.902466543018818
5.2668729132423 4.19232761859894 3.66082955431193 1.10232703387737
5.78834627644265 4.19232761859894 3.86519658565521 1.16075249016285
6.36145074466621 4.19232761859894 4.1183066368103 1.3075203653425
6.99129831632754 4.19232761859894 4.55348889529705 1.38062657415867
7.68350712907217 4.19232761859894 4.99619907140732 1.51223438978195
8.45199512379247 4.19232761859894 5.5177994966507 1.62301301956177
9.28882760400582 4.19232761859894 5.78808557987213 1.786601126194
10.2085149119472 4.19232761859894 6.09340310096741 1.91450649499893
11.2192605084528 4.19232761859894 6.54485034942627 2.25979888439178
12.330080079446 4.19232761859894 6.62517070770264 2.46041810512543
13.5508819543863 4.19232761859894 6.63846850395203 2.71029162406921
14.8925554869521 4.19232761859894 6.64764666557312 2.87713193893433
16.3670681863003 4.19232761859894 6.72154426574707 3.30810874700546
17.9875724652967 4.19232761859894 6.72217845916748 3.57714913785458
19.7685229578944 4.19232761859894 6.72217845916748 3.83783698827028
21.7258054521118 4.19232761859894 6.72217845916748 4.12530460953712
23.8768785886714 4.19232761859894 6.72217845916748 4.56241071224213
26.2409295892292 4.19232761859894 6.72217845916748 5.01507198810577
28.8390454032626 4.19232761859894 6.72217845916748 5.59588494896889
31.6944008002223 4.19232761859894 6.72217845916748 6.10493082366884
34.8324650846968 4.19232761859894 6.72217845916748 6.60183215141296
38.3163339475004 4.19232761859894 6.72217845916748 7.21068650484085
42.1100361799719 4.19232761859894 6.72217845916748 7.85324010252953
46.2793530693252 4.19232761859894 6.76514005661011 8.55449664592743
50.8614742424258 4.19232761859894 6.76514005661011 9.58242988586426
55.8972714730444 4.19232761859894 6.76514005661011 10.5702328681946
61.4316632514152 4.19232761859894 6.76514005661011 11.3166073560715
67.5140154498445 4.19232761859894 6.76514005661011 12.0926163196564
74.1985816582434 4.19232761859894 6.76514005661011 13.26100730896
81.5449871173038 4.19232761859894 6.76514005661011 15.3409733772278
89.6187605659235 4.19232761859894 7.06639909744263 16.4561200141907
98.4919187468734 4.19232761859894 7.06639909744263 18.3022747039795
108.243608784401 4.19232761859894 7.52695894241333 20.5400063991547
118.960814163673 4.19232761859894 7.52695894241333 22.6795979142189
130.739130609284 4.19232761859894 7.52695894241333 24.5055919885635
143.683618783529 4.19232761859894 7.52695894241333 25.0301067829132
157.909741410383 4.19232761859894 7.52695894241333 28.6861500740051
173.703536936922 4.19232761859894 7.52695894241333 28.6861500740051
190.901933233621 4.19232761859894 7.52695894241333 28.6861500740051
209.803143649102 4.19232761859894 7.63566398620605 28.6861500740051
230.575763898515 4.19232761859894 7.82821798324585 28.6861500740051
253.405082367608 4.19232761859894 7.82821798324585 28.6861500740051
278.494732854913 4.19232761859894 7.82821798324585 28.6861500740051
306.068510952025 4.19232761859894 7.82821798324585 28.6861500740051
336.372370263797 4.19232761859894 7.93692302703857 28.6861500740051
369.676616274388 4.19232761859894 7.93692302703857 28.6861500740051
370.015617281199 4.19232761859894 7.93692302703857 28.6861500740051
