0.0387145280838013 0.586059033870697 0.00880706310272217 0.00334620475769043
0.0387500300966981 0.586059033870697 0.00880706310272217 0.00334620475769043
0.0425866726076336 0.586059033870697 0.00880706310272217 0.00334620475769043
0.0468031812946723 0.586059033870697 0.00880706310272217 0.00334620475769043
0.0514371667278207 0.586059033870697 0.00880706310272217 0.00334620475769043
0.0565299633015929 0.586059033870697 0.00880706310272217 0.00334620475769043
0.0621269979310704 0.586059033870697 0.00880706310272217 0.00334620475769043
0.068278195252578 0.586059033870697 0.00880706310272217 0.00334620475769043
0.0750384229432996 0.586059033870697 0.0175245702266693 0.00673896074295044
0.0824679811320132 0.586059033870697 0.0175245702266693 0.00673896074295044
0.0907162527069789 0.586059033870697 0.0320234894752502 0.0109593272209167
0.0996980736423392 0.586059033870697 0.0320234894752502 0.0109593272209167
0.109569185139287 0.586059033870697 0.0320234894752502 0.0109593272209167
0.120417635902936 0.586059033870697 0.0320234894752502 0.0109593272209167
0.132340192345309 0.586059033870697 0.0320234894752502 0.0109593272209167
0.145443201725957 0.99837489426136 0.072176992893219 0.0201478600502014
0.159843540752169 0.99837489426136 0.072176992893219 0.0258558988571167
0.175669658100152 0.99837489426136 0.072176992893219 0.0258558988571167
0.193062720156276 0.99837489426136 0.0830888003110886 0.0298247337341309
0.212177870198225 2.30101633071899 0.107401072978973 0.0407758355140686
0.233185612247737 2.30101633071899 0.107401072978973 0.0560157597064972
0.25627333193868 2.30101633071899 0.122048407793045 0.0608073249459267
0.281646967966354 2.74790793657303 0.144826635718346 0.0699591040611267
0.309532849027073 2.74790793657303 0.155615091323853 0.0777270793914795
0.340179712633237 2.74790793657303 0.188157081604004 0.0816144049167633
0.373860923811385 2.74790793657303 0.20639380812645 0.0939478948712349
0.411253695994416 3.10663169622421 0.248035717755556 0.0966130197048187
0.451971945990459 3.13343650102615 0.29276505112648 0.117554664611816
0.496721712052834 3.13343650102615 0.320115022361279 0.137532092630863
0.54590215479858 3.56563341617584 0.338813006877899 0.14536851644516
0.599951955758347 3.7056565284729 0.38710805773735 0.152452111244202
0.659353230344131 3.7056565284729 0.428013138473034 0.18136915564537
0.724635828240139 3.7056565284729 0.469586439430714 0.215399265289307
0.796382059575582 3.7056565284729 0.500671744346619 0.215399265289307
0.875231889036086 3.84656143188477 0.591809839010239 0.245800726115704
0.961888644244345 3.84656143188477 0.643162250518799 0.288231521844864
1.05712528932784 3.93300080299377 0.696372404694557 0.294408351182938
1.16179131963283 3.93300080299377 0.758058816194534 0.332112908363342
1.27682033908432 4.04104995727539 0.826567426323891 0.37677813321352
1.4032383877809 4.04104995727539 0.938624888658524 0.401496648788452
1.54217309410505 4.19232761859894 1.0102426558733 0.462985120713711
1.69486373298454 4.19232761859894 1.12626582384109 0.513808660209179
1.86438038854372 4.19232761859894 1.25911450386047 0.561688624322414
2.0489727885339 4.19232761859894 1.35864564776421 0.624853521585464
2.25184169172242 4.19232761859894 1.52485564351082 0.680163271725178
2.4747966556489 4.19232761859894 1.64348723739386 0.733097076416016
2.7198264022398 4.19232761859894 1.83764481544495 0.812068164348602
2.98911655688376 4.19232761859894 2.04802107810974 0.876096248626709
3.28506914385371 4.19232761859894 2.18290939182043 0.997199684381485
3.61032401197175 4.19232761859894 2.45933133363724 1.0621349811554
3.96778238163021 4.19232761859894 2.67629671096802 1.15384036302567
4.36063272320454 4.19232761859894 2.92039682436734 1.27308738231659
4.79237919768918 4.19232761859894 3.26986241340637 1.41970330476761
5.2668729132423 4.19232761859894 3.64113857317716 1.50674307346344
5.78834627644265 4.19232761859894 3.90057647228241 1.67276746034622
6.36145074466621 4.19232761859894 4.10117068886757 1.81205660104752
6.99129831632754 4.19232761859894 4.5653433650732 1.93847870826721
7.68350712907217 4.19232761859894 5.02168077230453 2.06099128723145
8.45199512379247 4.19232761859894 5.58497750759125 2.20430195331573
9.28882760400582 4.19232761859894 5.91084909439087 2.20430195331573
10.2085149119472 4.19232761859894 6.23518621921539 2.31104919314384
11.2192605084528 4.19232761859894 6.74397778511047 2.40971541404724
12.330080079446 4.19232761859894 6.79539799690247 2.84325444698334
13.5508819543863 4.19232761859894 6.81575608253479 2.86652719974518
14.8925554869521 4.19232761859894 6.81575608253479 2.98069679737091
16.3670681863003 4.19232761859894 6.81575608253479 2.98069679737091
17.9875724652967 4.19232761859894 6.81575608253479 3.16859185695648
19.7685229578944 4.19232761859894 6.81575608253479 3.5827032327652
21.7258054521118 4.19232761859894 6.81575608253479 4.16265174746513
23.8768785886714 4.19232761859894 6.81575608253479 4.16265174746513
26.2409295892292 4.19232761859894 6.81575608253479 4.16265174746513
28.8390454032626 4.19232761859894 6.81575608253479 4.44112035632133
31.6944008002223 4.19232761859894 6.81575608253479 4.44112035632133
34.8324650846968 4.19232761859894 6.81575608253479 4.67827790975571
38.3163339475004 4.19232761859894 6.81575608253479 5.4412305355072
42.1100361799719 4.19232761859894 6.81575608253479 7.04816970229149
46.2793530693252 4.19232761859894 6.81575608253479 7.71622085571289
50.8614742424258 4.19232761859894 6.81575608253479 7.83591425418854
55.8972714730444 4.19232761859894 6.81575608253479 7.94182026386261
61.4316632514152 4.19232761859894 6.81575608253479 7.94182026386261
67.5140154498445 4.19232761859894 6.81575608253479 9.20217561721802
74.1985816582434 4.19232761859894 6.81575608253479 12.0272780656815
81.5449871173038 4.19232761859894 6.81575608253479 12.6240083575249
89.6187605659235 4.19232761859894 7.45885372161865 14.4203788042068
98.4919187468734 4.19232761859894 7.45885372161865 16.5956883430481
108.243608784401 4.19232761859894 7.62833452224731 17.1439958810806
118.960814163673 4.19232761859894 7.62833452224731 17.1439958810806
130.739130609284 4.19232761859894 7.62833452224731 18.2225008010864
143.683618783529 4.19232761859894 7.62833452224731 18.2225008010864
157.909741410383 4.19232761859894 7.62833452224731 18.2225008010864
173.703536936922 4.19232761859894 7.62833452224731 24.8593544960022
190.901933233621 4.19232761859894 7.62833452224731 24.8593544960022
209.803143649102 4.19232761859894 7.62833452224731 32.8011747598648
230.575763898515 4.19232761859894 8.29698181152344 32.8011747598648
253.405082367608 4.19232761859894 8.29698181152344 32.8011747598648
278.494732854913 4.19232761859894 8.29698181152344 32.8011747598648
306.068510952025 4.19232761859894 8.29698181152344 32.8011747598648
336.372370263797 4.19232761859894 8.29698181152344 32.8011747598648
369.676616274388 4.19232761859894 8.29698181152344 32.8011747598648
370.015617281199 4.19232761859894 8.29698181152344 32.8011747598648
