0.0387145280838013 0.586059033870697 0.00858509540557861 0.00256204605102539
0.0387500300966981 0.586059033870697 0.00858509540557861 0.00256204605102539
0.0425866726076336 0.586059033870697 0.00858509540557861 0.00256204605102539
0.0468031812946723 0.586059033870697 0.00858509540557861 0.00256204605102539
0.0514371667278207 0.586059033870697 0.00858509540557861 0.00256204605102539
0.0565299633015929 0.586059033870697 0.00858509540557861 0.00256204605102539
0.0621269979310704 0.586059033870697 0.00858509540557861 0.00256204605102539
0.068278195252578 0.586059033870697 0.00858509540557861 0.00256204605102539
0.0750384229432996 0.586059033870697 0.0173649191856384 0.00591987371444702
0.0824679811320132 0.586059033870697 0.0173649191856384 0.00591987371444702
0.0907162527069789 0.586059033870697 0.0173649191856384 0.00591987371444702
0.0996980736423392 0.586059033870697 0.0173649191856384 0.00591987371444702
0.109569185139287 0.586059033870697 0.0173649191856384 0.00591987371444702
0.120417635902936 0.586059033870697 0.0173649191856384 0.00591987371444702
0.132340192345309 0.586059033870697 0.0173649191856384 0.00591987371444702
0.145443201725957 0.586059033870697 0.0173649191856384 0.00591987371444702
0.159843540752169 0.967256665229797 0.0434778481721878 0.0192645192146301
0.175669658100152 0.967256665229797 0.0514833331108093 0.0194661021232605
0.193062720156276 0.967256665229797 0.0839655548334122 0.0259606838226318
0.212177870198225 1.85931992530823 0.0878878831863403 0.0390607714653015
0.233185612247737 1.9137766957283 0.0878878831863403 0.052600085735321
0.25627333193868 1.9137766957283 0.099770724773407 0.052600085735321
0.281646967966354 2.74790793657303 0.144689843058586 0.0780187249183655
0.309532849027073 2.74790793657303 0.156762719154358 0.0780187249183655
0.340179712633237 2.74790793657303 0.176110178232193 0.0780187249183655
0.373860923811385 2.74790793657303 0.207450091838837 0.0899395346641541
0.411253695994416 3.10663169622421 0.250183209776878 0.105467021465302
0.451971945990459 3.10663169622421 0.295254588127136 0.1085384786129
0.496721712052834 3.12219077348709 0.295254588127136 0.135728776454926
0.54590215479858 3.56563341617584 0.340587824583054 0.150906682014465
0.599951955758347 3.56563341617584 0.380574941635132 0.169572949409485
0.659353230344131 3.56563341617584 0.432388082146645 0.194543421268463
0.724635828240139 3.56563341617584 0.435659155249596 0.209233999252319
0.796382059575582 3.56563341617584 0.50520321726799 0.230133429169655
0.875231889036086 3.84656143188477 0.533597052097321 0.277010202407837
0.961888644244345 3.84656143188477 0.634481370449066 0.298738583922386
1.05712528932784 3.84656143188477 0.658144816756248 0.338905692100525
1.16179131963283 3.84656143188477 0.755482584238052 0.360723555088043
1.27682033908432 3.98659324645996 0.810549736022949 0.395127803087234
1.4032383877809 4.04104137420654 0.933728396892548 0.43059204518795
1.54217309410505 4.04104995727539 1.00943011045456 0.485320091247559
1.69486373298454 4.17070913314819 1.13615238666534 0.549009367823601
1.86438038854372 4.17070913314819 1.25678360462189 0.58449974656105
2.0489727885339 4.17070913314819 1.33623516559601 0.64632074534893
2.25184169172242 4.17070913314819 1.47551542520523 0.721274316310883
2.4747966556489 4.17070913314819 1.65480981767178 0.793111130595207
2.7198264022398 4.17070913314819 1.81153477728367 0.870025098323822
2.98911655688376 4.19232761859894 2.04347322881222 0.95574251934886
3.28506914385371 4.19232761859894 2.18193833529949 1.05883476138115
3.61032401197175 4.19232761859894 2.47047030925751 1.16278928518295
3.96778238163021 4.19232761859894 2.64737963676453 1.28188860416412
4.36063272320454 4.19232761859894 2.93698982894421 1.41417829692364
4.79237919768918 4.19232761859894 3.2133940756321 1.52862477302551
5.2668729132423 4.19232761859894 3.66345147788525 1.65939493477345
5.78834627644265 4.19232761859894 3.85898542404175 1.77003864943981
6.36145074466621 4.19232761859894 4.11946094036102 1.9251936674118
6.99129831632754 4.19232761859894 4.55078448355198 2.07038426399231
7.68350712907217 4.19232761859894 4.9897785782814 2.17514687776566
8.45199512379247 4.19232761859894 5.3582928776741 2.33296090364456
9.28882760400582 4.19232761859894 5.55920135974884 2.49617898464203
10.2085149119472 4.19232761859894 6.06690633296967 2.68815100193024
11.2192605084528 4.19232761859894 6.50926661491394 2.88330292701721
12.330080079446 4.19232761859894 6.59622597694397 2.96962606906891
13.5508819543863 4.19232761859894 6.61499166488647 3.21747392416
14.8925554869521 4.19232761859894 6.62245178222656 3.44871979951859
16.3670681863003 4.19232761859894 6.69913458824158 3.64545273780823
17.9875724652967 4.19232761859894 6.70659470558167 3.94202315807343
19.7685229578944 4.19232761859894 6.70659470558167 4.24570715427399
21.7258054521118 4.19232761859894 6.70659470558167 4.53916049003601
23.8768785886714 4.19232761859894 6.70659470558167 4.97842335700989
26.2409295892292 4.19232761859894 6.70659470558167 5.28168821334839
28.8390454032626 4.19232761859894 6.70659470558167 5.38534837961197
31.6944008002223 4.19232761859894 6.70659470558167 6.01889383792877
34.8324650846968 4.19232761859894 6.70659470558167 6.60237097740173
38.3163339475004 4.19232761859894 6.70659470558167 7.01929569244385
42.1100361799719 4.19232761859894 6.70659470558167 9.56196904182434
46.2793530693252 4.19232761859894 6.70659470558167 10.1219921112061
50.8614742424258 4.19232761859894 6.70659470558167 10.4907097816467
55.8972714730444 4.19232761859894 6.70659470558167 10.4907097816467
61.4316632514152 4.19232761859894 6.70659470558167 10.4907097816467
67.5140154498445 4.19232761859894 6.70659470558167 12.5613522529602
74.1985816582434 4.19232761859894 6.70659470558167 16.5597106218338
81.5449871173038 4.19232761859894 6.70659470558167 16.6364742517471
89.6187605659235 4.19232761859894 6.70659470558167 20.2569642066956
98.4919187468734 4.19232761859894 6.70659470558167 21.934926867485
108.243608784401 4.19232761859894 7.65933537483215 22.9765820503235
118.960814163673 4.19232761859894 7.65933537483215 22.9765820503235
130.739130609284 4.19232761859894 7.65933537483215 25.3112020492554
143.683618783529 4.19232761859894 7.65933537483215 25.3112020492554
157.909741410383 4.19232761859894 7.65933537483215 25.3112020492554
173.703536936922 4.19232761859894 7.65933537483215 25.3112020492554
190.901933233621 4.19232761859894 7.65933537483215 25.3112020492554
209.803143649102 4.19232761859894 7.65933537483215 25.3112020492554
230.575763898515 4.19232761859894 7.81079459190369 25.3112020492554
253.405082367608 4.19232761859894 7.81079459190369 25.3112020492554
278.494732854913 4.19232761859894 7.81079459190369 25.3112020492554
306.068510952025 4.19232761859894 7.81079459190369 25.3112020492554
336.372370263797 4.19232761859894 7.81079459190369 25.3112020492554
369.676616274388 4.19232761859894 7.81079459190369 25.3112020492554
370.015617281199 4.19232761859894 7.81079459190369 25.3112020492554
