0.0387145280838013 0.586059033870697 0.00681549310684204 0.00663018226623535
0.0387500300966981 0.586059033870697 0.00681549310684204 0.00663018226623535
0.0425866726076336 0.586059033870697 0.00681549310684204 0.00663018226623535
0.0468031812946723 0.586059033870697 0.00681549310684204 0.00663018226623535
0.0514371667278207 0.586059033870697 0.00681549310684204 0.00663018226623535
0.0565299633015929 0.586059033870697 0.00681549310684204 0.00663018226623535
0.0621269979310704 0.586059033870697 0.00681549310684204 0.00663018226623535
0.068278195252578 0.586059033870697 0.00681549310684204 0.00663018226623535
0.0750384229432996 0.586059033870697 0.0152115225791931 0.00663018226623535
0.0824679811320132 0.586059033870697 0.0152115225791931 0.00663018226623535
0.0907162527069789 0.586059033870697 0.0293055474758148 0.00663018226623535
0.0996980736423392 0.586059033870697 0.0293055474758148 0.00663018226623535
0.109569185139287 0.586059033870697 0.0293055474758148 0.00663018226623535
0.120417635902936 0.586059033870697 0.0293055474758148 0.00663018226623535
0.132340192345309 0.586059033870697 0.0293055474758148 0.00663018226623535
0.145443201725957 0.99837489426136 0.0685379505157471 0.0210642516613007
0.159843540752169 0.99837489426136 0.0685379505157471 0.0385825634002686
0.175669658100152 0.99837489426136 0.0685379505157471 0.0409454107284546
0.193062720156276 0.99837489426136 0.0773223340511322 0.0409454107284546
0.212177870198225 2.30101633071899 0.101124167442322 0.0593408346176147
0.233185612247737 2.30101633071899 0.101124167442322 0.0593408346176147
0.25627333193868 2.30101633071899 0.117997884750366 0.0624114274978638
0.281646967966354 2.74790793657303 0.137694418430328 0.0703367292881012
0.309532849027073 2.74790793657303 0.147425651550293 0.0808115601539612
0.340179712633237 2.74790793657303 0.180393576622009 0.0940806567668915
0.373860923811385 2.74790793657303 0.200112849473953 0.0992465019226074
0.411253695994416 3.10663169622421 0.234454803168774 0.114374935626984
0.451971945990459 3.13343650102615 0.279109984636307 0.123781889677048
0.496721712052834 3.13343650102615 0.306953676044941 0.137573182582855
0.54590215479858 3.56563341617584 0.32413238286972 0.155723750591278
0.599951955758347 3.7056565284729 0.369685441255569 0.170675873756409
0.659353230344131 3.7056565284729 0.412080131471157 0.194777846336365
0.724635828240139 3.7056565284729 0.445645280182362 0.201814472675323
0.796382059575582 3.7056565284729 0.477660089731216 0.226425647735596
0.875231889036086 3.84656143188477 0.565278738737106 0.256624400615692
0.961888644244345 3.84656143188477 0.615041941404343 0.277175694704056
1.05712528932784 3.93300080299377 0.669896699488163 0.304371356964111
1.16179131963283 3.93300080299377 0.723787635564804 0.336310803890228
1.27682033908432 4.04104995727539 0.790869027376175 0.361030071973801
1.4032383877809 4.04104995727539 0.898948937654495 0.399469345808029
1.54217309410505 4.19232761859894 0.970762878656387 0.444894179701805
1.69486373298454 4.19232761859894 1.08343935012817 0.478263109922409
1.86438038854372 4.19232761859894 1.20917695760727 0.532120585441589
2.0489727885339 4.19232761859894 1.3014859855175 0.574870377779007
2.25184169172242 4.19232761859894 1.45986410975456 0.641916930675507
2.4747966556489 4.19232761859894 1.57552309334278 0.727111995220184
2.7198264022398 4.19232761859894 1.76237738132477 0.79768842458725
2.98911655688376 4.19232761859894 1.96252518892288 0.891419976949692
3.28506914385371 4.19232761859894 2.10126634687185 1.00100082159042
3.61032401197175 4.19232761859894 2.36791533231735 1.09640496969223
3.96778238163021 4.19232761859894 2.56209444999695 1.16087400913239
4.36063272320454 4.19232761859894 2.79599716514349 1.27186495065689
4.79237919768918 4.19232761859894 3.13675582408905 1.40385109186172
5.2668729132423 4.19232761859894 3.49350430816412 1.49609881639481
5.78834627644265 4.19232761859894 3.74745333194733 1.72592322528362
6.36145074466621 4.19232761859894 3.9588358104229 1.82637184858322
6.99129831632754 4.19232761859894 4.38731238245964 2.16634833812714
7.68350712907217 4.19232761859894 4.85006284713745 2.38740289211273
8.45199512379247 4.19232761859894 5.38016080856323 2.568434715271
9.28882760400582 4.19232761859894 5.71154057979584 2.84279406070709
10.2085149119472 4.19232761859894 6.0296403169632 3.16674470901489
11.2192605084528 4.19232761859894 6.52525019645691 3.25868690013885
12.330080079446 4.19232761859894 6.59437251091003 3.76012217998505
13.5508819543863 4.19232761859894 6.62261414527893 4.29189264774323
14.8925554869521 4.19232761859894 6.63725066184998 4.6452910900116
16.3670681863003 4.19232761859894 6.63725066184998 4.92725074291229
17.9875724652967 4.19232761859894 6.63725066184998 5.17656910419464
19.7685229578944 4.19232761859894 6.63725066184998 5.45834672451019
21.7258054521118 4.19232761859894 6.63725066184998 5.65388703346252
23.8768785886714 4.19232761859894 6.63725066184998 6.06453108787537
26.2409295892292 4.19232761859894 6.63725066184998 6.50634956359863
28.8390454032626 4.19232761859894 6.63725066184998 7.00359618663788
31.6944008002223 4.19232761859894 6.63725066184998 7.08407783508301
34.8324650846968 4.19232761859894 6.63725066184998 7.08407783508301
38.3163339475004 4.19232761859894 6.63725066184998 10.2028622627258
42.1100361799719 4.19232761859894 6.63725066184998 12.7475290894508
46.2793530693252 4.19232761859894 6.63725066184998 14.0508562326431
50.8614742424258 4.19232761859894 6.63725066184998 14.9274110794067
55.8972714730444 4.19232761859894 6.63725066184998 14.9573020935059
61.4316632514152 4.19232761859894 6.63725066184998 14.9573020935059
67.5140154498445 4.19232761859894 6.63725066184998 19.8937635421753
74.1985816582434 4.19232761859894 6.63725066184998 22.4253854751587
81.5449871173038 4.19232761859894 6.63725066184998 25.620756983757
89.6187605659235 4.19232761859894 6.63725066184998 28.9964597225189
98.4919187468734 4.19232761859894 6.63725066184998 32.8973770439625
108.243608784401 4.19232761859894 7.65025520324707 34.8510656356812
118.960814163673 4.19232761859894 7.65025520324707 34.8510656356812
130.739130609284 4.19232761859894 7.65025520324707 39.450756072998
143.683618783529 4.19232761859894 7.65025520324707 39.450756072998
157.909741410383 4.19232761859894 7.65025520324707 39.450756072998
173.703536936922 4.19232761859894 7.65025520324707 54.0029172897339
190.901933233621 4.19232761859894 7.65025520324707 54.0029172897339
209.803143649102 4.19232761859894 7.87067151069641 68.9602193832397
230.575763898515 4.19232761859894 7.87067151069641 68.9602193832397
253.405082367608 4.19232761859894 7.87067151069641 68.9602193832397
278.494732854913 4.19232761859894 7.87067151069641 68.9602193832397
306.068510952025 4.19232761859894 7.87067151069641 68.9602193832397
336.372370263797 4.19232761859894 7.87067151069641 68.9602193832397
369.676616274388 4.19232761859894 7.87067151069641 68.9602193832397
370.015617281199 4.19232761859894 7.87067151069641 68.9602193832397
