0.0387145280838013 0.586059033870697 0.00785267353057861 0.00173807144165039
0.0387500300966981 0.586059033870697 0.00785267353057861 0.00173807144165039
0.0425866726076336 0.586059033870697 0.00785267353057861 0.00173807144165039
0.0468031812946723 0.586059033870697 0.00785267353057861 0.00173807144165039
0.0514371667278207 0.586059033870697 0.00785267353057861 0.00173807144165039
0.0565299633015929 0.586059033870697 0.00785267353057861 0.00173807144165039
0.0621269979310704 0.586059033870697 0.00785267353057861 0.00173807144165039
0.068278195252578 0.586059033870697 0.00785267353057861 0.00173807144165039
0.0750384229432996 0.586059033870697 0.0164270401000977 0.00485548377037048
0.0824679811320132 0.586059033870697 0.0164270401000977 0.00485548377037048
0.0907162527069789 0.586059033870697 0.0305028855800629 0.0114017128944397
0.0996980736423392 0.586059033870697 0.0305028855800629 0.0114017128944397
0.109569185139287 0.586059033870697 0.0305028855800629 0.0114017128944397
0.120417635902936 0.586059033870697 0.0305028855800629 0.0114017128944397
0.132340192345309 0.586059033870697 0.0305028855800629 0.0114017128944397
0.145443201725957 0.99837489426136 0.0681009292602539 0.0212799906730652
0.159843540752169 0.99837489426136 0.0681009292602539 0.0212799906730652
0.175669658100152 0.99837489426136 0.0681009292602539 0.0331763029098511
0.193062720156276 0.99837489426136 0.080635741353035 0.0331763029098511
0.212177870198225 2.30101633071899 0.104577660560608 0.0379070639610291
0.233185612247737 2.30101633071899 0.104577660560608 0.0475034713745117
0.25627333193868 2.30101633071899 0.120417565107346 0.0515138506889343
0.281646967966354 2.74790793657303 0.141359403729439 0.0515138506889343
0.309532849027073 2.74790793657303 0.152015209197998 0.0576711297035217
0.340179712633237 2.74790793657303 0.180513143539429 0.0646072626113892
0.373860923811385 2.74790793657303 0.203520178794861 0.0753237307071686
0.411253695994416 3.10663169622421 0.242166951298714 0.084552526473999
0.451971945990459 3.13343650102615 0.286847591400146 0.090711236000061
0.496721712052834 3.13343650102615 0.310762107372284 0.107842564582825
0.54590215479858 3.56563341617584 0.332157373428345 0.115578413009644
0.599951955758347 3.7056565284729 0.376852095127106 0.129455596208572
0.659353230344131 3.7056565284729 0.421359911561012 0.143878996372223
0.724635828240139 3.7056565284729 0.458373263478279 0.155931085348129
0.796382059575582 3.7056565284729 0.490827322006226 0.171195209026337
0.875231889036086 3.84656143188477 0.57680344581604 0.1917425096035
0.961888644244345 3.84656143188477 0.627052873373032 0.213828802108765
1.05712528932784 3.93300080299377 0.682823345065117 0.231655523180962
1.16179131963283 3.93300080299377 0.742932796478271 0.256934314966202
1.27682033908432 4.04104995727539 0.80533866584301 0.279633611440659
1.4032383877809 4.04104995727539 0.917922377586365 0.307352423667908
1.54217309410505 4.19232761859894 0.990566492080688 0.341341122984886
1.69486373298454 4.19232761859894 1.10793751478195 0.386261940002441
1.86438038854372 4.19232761859894 1.23401653766632 0.410100877285004
2.0489727885339 4.19232761859894 1.33148214221001 0.449356764554977
2.25184169172242 4.19232761859894 1.49381130933762 0.502214103937149
2.4747966556489 4.19232761859894 1.61327914893627 0.544344544410706
2.7198264022398 4.19232761859894 1.80162572860718 0.606545582413673
2.98911655688376 4.19232761859894 1.99168288707733 0.668241769075394
3.28506914385371 4.19232761859894 2.1423392444849 0.721706539392471
3.61032401197175 4.19232761859894 2.41720986366272 0.811555504798889
3.96778238163021 4.19232761859894 2.61294436454773 0.90954777598381
4.36063272320454 4.19232761859894 2.86446429789066 0.959372758865356
4.79237919768918 4.19232761859894 3.20625925064087 1.05527257919312
5.2668729132423 4.19232761859894 3.57524062693119 1.16511023044586
5.78834627644265 4.19232761859894 3.81363016366959 1.2779575586319
6.36145074466621 4.19232761859894 4.0354021191597 1.44153451919556
6.99129831632754 4.19232761859894 4.47341452538967 1.52734339237213
7.68350712907217 4.19232761859894 4.92763537168503 1.70345067977905
8.45199512379247 4.19232761859894 5.46177530288696 1.83073306083679
9.28882760400582 4.19232761859894 5.77089715003967 2.10791847109795
10.2085149119472 4.19232761859894 6.08635222911835 2.31127622723579
11.2192605084528 4.19232761859894 6.56925106048584 2.48597729206085
12.330080079446 4.19232761859894 6.63787269592285 2.69781637191772
13.5508819543863 4.19232761859894 6.65600347518921 2.93865871429443
14.8925554869521 4.19232761859894 6.66274762153625 3.29642248153687
16.3670681863003 4.19232761859894 6.66274762153625 3.57776081562042
17.9875724652967 4.19232761859894 6.66549324989319 3.74685382843018
19.7685229578944 4.19232761859894 6.66549324989319 4.08224439620972
21.7258054521118 4.19232761859894 6.66549324989319 4.44138431549072
23.8768785886714 4.19232761859894 6.66549324989319 4.9224146604538
26.2409295892292 4.19232761859894 6.66549324989319 5.50278231501579
28.8390454032626 4.19232761859894 6.66549324989319 5.9294880926609
31.6944008002223 4.19232761859894 6.66549324989319 6.37408399581909
34.8324650846968 4.19232761859894 6.66549324989319 7.03289349377155
38.3163339475004 4.19232761859894 6.66549324989319 8.09709906578064
42.1100361799719 4.19232761859894 6.66549324989319 9.04586482048035
46.2793530693252 4.19232761859894 6.66549324989319 9.92816996574402
50.8614742424258 4.19232761859894 6.66549324989319 10.8444314002991
55.8972714730444 4.19232761859894 6.66549324989319 11.0208642482758
61.4316632514152 4.19232761859894 6.66549324989319 11.0208642482758
67.5140154498445 4.19232761859894 6.66549324989319 14.1563067436218
74.1985816582434 4.19232761859894 6.66549324989319 16.5573890209198
81.5449871173038 4.19232761859894 6.66549324989319 17.0958873927593
89.6187605659235 4.19232761859894 6.67611956596375 20.30424284935
98.4919187468734 4.19232761859894 6.67611956596375 23.1779010295868
108.243608784401 4.19232761859894 7.63058137893677 24.8168427944183
118.960814163673 4.19232761859894 7.63058137893677 25.1771709918976
130.739130609284 4.19232761859894 7.63058137893677 29.1670880317688
143.683618783529 4.19232761859894 7.63058137893677 29.1670880317688
157.909741410383 4.19232761859894 7.63058137893677 29.1670880317688
173.703536936922 4.19232761859894 7.63058137893677 38.225781917572
190.901933233621 4.19232761859894 7.63058137893677 38.225781917572
209.803143649102 4.19232761859894 7.80161571502686 49.0702133178711
230.575763898515 4.19232761859894 7.80161571502686 53.236563205719
253.405082367608 4.19232761859894 7.80161571502686 53.236563205719
278.494732854913 4.19232761859894 7.80161571502686 53.236563205719
306.068510952025 4.19232761859894 7.80161571502686 53.236563205719
336.372370263797 4.19232761859894 7.91246795654297 55.8626823425293
369.676616274388 4.19232761859894 7.91246795654297 55.8626823425293
370.015617281199 4.19232761859894 7.91246795654297 55.8626823425293
