0.0387145280838013 0.586059033870697 0.00606274604797363 0.00507476925849915
0.0387500300966981 0.586059033870697 0.00606274604797363 0.00507476925849915
0.0425866726076336 0.586059033870697 0.00606274604797363 0.00507476925849915
0.0468031812946723 0.586059033870697 0.00606274604797363 0.00507476925849915
0.0514371667278207 0.586059033870697 0.00606274604797363 0.00507476925849915
0.0565299633015929 0.586059033870697 0.00606274604797363 0.00507476925849915
0.0621269979310704 0.586059033870697 0.00606274604797363 0.00507476925849915
0.068278195252578 0.586059033870697 0.00606274604797363 0.00507476925849915
0.0750384229432996 0.586059033870697 0.014233410358429 0.0114920735359192
0.0824679811320132 0.586059033870697 0.014233410358429 0.0114920735359192
0.0907162527069789 0.586059033870697 0.014233410358429 0.0114920735359192
0.0996980736423392 0.586059033870697 0.014233410358429 0.0114920735359192
0.109569185139287 0.586059033870697 0.014233410358429 0.0114920735359192
0.120417635902936 0.586059033870697 0.014233410358429 0.0114920735359192
0.132340192345309 0.586059033870697 0.014233410358429 0.0114920735359192
0.145443201725957 0.586059033870697 0.014233410358429 0.0114920735359192
0.159843540752169 0.967256665229797 0.0549538135528564 0.0240017175674438
0.175669658100152 0.967256665229797 0.0549538135528564 0.0257300436496735
0.193062720156276 0.967256665229797 0.0738252848386765 0.0392942726612091
0.212177870198225 1.85931992530823 0.0835748612880707 0.0446557402610779
0.233185612247737 1.9137766957283 0.0835748612880707 0.0446557402610779
0.25627333193868 1.9137766957283 0.108164578676224 0.0574436485767365
0.281646967966354 2.74790793657303 0.137877449393272 0.0644898861646652
0.309532849027073 2.74790793657303 0.142337322235107 0.0836762189865112
0.340179712633237 2.74790793657303 0.185476064682007 0.0836762189865112
0.373860923811385 2.74790793657303 0.195686668157578 0.091910257935524
0.411253695994416 3.10663169622421 0.225912496447563 0.118884414434433
0.451971945990459 3.10663169622421 0.270087271928787 0.132878631353378
0.496721712052834 3.12219077348709 0.278624072670937 0.136258006095886
0.54590215479858 3.56563341617584 0.31792414188385 0.155450344085693
0.599951955758347 3.56563341617584 0.364695638418198 0.159108817577362
0.659353230344131 3.56563341617584 0.400170788168907 0.192574054002762
0.724635828240139 3.56563341617584 0.411224499344826 0.207595199346542
0.796382059575582 3.56563341617584 0.466718435287476 0.235098958015442
0.875231889036086 3.84656143188477 0.516295492649078 0.249864548444748
0.961888644244345 3.84656143188477 0.605658799409866 0.268081486225128
1.05712528932784 3.84656143188477 0.659045204520226 0.307490572333336
1.16179131963283 3.84656143188477 0.708930477499962 0.337306380271912
1.27682033908432 3.98659324645996 0.767581760883331 0.371725916862488
1.4032383877809 4.04104137420654 0.880540043115616 0.402319997549057
1.54217309410505 4.04104995727539 0.955146297812462 0.461672842502594
1.69486373298454 4.17070913314819 1.06440623104572 0.50042062997818
1.86438038854372 4.17070913314819 1.18297415971756 0.557138830423355
2.0489727885339 4.17070913314819 1.29792079329491 0.608559623360634
2.25184169172242 4.17070913314819 1.4632779955864 0.680834054946899
2.4747966556489 4.17070913314819 1.5732948333025 0.738442003726959
2.7198264022398 4.17070913314819 1.75633587315679 0.802283346652985
2.98911655688376 4.19232761859894 1.95073020458221 0.931955099105835
3.28506914385371 4.19232761859894 2.07957744598389 0.959749668836594
3.61032401197175 4.19232761859894 2.30896413326263 1.05392962694168
3.96778238163021 4.19232761859894 2.51854538917542 1.16274243593216
4.36063272320454 4.19232761859894 2.72262962162495 1.27498891949654
4.79237919768918 4.19232761859894 2.99999293684959 1.41636446118355
5.2668729132423 4.19232761859894 3.3967047482729 1.62709245085716
5.78834627644265 4.19232761859894 3.69062131643295 1.70890519022942
6.36145074466621 4.19232761859894 3.91746523976326 1.829156935215
6.99129831632754 4.19232761859894 4.29818989336491 2.05298399925232
7.68350712907217 4.19232761859894 4.77217996120453 2.17514133453369
8.45199512379247 4.19232761859894 5.14516997337341 2.34429714083672
9.28882760400582 4.19232761859894 5.38750147819519 2.49725341796875
10.2085149119472 4.19232761859894 6.02402448654175 2.80854940414429
11.2192605084528 4.19232761859894 6.55442500114441 2.94421863555908
12.330080079446 4.19232761859894 6.61326479911804 3.13055634498596
13.5508819543863 4.19232761859894 6.65244841575623 3.28685164451599
14.8925554869521 4.19232761859894 6.66162538528442 3.41685009002686
16.3670681863003 4.19232761859894 6.66162538528442 3.5056631565094
17.9875724652967 4.19232761859894 6.66162538528442 3.59051012992859
19.7685229578944 4.19232761859894 6.66162538528442 3.85568571090698
21.7258054521118 4.19232761859894 6.66162538528442 4.23310375213623
23.8768785886714 4.19232761859894 6.66162538528442 4.68141913414001
26.2409295892292 4.19232761859894 6.66162538528442 4.68141913414001
28.8390454032626 4.19232761859894 6.66162538528442 4.68141913414001
31.6944008002223 4.19232761859894 6.66162538528442 4.68141913414001
34.8324650846968 4.19232761859894 6.66162538528442 4.68141913414001
38.3163339475004 4.19232761859894 6.66162538528442 4.68141913414001
42.1100361799719 4.19232761859894 6.66162538528442 4.68141913414001
46.2793530693252 4.19232761859894 6.66162538528442 4.93239402770996
50.8614742424258 4.19232761859894 6.66162538528442 5.9671003818512
55.8972714730444 4.19232761859894 6.66162538528442 5.9671003818512
61.4316632514152 4.19232761859894 6.66162538528442 5.9671003818512
67.5140154498445 4.19232761859894 6.66162538528442 6.72674322128296
74.1985816582434 4.19232761859894 6.66162538528442 6.72674322128296
81.5449871173038 4.19232761859894 6.66162538528442 8.6755083501339
89.6187605659235 4.19232761859894 6.66162538528442 10.6196534633636
98.4919187468734 4.19232761859894 6.66162538528442 11.2299659252167
108.243608784401 4.19232761859894 7.58223032951355 12.6938436031342
118.960814163673 4.19232761859894 7.58223032951355 12.6938436031342
130.739130609284 4.19232761859894 7.58223032951355 12.6938436031342
143.683618783529 4.19232761859894 7.58223032951355 12.6938436031342
157.909741410383 4.19232761859894 7.58223032951355 12.6938436031342
173.703536936922 4.19232761859894 7.58223032951355 12.6938436031342
190.901933233621 4.19232761859894 7.58223032951355 12.6938436031342
209.803143649102 4.19232761859894 7.58223032951355 15.4011826515198
230.575763898515 4.19232761859894 7.58223032951355 16.8650603294373
253.405082367608 4.19232761859894 7.58223032951355 16.8650603294373
278.494732854913 4.19232761859894 7.58223032951355 16.8650603294373
306.068510952025 4.19232761859894 7.58223032951355 16.8650603294373
336.372370263797 4.19232761859894 7.58223032951355 16.8650603294373
369.676616274388 4.19232761859894 7.58223032951355 16.8650603294373
370.015617281199 4.19232761859894 7.58223032951355 16.8650603294373
