0.0194894644874591 0.586059033870697 0.00679695606231689 0.00133800506591797
0.0195076157341004 0.586059033870697 0.00679695606231689 0.00133800506591797
0.0214706726399789 0.586059033870697 0.00679695606231689 0.00133800506591797
0.0236312725192399 0.586059033870697 0.00679695606231689 0.00133800506591797
0.0260092941773403 0.586059033870697 0.00679695606231689 0.00133800506591797
0.02862661682957 0.586059033870697 0.00679695606231689 0.00133800506591797
0.0315073214028609 0.586059033870697 0.0151534378528595 0.00133800506591797
0.0346779120946542 0.586059033870697 0.0151534378528595 0.00133800506591797
0.0381675602272991 0.586059033870697 0.0151534378528595 0.00133800506591797
0.0420083726415892 0.586059033870697 0.0151534378528595 0.00133800506591797
0.0462787480746938 0.586059033870697 0.0292706191539764 0.00133800506591797
0.0509357916233132 0.586059033870697 0.0292706191539764 0.00133800506591797
0.056061474785492 0.586059033870697 0.0292706191539764 0.00133800506591797
0.0617029568985016 0.586059033870697 0.0292706191539764 0.00133800506591797
0.0679121429571029 0.651752918958664 0.0292706191539764 0.0102159082889557
0.0747461611704054 0.768446087837219 0.0505711436271667 0.0225913524627686
0.0822678885754094 0.967256665229797 0.0505711436271667 0.0307269394397736
0.0905465295431877 1.00701880455017 0.0505711436271667 0.0307269394397736
0.0996582525003081 1.9137766957283 0.0686716437339783 0.0351513624191284
0.109686890723714 2.30101633071899 0.0937122702598572 0.0387178659439087
0.120724713656792 2.30101633071899 0.0964524745941162 0.057969868183136
0.132873275843195 2.74790793657303 0.100124329328537 0.057969868183136
0.146244351289115 2.74790793657303 0.13469195086509 0.0583305656909943
0.160960961850701 2.74790793657303 0.159471750259399 0.0614206194877625
0.177158509108387 2.74790793657303 0.16732719540596 0.0818987786769867
0.194986020142061 2.80583125352859 0.211088299751282 0.0906012654304504
0.214807390451206 3.0089550614357 0.222563371062279 0.0973765850067139
0.23642351909587 3.39448344707489 0.23294335603714 0.112257122993469
0.260214884898814 3.51117664575577 0.279990017414093 0.122236013412476
0.286400382592417 3.51117664575577 0.285251107998192 0.134549885988235
0.315220934348083 3.7056565284729 0.336566269397736 0.153599143028259
0.346941706403675 3.7056565284729 0.360856711864471 0.171288728713989
0.381854548750803 3.7056565284729 0.414374768733978 0.194741725921631
0.420280680328535 3.70566511154175 0.453004505485296 0.208084344863892
0.462573644428912 3.84656143188477 0.498496082611382 0.236139729619026
0.509122561505755 3.93300080299377 0.550054583698511 0.254138469696045
0.560355709314554 3.93300080299377 0.612853791564703 0.282251864671707
0.616744463322841 4.19232761859894 0.678092449903488 0.313942939043045
0.678807633645181 4.19232761859894 0.750200184993446 0.34138885140419
0.74711623840516 4.19232761859894 0.82919242978096 0.378396257758141
0.822298757442146 4.19232761859894 0.918894022703171 0.420848309993744
0.90504691470005 4.19232761859894 1.00983884930611 0.4624844789505
0.997049767162749 4.19232761859894 1.11316084861755 0.512266129255295
1.0973831681079 4.19232761859894 1.22953534126282 0.56433442234993
1.207813147656 4.19232761859894 1.33634248375893 0.622515827417374
1.32935572737641 4.19232761859894 1.50157111883163 0.680435225367546
1.46312917137724 4.19232761859894 1.63347584009171 0.748597085475922
1.61036427500108 4.19232761859894 1.76801845431328 0.830369636416435
1.77241568887504 4.19232761859894 1.96963050961494 0.905520111322403
1.95077438250316 4.19232761859894 2.17300724983215 1.00133553147316
2.14708136207369 4.19232761859894 2.37151980400085 1.09101143479347
2.36314276869316 4.19232761859894 2.61780911684036 1.20915895700455
2.60094649596008 4.19232761859894 2.76716792583466 1.3185778260231
2.86268047976978 4.19232761859894 3.05859637260437 1.45425745844841
3.15075282862747 4.19232761859894 3.31346249580383 1.5873381793499
3.46781397968047 4.19232761859894 3.57716178894043 1.75011694431305
3.81678108431816 4.19232761859894 3.87605535984039 1.92527902126312
4.2008648477019 4.19232761859894 4.32358980178833 2.0871707201004
4.62790519502682 4.19232761859894 4.49573731422424 2.2970644235611
5.09361260779729 4.19232761859894 4.82426142692566 2.50457954406738
5.6061842896419 4.19232761859894 5.21184349060059 2.67027235031128
6.17033620525356 4.19232761859894 5.57627391815186 2.89902520179749
6.79125888819023 4.19232761859894 6.12640523910522 3.11456274986267
7.47466519687438 4.19232761859894 6.61667418479919 3.33743107318878
8.22684287629239 4.19232761859894 6.63135766983032 3.58640122413635
9.05471240899251 4.19232761859894 6.63135766983032 3.86770534515381
9.96589068764523 4.19232761859894 6.63135766983032 4.12489104270935
10.9687610949915 4.19232761859894 6.63135766983032 4.45565271377563
12.072550635956 4.19232761859894 6.63135766983032 4.85808372497559
13.2874148315868 4.19232761859894 6.63135766983032 5.11263346672058
14.6245311558961 4.19232761859894 6.63135766983032 5.30505180358887
16.0962018752773 4.19232761859894 6.63135766983032 5.7614061832428
17.7159672366814 4.19232761859894 6.63135766983032 6.21865034103394
19.4987300459514 4.19232761859894 6.63135766983032 6.70432138442993
21.4808800919766 4.19232761859894 6.63135766983032 7.30727314949036
23.6425071500281 4.19232761859894 6.63135766983032 7.40001344680786
26.0216593522121 4.19232761859894 6.63135766983032 8.13683485984802
28.6402263154973 4.19232761859894 6.63135766983032 9.0605251789093
31.5223004152183 4.19232761859894 6.63135766983032 9.28391242027283
34.6943984492749 4.19232761859894 6.63135766983032 10.6390812397003
38.1857056084627 4.19232761859894 6.63135766983032 11.1776452064514
42.0283439976073 4.19232761859894 6.63135766983032 12.8254203796387
46.2576681780564 4.19232761859894 6.63135766983032 13.494204044342
50.9125904506965 4.19232761859894 6.63135766983032 13.494204044342
56.0359388722924 4.19232761859894 6.63135766983032 13.494204044342
61.674851299112 4.19232761859894 6.63135766983032 14.3546874523163
67.8812090832727 4.19232761859894 6.63135766983032 15.5271739065647
74.7121144120754 4.19232761859894 6.63135766983032 18.7467577457428
82.2304156821292 4.19232761859894 6.63135766983032 22.6946330070496
90.5052857420251 4.19232761859894 6.63135766983032 22.6946330070496
99.7056313992196 4.19232761859894 7.48147010803223 22.6946330070496
109.739037374665 4.19232761859894 7.48147010803223 22.6946330070496
120.782107840023 4.19232761859894 7.48147010803223 22.6946330070496
132.936445619368 4.19232761859894 7.48147010803223 22.6946330070496
146.313877857786 4.19232761859894 7.48147010803223 22.6946330070496
161.037484897703 4.19232761859894 7.48147010803223 22.6946330070496
177.242732691319 4.19232761859894 7.48147010803223 22.6946330070496
195.078719168039 4.19232761859894 7.52597498893738 25.662609577179
214.709546024206 4.19232761859894 7.52597498893738 25.662609577179
214.909512828253 4.19232761859894 7.52597498893738 25.662609577179
