0.0194894644874591 0.586059033870697 0.00778967142105103 0.00279238075017929
0.0195076157341004 0.586059033870697 0.00778967142105103 0.00279238075017929
0.0214706726399789 0.586059033870697 0.00778967142105103 0.00279238075017929
0.0236312725192399 0.586059033870697 0.00778967142105103 0.00279238075017929
0.0260092941773403 0.586059033870697 0.00778967142105103 0.00279238075017929
0.02862661682957 0.586059033870697 0.00778967142105103 0.00279238075017929
0.0315073214028609 0.586059033870697 0.0163067877292633 0.00732618570327759
0.0346779120946542 0.586059033870697 0.0163067877292633 0.00732618570327759
0.0381675602272991 0.586059033870697 0.0163067877292633 0.00732618570327759
0.0420083726415892 0.586059033870697 0.0163067877292633 0.00732618570327759
0.0462787480746938 0.586059033870697 0.0163067877292633 0.00732618570327759
0.0509357916233132 0.586059033870697 0.0163067877292633 0.00732618570327759
0.056061474785492 0.586059033870697 0.0163067877292633 0.00732618570327759
0.0617029568985016 0.586059033870697 0.0163067877292633 0.00732618570327759
0.0679121429571029 0.586059033870697 0.0266276597976685 0.00732618570327759
0.0747461611704054 0.768446087837219 0.0513783246278763 0.0366747006773949
0.0822678885754094 0.967256665229797 0.0513783246278763 0.0366747006773949
0.0905465295431877 1.00701880455017 0.0513783246278763 0.0366747006773949
0.0996582525003081 1.9137766957283 0.0513783246278763 0.0406124591827393
0.109686890723714 1.9137766957283 0.100171983242035 0.0406124591827393
0.120724713656792 1.9137766957283 0.100356876850128 0.0580210983753204
0.132873275843195 2.74790793657303 0.100356876850128 0.0580210983753204
0.146244351289115 2.74790793657303 0.132929086685181 0.0625167191028595
0.160960961850701 2.74790793657303 0.136431679129601 0.0754404366016388
0.177158509108387 2.74790793657303 0.172179434914142 0.0928151905536652
0.194986020142061 2.80583125352859 0.218984127044678 0.0941697135567665
0.214807390451206 2.80583125352859 0.220650110393763 0.11023023724556
0.23642351909587 3.39448344707489 0.243445638567209 0.126680225133896
0.260214884898814 3.51117664575577 0.289724312722683 0.13343558460474
0.286400382592417 3.51117664575577 0.293893207330257 0.152664475142956
0.315220934348083 3.56563341617584 0.341883860528469 0.169075936079025
0.346941706403675 3.56563341617584 0.376016221940517 0.184235125780106
0.381854548750803 3.56563341617584 0.428198337554932 0.204067811369896
0.420280680328535 3.62527656555176 0.451339855790138 0.222449325025082
0.462573644428912 3.84656143188477 0.514602143317461 0.250810369849205
0.509122561505755 3.84656143188477 0.560766026377678 0.276397801935673
0.560355709314554 3.93300080299377 0.640042096376419 0.307132497429848
0.616744463322841 3.98659324645996 0.704348102211952 0.343880586326122
0.678807633645181 3.98659324645996 0.77843235025648 0.369347654283047
0.74711623840516 4.04104995727539 0.86580017209053 0.41093622893095
0.822298757442146 4.06265139579773 0.956534028053284 0.438433788716793
0.90504691470005 4.17070913314819 1.04663220047951 0.489981837570667
0.997049767162749 4.17070913314819 1.1580298319459 0.553324446082115
1.0973831681079 4.17070913314819 1.27249930799007 0.598124414682388
1.207813147656 4.17070913314819 1.39190599322319 0.657666385173798
1.32935572737641 4.17070913314819 1.55765467882156 0.722164571285248
1.46312917137724 4.17070913314819 1.69046610593796 0.791879951953888
1.61036427500108 4.19232761859894 1.82451498508453 0.873781442642212
1.77241568887504 4.19232761859894 2.02037468552589 0.978800386190414
1.95077438250316 4.19232761859894 2.25312721729279 1.05164715647697
2.14708136207369 4.19232761859894 2.45595407485962 1.14900916814804
2.36314276869316 4.19232761859894 2.71223926544189 1.26443058252335
2.60094649596008 4.19232761859894 2.83924090862274 1.36496120691299
2.86268047976978 4.19232761859894 3.16028332710266 1.45448702573776
3.15075282862747 4.19232761859894 3.42332887649536 1.58721280097961
3.46781397968047 4.19232761859894 3.66788446903229 1.74676489830017
3.81678108431816 4.19232761859894 3.97065782546997 1.90808665752411
4.2008648477019 4.19232761859894 4.42510843276978 2.09318208694458
4.62790519502682 4.19232761859894 4.53981232643127 2.25170350074768
5.09361260779729 4.19232761859894 4.91897535324097 2.45365035533905
5.6061842896419 4.19232761859894 5.30894994735718 2.70792704820633
6.17033620525356 4.19232761859894 5.65185403823853 2.9689998626709
6.79125888819023 4.19232761859894 6.10592818260193 3.22057414054871
7.47466519687438 4.19232761859894 6.72343564033508 3.50015544891357
8.22684287629239 4.19232761859894 6.72343564033508 3.82300174236298
9.05471240899251 4.19232761859894 6.72343564033508 4.19547476619482
9.96589068764523 4.19232761859894 6.72343564033508 4.60085374116898
10.9687610949915 4.19232761859894 6.72343564033508 5.14538842439651
12.072550635956 4.19232761859894 6.72343564033508 5.57772612571716
13.2874148315868 4.19232761859894 6.72343564033508 6.00373673439026
14.6245311558961 4.19232761859894 6.72343564033508 6.2475733757019
16.0962018752773 4.19232761859894 6.72343564033508 6.32448291778564
17.7159672366814 4.19232761859894 6.72343564033508 6.90840268135071
19.4987300459514 4.19232761859894 6.72343564033508 7.1924946308136
21.4808800919766 4.19232761859894 6.72343564033508 7.51324081420898
23.6425071500281 4.19232761859894 6.72343564033508 7.51324081420898
26.0216593522121 4.19232761859894 6.72343564033508 8.01718676835299
28.6402263154973 4.19232761859894 6.72343564033508 9.5990926027298
31.5223004152183 4.19232761859894 6.72343564033508 10.3926606178284
34.6943984492749 4.19232761859894 6.72343564033508 11.3660273551941
38.1857056084627 4.19232761859894 6.72343564033508 13.0653419494629
42.0283439976073 4.19232761859894 6.72343564033508 14.3933529853821
46.2576681780564 4.19232761859894 6.72343564033508 15.0845198631287
50.9125904506965 4.19232761859894 6.72343564033508 15.3617758750916
56.0359388722924 4.19232761859894 6.72343564033508 15.3617758750916
61.674851299112 4.19232761859894 6.72343564033508 16.4994266033173
67.8812090832727 4.19232761859894 6.72343564033508 18.4069483280182
74.7121144120754 4.19232761859894 6.72343564033508 22.1114149093628
82.2304156821292 4.19232761859894 6.72343564033508 26.3341536521912
90.5052857420251 4.19232761859894 6.81365847587585 26.9265112876892
99.7056313992196 4.19232761859894 7.62878561019897 29.3378443717957
109.739037374665 4.19232761859894 7.62878561019897 29.3378443717957
120.782107840023 4.19232761859894 7.62878561019897 29.3378443717957
132.936445619368 4.19232761859894 7.71900844573975 29.3378443717957
146.313877857786 4.19232761859894 7.71900844573975 29.3378443717957
161.037484897703 4.19232761859894 7.71900844573975 29.3378443717957
177.242732691319 4.19232761859894 7.71900844573975 29.3378443717957
195.078719168039 4.19232761859894 7.71900844573975 29.3378443717957
214.709546024206 4.19232761859894 7.71900844573975 29.3378443717957
214.909512828253 4.19232761859894 7.71900844573975 29.3378443717957
