0.0387145280838013 0.586059033870697 0.0096893310546875 0.00536954402923584
0.0387500300966981 0.586059033870697 0.0096893310546875 0.00536954402923584
0.0425866726076336 0.586059033870697 0.0096893310546875 0.00536954402923584
0.0468031812946723 0.586059033870697 0.0096893310546875 0.00536954402923584
0.0514371667278207 0.586059033870697 0.0096893310546875 0.00536954402923584
0.0565299633015929 0.586059033870697 0.0096893310546875 0.00536954402923584
0.0621269979310704 0.586059033870697 0.0096893310546875 0.00536954402923584
0.068278195252578 0.586059033870697 0.0096893310546875 0.00536954402923584
0.0750384229432996 0.586059033870697 0.0186964869499207 0.00536954402923584
0.0824679811320132 0.586059033870697 0.0186964869499207 0.00536954402923584
0.0907162527069789 0.586059033870697 0.0186964869499207 0.00536954402923584
0.0996980736423392 0.586059033870697 0.0186964869499207 0.00536954402923584
0.109569185139287 0.586059033870697 0.0186964869499207 0.00536954402923584
0.120417635902936 0.586059033870697 0.0186964869499207 0.00536954402923584
0.132340192345309 0.586059033870697 0.0186964869499207 0.00536954402923584
0.145443201725957 0.586059033870697 0.0186964869499207 0.00536954402923584
0.159843540752169 0.967256665229797 0.0389841794967651 0.0231170505285263
0.175669658100152 0.967256665229797 0.0550009310245514 0.0231170505285263
0.193062720156276 0.967256665229797 0.0884131193161011 0.0231170505285263
0.212177870198225 1.85931992530823 0.0896219909191132 0.0291306227445602
0.233185612247737 1.9137766957283 0.0896219909191132 0.0385744273662567
0.25627333193868 1.9137766957283 0.107654571533203 0.0419086366891861
0.281646967966354 2.74790793657303 0.149434149265289 0.0463186614215374
0.309532849027073 2.74790793657303 0.162853479385376 0.0605847761034966
0.340179712633237 2.74790793657303 0.182577788829803 0.0663668364286423
0.373860923811385 2.74790793657303 0.212511539459229 0.0717648267745972
0.411253695994416 3.10663169622421 0.260645149275661 0.0768889337778091
0.451971945990459 3.10663169622421 0.30616682767868 0.0888378918170929
0.496721712052834 3.12219077348709 0.30616682767868 0.108800459653139
0.54590215479858 3.56563341617584 0.351811468601227 0.108800459653139
0.599951955758347 3.56563341617584 0.388062000274658 0.128537479788065
0.659353230344131 3.56563341617584 0.446381509304047 0.141137018799782
0.724635828240139 3.56563341617584 0.454547163099051 0.145626980811357
0.796382059575582 3.56563341617584 0.524514734745026 0.16749007999897
0.875231889036086 3.84656143188477 0.555439114570618 0.187675233930349
0.961888644244345 3.84656143188477 0.647699952125549 0.221075367182493
1.05712528932784 3.84656143188477 0.67695140838623 0.221075367182493
1.16179131963283 3.84656143188477 0.783634454011917 0.242904767394066
1.27682033908432 3.98659324645996 0.834688365459442 0.276542600244284
1.4032383877809 4.04104137420654 0.957550644874573 0.319271009415388
1.54217309410505 4.04104995727539 1.03598862886429 0.322984516620636
1.69486373298454 4.17070913314819 1.17244148254395 0.350772529840469
1.86438038854372 4.17070913314819 1.28948795795441 0.402584474533796
2.0489727885339 4.17070913314819 1.38093566894531 0.440247491002083
2.25184169172242 4.17070913314819 1.52458702027798 0.467090621590614
2.4747966556489 4.17070913314819 1.70885357633233 0.498115852475166
2.7198264022398 4.17070913314819 1.87011383473873 0.602411642670631
2.98911655688376 4.19232761859894 2.11220800876617 0.633976832032204
3.28506914385371 4.19232761859894 2.23743605613708 0.72197413444519
3.61032401197175 4.19232761859894 2.54140546917915 0.7553790807724
3.96778238163021 4.19232761859894 2.71863698959351 0.801084816455841
4.36063272320454 4.19232761859894 3.03312820196152 0.837168395519257
4.79237919768918 4.19232761859894 3.30768990516663 0.871629536151886
5.2668729132423 4.19232761859894 3.7798587679863 0.972378075122833
5.78834627644265 4.19232761859894 3.93611264228821 1.1614403128624
6.36145074466621 4.19232761859894 4.23171192407608 1.1614403128624
6.99129831632754 4.19232761859894 4.66369563341141 1.35097627341747
7.68350712907217 4.19232761859894 5.08884990215302 1.35097627341747
8.45199512379247 4.19232761859894 5.45658403635025 1.50226919725537
9.28882760400582 4.19232761859894 5.71934497356415 1.50226919725537
10.2085149119472 4.19232761859894 6.09758377075195 1.69737017154694
11.2192605084528 4.19232761859894 6.50646662712097 1.83148489892483
12.330080079446 4.19232761859894 6.60014748573303 1.83148489892483
13.5508819543863 4.19232761859894 6.67848968505859 2.36962173879147
14.8925554869521 4.19232761859894 6.67848968505859 2.36962173879147
16.3670681863003 4.19232761859894 6.79096841812134 2.36962173879147
17.9875724652967 4.19232761859894 6.79096841812134 2.6892127841711
19.7685229578944 4.19232761859894 6.79096841812134 2.6892127841711
21.7258054521118 4.19232761859894 6.79096841812134 2.6892127841711
23.8768785886714 4.19232761859894 7.15730094909668 3.22653126716614
26.2409295892292 4.19232761859894 7.15730094909668 3.22653126716614
28.8390454032626 4.19232761859894 7.15730094909668 3.22653126716614
31.6944008002223 4.19232761859894 7.15730094909668 3.22653126716614
34.8324650846968 4.19232761859894 7.15730094909668 3.22653126716614
38.3163339475004 4.19232761859894 7.15730094909668 4.01116287708282
42.1100361799719 4.19232761859894 7.15730094909668 5.68287360668182
46.2793530693252 4.19232761859894 7.15730094909668 5.91258668899536
50.8614742424258 4.19232761859894 7.15730094909668 6.06919407844543
55.8972714730444 4.19232761859894 7.15730094909668 6.22768020629883
61.4316632514152 4.19232761859894 7.15730094909668 6.80354106426239
67.5140154498445 4.19232761859894 7.15730094909668 8.50530290603638
74.1985816582434 4.19232761859894 7.15730094909668 9.37342870235443
81.5449871173038 4.19232761859894 7.15730094909668 9.87348794937134
89.6187605659235 4.19232761859894 7.15730094909668 11.4685637950897
98.4919187468734 4.19232761859894 7.15730094909668 14.0658087134361
108.243608784401 4.19232761859894 7.42660284042358 14.5744969844818
118.960814163673 4.19232761859894 7.42660284042358 15.3088439702988
130.739130609284 4.19232761859894 7.42660284042358 15.6370830535889
143.683618783529 4.19232761859894 7.42660284042358 16.564884185791
157.909741410383 4.19232761859894 7.42660284042358 16.564884185791
173.703536936922 4.19232761859894 7.42660284042358 16.564884185791
190.901933233621 4.19232761859894 7.42660284042358 17.7232112884521
209.803143649102 4.19232761859894 7.42660284042358 20.8291444778442
230.575763898515 4.19232761859894 7.89749574661255 20.8291444778442
253.405082367608 4.19232761859894 7.89749574661255 20.8291444778442
278.494732854913 4.19232761859894 7.89749574661255 20.8291444778442
306.068510952025 4.19232761859894 7.89749574661255 20.8291444778442
336.372370263797 4.19232761859894 7.89749574661255 20.8291444778442
369.676616274388 4.19232761859894 7.89749574661255 20.8291444778442
370.015617281199 4.19232761859894 7.89749574661255 20.8291444778442
