0.0387145280838013 0.586059033870697 0.0096893310546875 0.00536954402923584
0.0387500300966981 0.586059033870697 0.0096893310546875 0.00536954402923584
0.0425866726076336 0.586059033870697 0.0096893310546875 0.00536954402923584
0.0468031812946723 0.586059033870697 0.0096893310546875 0.00536954402923584
0.0514371667278207 0.586059033870697 0.0096893310546875 0.00536954402923584
0.0565299633015929 0.586059033870697 0.0096893310546875 0.00536954402923584
0.0621269979310704 0.586059033870697 0.0096893310546875 0.00536954402923584
0.068278195252578 0.586059033870697 0.0096893310546875 0.00536954402923584
0.0750384229432996 0.586059033870697 0.0186964869499207 0.00536954402923584
0.0824679811320132 0.586059033870697 0.0186964869499207 0.00536954402923584
0.0907162527069789 0.586059033870697 0.0323881506919861 0.00536954402923584
0.0996980736423392 0.586059033870697 0.0323881506919861 0.00536954402923584
0.109569185139287 0.586059033870697 0.0323881506919861 0.00536954402923584
0.120417635902936 0.586059033870697 0.0323881506919861 0.00536954402923584
0.132340192345309 0.586059033870697 0.0323881506919861 0.00536954402923584
0.145443201725957 0.99837489426136 0.0608154535293579 0.0121693909168243
0.159843540752169 0.99837489426136 0.0608154535293579 0.0231170505285263
0.175669658100152 0.99837489426136 0.0608154535293579 0.0231170505285263
0.193062720156276 0.99837489426136 0.0884131193161011 0.0231170505285263
0.212177870198225 2.30101633071899 0.112591326236725 0.0291306227445602
0.233185612247737 2.30101633071899 0.112591326236725 0.0385744273662567
0.25627333193868 2.30101633071899 0.127404242753983 0.0419086366891861
0.281646967966354 2.74790793657303 0.149434149265289 0.0463186614215374
0.309532849027073 2.74790793657303 0.162853479385376 0.065445501357317
0.340179712633237 2.74790793657303 0.190545618534088 0.0663668364286423
0.373860923811385 2.74790793657303 0.212511539459229 0.0745608955621719
0.411253695994416 3.10663169622421 0.260645149275661 0.0768889337778091
0.451971945990459 3.13343650102615 0.30616682767868 0.0991277135908604
0.496721712052834 3.13343650102615 0.311662197113037 0.108800459653139
0.54590215479858 3.56563341617584 0.351811468601227 0.119661405682564
0.599951955758347 3.7056565284729 0.388062000274658 0.128537479788065
0.659353230344131 3.7056565284729 0.446381509304047 0.141137018799782
0.724635828240139 3.7056565284729 0.48697504401207 0.152989536523819
0.796382059575582 3.7056565284729 0.524514734745026 0.175473120063543
0.875231889036086 3.84656143188477 0.597322106361389 0.187675233930349
0.961888644244345 3.84656143188477 0.647699952125549 0.221075367182493
1.05712528932784 3.93300080299377 0.711473613977432 0.221075367182493
1.16179131963283 3.93300080299377 0.790243163704872 0.254929039627314
1.27682033908432 4.04104995727539 0.851584360003471 0.276542600244284
1.4032383877809 4.04104995727539 0.957550644874573 0.319271009415388
1.54217309410505 4.19232761859894 1.03598862886429 0.322984516620636
1.69486373298454 4.19232761859894 1.17244148254395 0.355359494686127
1.86438038854372 4.19232761859894 1.28948795795441 0.402584474533796
2.0489727885339 4.19232761859894 1.40212830901146 0.440247491002083
2.25184169172242 4.19232761859894 1.57235425710678 0.483834192156792
2.4747966556489 4.19232761859894 1.70885357633233 0.557311028242111
2.7198264022398 4.19232761859894 1.89430749416351 0.602411642670631
2.98911655688376 4.19232761859894 2.11220800876617 0.633976832032204
3.28506914385371 4.19232761859894 2.23743605613708 0.72197413444519
3.61032401197175 4.19232761859894 2.54140546917915 0.7553790807724
3.96778238163021 4.19232761859894 2.71863698959351 0.801084816455841
4.36063272320454 4.19232761859894 3.03312820196152 0.847419738769531
4.79237919768918 4.19232761859894 3.37454760074615 0.951162815093994
5.2668729132423 4.19232761859894 3.7798587679863 1.03312520682812
5.78834627644265 4.19232761859894 3.93611264228821 1.1614403128624
6.36145074466621 4.19232761859894 4.23171192407608 1.1614403128624
6.99129831632754 4.19232761859894 4.66369563341141 1.35097627341747
7.68350712907217 4.19232761859894 5.08884990215302 1.59251415729523
8.45199512379247 4.19232761859894 5.59339702129364 1.59905260801315
9.28882760400582 4.19232761859894 5.80729854106903 1.74488317966461
10.2085149119472 4.19232761859894 6.09758377075195 2.01361590623856
11.2192605084528 4.19232761859894 6.50646662712097 2.01361590623856
12.330080079446 4.19232761859894 6.60014748573303 2.34549337625504
13.5508819543863 4.19232761859894 6.67848968505859 2.36962173879147
14.8925554869521 4.19232761859894 6.70245552062988 2.36962173879147
16.3670681863003 4.19232761859894 6.80520296096802 2.36962173879147
17.9875724652967 4.19232761859894 6.80520296096802 2.6892127841711
19.7685229578944 4.19232761859894 6.80520296096802 2.6892127841711
21.7258054521118 4.19232761859894 6.80520296096802 2.90514403581619
23.8768785886714 4.19232761859894 7.15730094909668 3.22653126716614
26.2409295892292 4.19232761859894 7.15730094909668 3.22653126716614
28.8390454032626 4.19232761859894 7.15730094909668 3.27329450845718
31.6944008002223 4.19232761859894 7.15730094909668 3.27329450845718
34.8324650846968 4.19232761859894 7.15730094909668 3.27329450845718
38.3163339475004 4.19232761859894 7.15730094909668 4.01116287708282
42.1100361799719 4.19232761859894 7.15730094909668 5.68287360668182
46.2793530693252 4.19232761859894 7.15730094909668 5.91258668899536
50.8614742424258 4.19232761859894 7.15730094909668 6.06919407844543
55.8972714730444 4.19232761859894 7.15730094909668 6.32816243171692
61.4316632514152 4.19232761859894 7.15730094909668 6.80354106426239
67.5140154498445 4.19232761859894 7.15730094909668 8.50530290603638
74.1985816582434 4.19232761859894 7.15730094909668 9.37342870235443
81.5449871173038 4.19232761859894 7.15730094909668 9.87348794937134
89.6187605659235 4.19232761859894 7.59152126312256 11.4685637950897
98.4919187468734 4.19232761859894 7.59152126312256 14.0658087134361
108.243608784401 4.19232761859894 7.59152126312256 14.5744969844818
118.960814163673 4.19232761859894 7.59152126312256 15.3088439702988
130.739130609284 4.19232761859894 7.59152126312256 17.1024484634399
143.683618783529 4.19232761859894 7.59152126312256 17.1024484634399
157.909741410383 4.19232761859894 7.59152126312256 17.1024484634399
173.703536936922 4.19232761859894 7.59152126312256 22.5018181800842
190.901933233621 4.19232761859894 7.59152126312256 22.5018181800842
209.803143649102 4.19232761859894 7.59152126312256 28.5710122585297
230.575763898515 4.19232761859894 7.89749574661255 29.3976222276688
253.405082367608 4.19232761859894 7.89749574661255 30.5613994598389
278.494732854913 4.19232761859894 7.89749574661255 30.5613994598389
306.068510952025 4.19232761859894 7.89749574661255 30.5613994598389
336.372370263797 4.19232761859894 7.97325611114502 34.8256597518921
369.676616274388 4.19232761859894 7.97325611114502 34.8256597518921
370.015617281199 4.19232761859894 7.97325611114502 34.8256597518921
