0.0194894644874591 0.586059033870697 0.00778967142105103 0.00279238075017929
0.0195076157341004 0.586059033870697 0.00778967142105103 0.00279238075017929
0.0214706726399789 0.586059033870697 0.00778967142105103 0.00279238075017929
0.0236312725192399 0.586059033870697 0.00778967142105103 0.00279238075017929
0.0260092941773403 0.586059033870697 0.00778967142105103 0.00279238075017929
0.02862661682957 0.586059033870697 0.00778967142105103 0.00279238075017929
0.0315073214028609 0.586059033870697 0.0163067877292633 0.00732618570327759
0.0346779120946542 0.586059033870697 0.0163067877292633 0.00732618570327759
0.0381675602272991 0.586059033870697 0.0163067877292633 0.00732618570327759
0.0420083726415892 0.586059033870697 0.0163067877292633 0.00732618570327759
0.0462787480746938 0.586059033870697 0.0306830406188965 0.00732618570327759
0.0509357916233132 0.586059033870697 0.0306830406188965 0.00732618570327759
0.056061474785492 0.586059033870697 0.0306830406188965 0.00732618570327759
0.0617029568985016 0.586059033870697 0.0306830406188965 0.00732618570327759
0.0679121429571029 0.651752918958664 0.0306830406188965 0.00765471532940865
0.0747461611704054 0.768446087837219 0.0513783246278763 0.0366747006773949
0.0822678885754094 0.967256665229797 0.0513783246278763 0.0366747006773949
0.0905465295431877 1.00701880455017 0.0513783246278763 0.0366747006773949
0.0996582525003081 1.9137766957283 0.0712901949882507 0.0406124591827393
0.109686890723714 2.30101633071899 0.100171983242035 0.0406124591827393
0.120724713656792 2.30101633071899 0.100356876850128 0.0580210983753204
0.132873275843195 2.74790793657303 0.10291799902916 0.0580210983753204
0.146244351289115 2.74790793657303 0.140522006899118 0.0625167191028595
0.160960961850701 2.74790793657303 0.16701577603817 0.0815459415316582
0.177158509108387 2.74790793657303 0.175174981355667 0.0928151905536652
0.194986020142061 2.80583125352859 0.218984127044678 0.102697938680649
0.214807390451206 3.0089550614357 0.230664290487766 0.115217983722687
0.23642351909587 3.39448344707489 0.243445638567209 0.126680225133896
0.260214884898814 3.51117664575577 0.289724312722683 0.137747325003147
0.286400382592417 3.51117664575577 0.299085348844528 0.152664475142956
0.315220934348083 3.7056565284729 0.350946240127087 0.169075936079025
0.346941706403675 3.7056565284729 0.376016221940517 0.184235125780106
0.381854548750803 3.7056565284729 0.434084057807922 0.206676512956619
0.420280680328535 3.70566511154175 0.470135498791933 0.235411278903484
0.462573644428912 3.84656143188477 0.514602143317461 0.250810369849205
0.509122561505755 3.93300080299377 0.574720304459333 0.279797226190567
0.560355709314554 3.93300080299377 0.64072223007679 0.307132497429848
0.616744463322841 4.19232761859894 0.704348102211952 0.343880586326122
0.678807633645181 4.19232761859894 0.779823616147041 0.370506785809994
0.74711623840516 4.19232761859894 0.86580017209053 0.41093622893095
0.822298757442146 4.19232761859894 0.957396112382412 0.438433788716793
0.90504691470005 4.19232761859894 1.04663220047951 0.489981837570667
0.997049767162749 4.19232761859894 1.1580298319459 0.553324446082115
1.0973831681079 4.19232761859894 1.28433978557587 0.604378886520863
1.207813147656 4.19232761859894 1.39190599322319 0.657666385173798
1.32935572737641 4.19232761859894 1.55765467882156 0.722164571285248
1.46312917137724 4.19232761859894 1.69676170847379 0.80170489102602
1.61036427500108 4.19232761859894 1.84182296693325 0.873781442642212
1.77241568887504 4.19232761859894 2.04296484589577 0.978800386190414
1.95077438250316 4.19232761859894 2.25312721729279 1.05164715647697
2.14708136207369 4.19232761859894 2.45595407485962 1.14900916814804
2.36314276869316 4.19232761859894 2.71223926544189 1.26443058252335
2.60094649596008 4.19232761859894 2.8513862490654 1.36496120691299
2.86268047976978 4.19232761859894 3.16028332710266 1.45448702573776
3.15075282862747 4.19232761859894 3.42332887649536 1.61442047357559
3.46781397968047 4.19232761859894 3.66788446903229 1.74676489830017
3.81678108431816 4.19232761859894 3.97065782546997 1.91208976507187
4.2008648477019 4.19232761859894 4.42510843276978 2.09318208694458
4.62790519502682 4.19232761859894 4.64395451545715 2.27062046527863
5.09361260779729 4.19232761859894 4.91897535324097 2.45365035533905
5.6061842896419 4.19232761859894 5.30894994735718 2.70792704820633
6.17033620525356 4.19232761859894 5.65185403823853 2.9689998626709
6.79125888819023 4.19232761859894 6.2181761264801 3.22057414054871
7.47466519687438 4.19232761859894 6.72343564033508 3.50015544891357
8.22684287629239 4.19232761859894 6.72343564033508 3.82300174236298
9.05471240899251 4.19232761859894 6.72343564033508 4.25305151939392
9.96589068764523 4.19232761859894 6.72343564033508 4.60085374116898
10.9687610949915 4.19232761859894 6.72343564033508 5.14538842439651
12.072550635956 4.19232761859894 6.72343564033508 5.60485982894897
13.2874148315868 4.19232761859894 6.72343564033508 6.00373673439026
14.6245311558961 4.19232761859894 6.72343564033508 6.2475733757019
16.0962018752773 4.19232761859894 6.72343564033508 6.32448291778564
17.7159672366814 4.19232761859894 6.72343564033508 6.90840268135071
19.4987300459514 4.19232761859894 6.72343564033508 7.1924946308136
21.4808800919766 4.19232761859894 6.72343564033508 7.51324081420898
23.6425071500281 4.19232761859894 6.72343564033508 7.92376232147217
26.0216593522121 4.19232761859894 6.72343564033508 8.60095357894897
28.6402263154973 4.19232761859894 6.72343564033508 9.5990926027298
31.5223004152183 4.19232761859894 6.72343564033508 10.3926606178284
34.6943984492749 4.19232761859894 6.72343564033508 11.3660273551941
38.1857056084627 4.19232761859894 6.72343564033508 13.0653419494629
42.0283439976073 4.19232761859894 6.72343564033508 14.3933529853821
46.2576681780564 4.19232761859894 6.72343564033508 15.0845198631287
50.9125904506965 4.19232761859894 6.72343564033508 15.3617758750916
56.0359388722924 4.19232761859894 6.72343564033508 15.3617758750916
61.674851299112 4.19232761859894 6.72343564033508 17.102105140686
67.8812090832727 4.19232761859894 6.72343564033508 18.4069483280182
74.7121144120754 4.19232761859894 6.72343564033508 22.1114149093628
82.2304156821292 4.19232761859894 6.72343564033508 26.3341536521912
90.5052857420251 4.19232761859894 6.81365847587585 26.9265112876892
99.7056313992196 4.19232761859894 7.62878561019897 29.3378443717957
109.739037374665 4.19232761859894 7.62878561019897 29.3378443717957
120.782107840023 4.19232761859894 7.62878561019897 29.3378443717957
132.936445619368 4.19232761859894 7.71900844573975 29.3378443717957
146.313877857786 4.19232761859894 7.71900844573975 29.3378443717957
161.037484897703 4.19232761859894 7.71900844573975 38.3421115875244
177.242732691319 4.19232761859894 7.71900844573975 38.3421115875244
195.078719168039 4.19232761859894 7.71900844573975 53.4266314506531
214.709546024206 4.19232761859894 7.79051518440247 53.4266314506531
214.909512828253 4.19232761859894 7.79051518440247 53.4266314506531
