0.0387145280838013 0.586059033870697 0.00835919380187988 0.00337469577789307
0.0387500300966981 0.586059033870697 0.00835919380187988 0.00337469577789307
0.0425866726076336 0.586059033870697 0.00835919380187988 0.00337469577789307
0.0468031812946723 0.586059033870697 0.00835919380187988 0.00337469577789307
0.0514371667278207 0.586059033870697 0.00835919380187988 0.00337469577789307
0.0565299633015929 0.586059033870697 0.00835919380187988 0.00337469577789307
0.0621269979310704 0.586059033870697 0.00835919380187988 0.00337469577789307
0.068278195252578 0.586059033870697 0.00835919380187988 0.00337469577789307
0.0750384229432996 0.586059033870697 0.0169519186019897 0.00356489419937134
0.0824679811320132 0.586059033870697 0.0169519186019897 0.00356489419937134
0.0907162527069789 0.586059033870697 0.0169519186019897 0.00356489419937134
0.0996980736423392 0.586059033870697 0.0169519186019897 0.00356489419937134
0.109569185139287 0.586059033870697 0.0169519186019897 0.00356489419937134
0.120417635902936 0.586059033870697 0.0169519186019897 0.00356489419937134
0.132340192345309 0.586059033870697 0.0169519186019897 0.00356489419937134
0.145443201725957 0.586059033870697 0.0169519186019897 0.00356489419937134
0.159843540752169 0.967256665229797 0.053354799747467 0.0189841389656067
0.175669658100152 0.967256665229797 0.053354799747467 0.0189841389656067
0.193062720156276 0.967256665229797 0.0810500979423523 0.0266469120979309
0.212177870198225 1.85931992530823 0.0863595902919769 0.0314953923225403
0.233185612247737 1.9137766957283 0.0863595902919769 0.0490381717681885
0.25627333193868 1.9137766957283 0.112221926450729 0.0550739765167236
0.281646967966354 2.74790793657303 0.142707705497742 0.0550739765167236
0.309532849027073 2.74790793657303 0.152740955352783 0.0700881481170654
0.340179712633237 2.74790793657303 0.19143533706665 0.0785539150238037
0.373860923811385 2.74790793657303 0.203966230154037 0.0861889123916626
0.411253695994416 3.10663169622421 0.243149347603321 0.113254219293594
0.451971945990459 3.10663169622421 0.287622600793839 0.122640550136566
0.496721712052834 3.12219077348709 0.291509948670864 0.133888959884644
0.54590215479858 3.56563341617584 0.334530174732208 0.141176223754883
0.599951955758347 3.56563341617584 0.384529203176498 0.163083881139755
0.659353230344131 3.56563341617584 0.421269007027149 0.177710294723511
0.724635828240139 3.56563341617584 0.42853144556284 0.201690644025803
0.796382059575582 3.56563341617584 0.491895973682404 0.222810328006744
0.875231889036086 3.84656143188477 0.542536199092865 0.259103298187256
0.961888644244345 3.84656143188477 0.638245493173599 0.272589132189751
1.05712528932784 3.84656143188477 0.687137514352798 0.298096209764481
1.16179131963283 3.84656143188477 0.739038974046707 0.332970544695854
1.27682033908432 3.98659324645996 0.805560231208801 0.368930220603943
1.4032383877809 4.04104137420654 0.928543120622635 0.423066824674606
1.54217309410505 4.04104995727539 0.999790102243423 0.456404834985733
1.69486373298454 4.17070913314819 1.10892874002457 0.511603564023972
1.86438038854372 4.17070913314819 1.24468475580215 0.552624106407166
2.0489727885339 4.17070913314819 1.34483617544174 0.609757721424103
2.25184169172242 4.17070913314819 1.52056604623795 0.672347500920296
2.4747966556489 4.17070913314819 1.63946635276079 0.751816928386688
2.7198264022398 4.17070913314819 1.82505193911493 0.826989829540253
2.98911655688376 4.19232761859894 2.04333811998367 0.904717683792114
3.28506914385371 4.19232761859894 2.15791783481836 0.993282675743103
3.61032401197175 4.19232761859894 2.42634493112564 1.08491235971451
3.96778238163021 4.19232761859894 2.65308928489685 1.23354136943817
4.36063272320454 4.19232761859894 2.87573704682291 1.28769302368164
4.79237919768918 4.19232761859894 3.17669871449471 1.4242308139801
5.2668729132423 4.19232761859894 3.58653578720987 1.62777554988861
5.78834627644265 4.19232761859894 3.87046697735786 1.73695242404938
6.36145074466621 4.19232761859894 4.08659681677818 1.79723191261292
6.99129831632754 4.19232761859894 4.51655775308609 1.96272963285446
7.68350712907217 4.19232761859894 4.98000872135162 2.11026221513748
8.45199512379247 4.19232761859894 5.36420118808746 2.17739921808243
9.28882760400582 4.19232761859894 5.60472941398621 2.179154753685
10.2085149119472 4.19232761859894 6.23847270011902 2.19623064994812
11.2192605084528 4.19232761859894 6.76922559738159 2.33090114593506
12.330080079446 4.19232761859894 6.8124623298645 2.48236978054047
13.5508819543863 4.19232761859894 6.8337984085083 2.48236978054047
14.8925554869521 4.19232761859894 6.8337984085083 2.67370760440826
16.3670681863003 4.19232761859894 6.8337984085083 2.68405246734619
17.9875724652967 4.19232761859894 6.8337984085083 2.82391738891602
19.7685229578944 4.19232761859894 6.8337984085083 2.90416741371155
21.7258054521118 4.19232761859894 6.8337984085083 3.05591380596161
23.8768785886714 4.19232761859894 6.8337984085083 4.72616672515869
26.2409295892292 4.19232761859894 6.8337984085083 4.72616672515869
28.8390454032626 4.19232761859894 6.8337984085083 4.72616672515869
31.6944008002223 4.19232761859894 6.8337984085083 4.72616672515869
34.8324650846968 4.19232761859894 6.8337984085083 4.72616672515869
38.3163339475004 4.19232761859894 6.8337984085083 5.56248223781586
42.1100361799719 4.19232761859894 6.8337984085083 7.52695691585541
46.2793530693252 4.19232761859894 6.8337984085083 7.75488036870956
50.8614742424258 4.19232761859894 6.8337984085083 8.23775780200958
55.8972714730444 4.19232761859894 6.8337984085083 8.23775780200958
61.4316632514152 4.19232761859894 6.8337984085083 8.52911984920502
67.5140154498445 4.19232761859894 6.8337984085083 9.96532678604126
74.1985816582434 4.19232761859894 6.8337984085083 12.3068507909775
81.5449871173038 4.19232761859894 6.8337984085083 12.8702492713928
89.6187605659235 4.19232761859894 6.8337984085083 14.9881342053413
98.4919187468734 4.19232761859894 6.8337984085083 17.6809583902359
108.243608784401 4.19232761859894 7.6481716632843 18.2030845880508
118.960814163673 4.19232761859894 7.6481716632843 18.7160009145737
130.739130609284 4.19232761859894 7.6481716632843 19.4986295700073
143.683618783529 4.19232761859894 7.6481716632843 19.4986295700073
157.909741410383 4.19232761859894 7.6481716632843 20.1112909317017
173.703536936922 4.19232761859894 7.6481716632843 20.1112909317017
190.901933233621 4.19232761859894 7.6481716632843 20.1112909317017
209.803143649102 4.19232761859894 7.6481716632843 21.3199844360352
230.575763898515 4.19232761859894 8.2797486782074 24.2299642562866
253.405082367608 4.19232761859894 8.2797486782074 24.2299642562866
278.494732854913 4.19232761859894 8.2797486782074 24.2299642562866
306.068510952025 4.19232761859894 8.2797486782074 24.2299642562866
336.372370263797 4.19232761859894 8.2797486782074 24.2299642562866
369.676616274388 4.19232761859894 8.2797486782074 24.2299642562866
370.015617281199 4.19232761859894 8.2797486782074 24.2299642562866
