0.0194894644874591 0.586059033870697 0.00885355472564697 0.00765490531921387
0.0195076157341004 0.586059033870697 0.00885355472564697 0.00765490531921387
0.0214706726399789 0.586059033870697 0.00885355472564697 0.00765490531921387
0.0236312725192399 0.586059033870697 0.00885355472564697 0.00765490531921387
0.0260092941773403 0.586059033870697 0.00885355472564697 0.00765490531921387
0.02862661682957 0.586059033870697 0.00885355472564697 0.00765490531921387
0.0315073214028609 0.586059033870697 0.0176051557064056 0.00765490531921387
0.0346779120946542 0.586059033870697 0.0176051557064056 0.00765490531921387
0.0381675602272991 0.586059033870697 0.0176051557064056 0.00765490531921387
0.0420083726415892 0.586059033870697 0.0176051557064056 0.00765490531921387
0.0462787480746938 0.586059033870697 0.0319088697433472 0.00859808921813965
0.0509357916233132 0.586059033870697 0.0319088697433472 0.00859808921813965
0.056061474785492 0.586059033870697 0.0319088697433472 0.00859808921813965
0.0617029568985016 0.586059033870697 0.0319088697433472 0.00859808921813965
0.0679121429571029 0.651752918958664 0.0319088697433472 0.00859808921813965
0.0747461611704054 0.768446087837219 0.048955425620079 0.0174829363822937
0.0822678885754094 0.967256665229797 0.048955425620079 0.0315493941307068
0.0905465295431877 1.00701880455017 0.048955425620079 0.0338249206542969
0.0996582525003081 1.9137766957283 0.070426881313324 0.0428921580314636
0.109686890723714 2.30101633071899 0.102191269397736 0.0512073636054993
0.120724713656792 2.30101633071899 0.102191269397736 0.0637065172195435
0.132873275843195 2.74790793657303 0.103014886379242 0.0661464184522629
0.146244351289115 2.74790793657303 0.142358899116516 0.0752157270908356
0.160960961850701 2.74790793657303 0.169999018311501 0.0817135125398636
0.177158509108387 2.74790793657303 0.178947150707245 0.0979400277137756
0.194986020142061 2.80583125352859 0.218685507774353 0.103010356426239
0.214807390451206 3.0089550614357 0.232792615890503 0.115928769111633
0.23642351909587 3.39448344707489 0.251717746257782 0.133715823292732
0.260214884898814 3.51117664575577 0.291699424386024 0.157033085823059
0.286400382592417 3.51117664575577 0.304076313972473 0.171323657035828
0.315220934348083 3.7056565284729 0.35490857064724 0.181480169296265
0.346941706403675 3.7056565284729 0.379370704293251 0.208694785833359
0.381854548750803 3.7056565284729 0.441059350967407 0.225485563278198
0.420280680328535 3.70566511154175 0.474144950509071 0.249607235193253
0.462573644428912 3.84656143188477 0.514990106225014 0.277803361415863
0.509122561505755 3.93300080299377 0.582540556788445 0.312650486826897
0.560355709314554 3.93300080299377 0.648596659302711 0.34147447347641
0.616744463322841 4.19232761859894 0.702542409300804 0.369781732559204
0.678807633645181 4.19232761859894 0.786631122231483 0.403650373220444
0.74711623840516 4.19232761859894 0.874910533428192 0.44496887922287
0.822298757442146 4.19232761859894 0.968053117394447 0.494232505559921
0.90504691470005 4.19232761859894 1.05695034563541 0.544031143188477
0.997049767162749 4.19232761859894 1.16683892905712 0.601456075906754
1.0973831681079 4.19232761859894 1.30105632543564 0.659858137369156
1.207813147656 4.19232761859894 1.41102981567383 0.735597133636475
1.32935572737641 4.19232761859894 1.5666811466217 0.802378237247467
1.46312917137724 4.19232761859894 1.71245473623276 0.887345910072327
1.61036427500108 4.19232761859894 1.87012286484241 0.954820811748505
1.77241568887504 4.19232761859894 2.05319225788116 1.03969123959541
1.95077438250316 4.19232761859894 2.2683190703392 1.1468032002449
2.14708136207369 4.19232761859894 2.47006005048752 1.22521430253983
2.36314276869316 4.19232761859894 2.72103196382523 1.36420047283173
2.60094649596008 4.19232761859894 2.88267397880554 1.48314154148102
2.86268047976978 4.19232761859894 3.18231797218323 1.61611318588257
3.15075282862747 4.19232761859894 3.42995011806488 1.74198055267334
3.46781397968047 4.19232761859894 3.69729912281036 1.88802051544189
3.81678108431816 4.19232761859894 3.9934458732605 2.04481244087219
4.2008648477019 4.19232761859894 4.43481302261353 2.17987895011902
4.62790519502682 4.19232761859894 4.70419073104858 2.39045631885529
5.09361260779729 4.19232761859894 4.97460508346558 2.53464937210083
5.6061842896419 4.19232761859894 5.32650256156921 2.70906436443329
6.17033620525356 4.19232761859894 5.66590428352356 2.99302279949188
6.79125888819023 4.19232761859894 6.25363540649414 3.28842926025391
7.47466519687438 4.19232761859894 6.77744579315186 3.34890860319138
8.22684287629239 4.19232761859894 6.77744579315186 3.66076719760895
9.05471240899251 4.19232761859894 6.79630613327026 4.08856070041656
9.96589068764523 4.19232761859894 6.79630613327026 4.08856070041656
10.9687610949915 4.19232761859894 6.79630613327026 4.3524364233017
12.072550635956 4.19232761859894 6.79630613327026 4.95729917287827
13.2874148315868 4.19232761859894 6.79630613327026 5.32963338494301
14.6245311558961 4.19232761859894 6.79630613327026 6.06914186477661
16.0962018752773 4.19232761859894 6.79630613327026 6.68714511394501
17.7159672366814 4.19232761859894 6.79630613327026 6.68714511394501
19.4987300459514 4.19232761859894 6.79630613327026 6.68714511394501
21.4808800919766 4.19232761859894 6.79630613327026 6.68714511394501
23.6425071500281 4.19232761859894 6.79630613327026 6.68714511394501
26.0216593522121 4.19232761859894 6.79630613327026 6.68714511394501
28.6402263154973 4.19232761859894 6.79630613327026 8.56331753730774
31.5223004152183 4.19232761859894 6.79630613327026 9.65885543823242
34.6943984492749 4.19232761859894 6.79630613327026 11.5150910317898
38.1857056084627 4.19232761859894 6.79630613327026 12.6518782377243
42.0283439976073 4.19232761859894 6.79630613327026 12.6518782377243
46.2576681780564 4.19232761859894 6.79630613327026 12.6518782377243
50.9125904506965 4.19232761859894 6.79630613327026 12.6518782377243
56.0359388722924 4.19232761859894 6.79630613327026 12.6518782377243
61.674851299112 4.19232761859894 7.49101328849792 16.7608528137207
67.8812090832727 4.19232761859894 7.49101328849792 18.4467868804932
74.7121144120754 4.19232761859894 7.49101328849792 22.1409091949463
82.2304156821292 4.19232761859894 7.49101328849792 25.1339319944382
90.5052857420251 4.19232761859894 7.50720930099487 27.6828851103783
99.7056313992196 4.19232761859894 7.50720930099487 29.412731051445
109.739037374665 4.19232761859894 7.50720930099487 30.671407699585
120.782107840023 4.19232761859894 7.50720930099487 34.9502067565918
132.936445619368 4.19232761859894 8.1797661781311 34.9502067565918
146.313877857786 4.19232761859894 8.1797661781311 34.9502067565918
161.037484897703 4.19232761859894 8.1797661781311 47.4322605133057
177.242732691319 4.19232761859894 8.1797661781311 47.4322605133057
195.078719168039 4.19232761859894 8.1797661781311 60.08413875103
214.709546024206 4.19232761859894 8.1797661781311 60.08413875103
214.909512828253 4.19232761859894 8.1797661781311 60.08413875103
