0.0194894644874591 0.586059033870697 0.00624197721481323 0.00637435913085938
0.0195076157341004 0.586059033870697 0.00624197721481323 0.00637435913085938
0.0214706726399789 0.586059033870697 0.00624197721481323 0.00637435913085938
0.0236312725192399 0.586059033870697 0.00624197721481323 0.00637435913085938
0.0260092941773403 0.586059033870697 0.00624197721481323 0.00637435913085938
0.02862661682957 0.586059033870697 0.00624197721481323 0.00637435913085938
0.0315073214028609 0.586059033870697 0.0144873261451721 0.0156979560852051
0.0346779120946542 0.586059033870697 0.0144873261451721 0.0156979560852051
0.0381675602272991 0.586059033870697 0.0144873261451721 0.0156979560852051
0.0420083726415892 0.586059033870697 0.0144873261451721 0.0156979560852051
0.0462787480746938 0.586059033870697 0.0286070704460144 0.0156979560852051
0.0509357916233132 0.586059033870697 0.0286070704460144 0.0156979560852051
0.056061474785492 0.586059033870697 0.0286070704460144 0.0156979560852051
0.0617029568985016 0.586059033870697 0.0286070704460144 0.0156979560852051
0.0679121429571029 0.651752918958664 0.0286070704460144 0.0296313166618347
0.0747461611704054 0.768446087837219 0.0524656772613525 0.0296313166618347
0.0822678885754094 0.967256665229797 0.0524656772613525 0.0405547022819519
0.0905465295431877 1.00701880455017 0.0524656772613525 0.0405547022819519
0.0996582525003081 1.9137766957283 0.0698732733726501 0.0589888989925385
0.109686890723714 2.30101633071899 0.093464195728302 0.0589888989925385
0.120724713656792 2.30101633071899 0.0968392491340637 0.0706571340560913
0.132873275843195 2.74790793657303 0.10102516412735 0.0709531903266907
0.146244351289115 2.74790793657303 0.134437563829124 0.0709531903266907
0.160960961850701 2.74790793657303 0.158831059932709 0.0877147316932678
0.177158509108387 2.74790793657303 0.167042481712997 0.0929246544837952
0.194986020142061 2.80583125352859 0.213069438934326 0.111812740564346
0.214807390451206 3.0089550614357 0.222742334008217 0.127083480358124
0.23642351909587 3.39448344707489 0.233987003564835 0.151754260063171
0.260214884898814 3.51117664575577 0.280551463365555 0.166498303413391
0.286400382592417 3.51117664575577 0.286939474754035 0.181509792804718
0.315220934348083 3.7056565284729 0.336731612682343 0.197870552539825
0.346941706403675 3.7056565284729 0.362018406391144 0.223160862922668
0.381854548750803 3.7056565284729 0.413246035575867 0.250482589006424
0.420280680328535 3.70566511154175 0.45372078102082 0.277627229690552
0.462573644428912 3.84656143188477 0.502644538879395 0.300810098648071
0.509122561505755 3.93300080299377 0.549575414508581 0.334545135498047
0.560355709314554 3.93300080299377 0.615490321069956 0.368542462587357
0.616744463322841 4.19232761859894 0.684988856315613 0.404967725276947
0.678807633645181 4.19232761859894 0.754029452800751 0.449268043041229
0.74711623840516 4.19232761859894 0.830816897563636 0.499377682805061
0.822298757442146 4.19232761859894 0.921627104282379 0.538701921701431
0.90504691470005 4.19232761859894 1.01315623521805 0.603070273995399
0.997049767162749 4.19232761859894 1.11590591073036 0.66993510723114
1.0973831681079 4.19232761859894 1.22842246294022 0.747232645750046
1.207813147656 4.19232761859894 1.34507924318314 0.807437509298325
1.32935572737641 4.19232761859894 1.50704085826874 0.883599489927292
1.46312917137724 4.19232761859894 1.63786160945892 0.979411110281944
1.61036427500108 4.19232761859894 1.77769649028778 1.06827342510223
1.77241568887504 4.19232761859894 1.98230671882629 1.17881974577904
1.95077438250316 4.19232761859894 2.18718421459198 1.28372019529343
2.14708136207369 4.19232761859894 2.38161551952362 1.42411255836487
2.36314276869316 4.19232761859894 2.63020551204681 1.55906957387924
2.60094649596008 4.19232761859894 2.79712617397308 1.69275251030922
2.86268047976978 4.19232761859894 3.06016492843628 1.86740362644196
3.15075282862747 4.19232761859894 3.33083820343018 2.07605221867561
3.46781397968047 4.19232761859894 3.60216569900513 2.2827256321907
3.81678108431816 4.19232761859894 3.89383411407471 2.51407957077026
4.2008648477019 4.19232761859894 4.33938431739807 2.67818093299866
4.62790519502682 4.19232761859894 4.48188829421997 2.87195694446564
5.09361260779729 4.19232761859894 4.82844758033752 3.20962727069855
5.6061842896419 4.19232761859894 5.21620988845825 3.41171681880951
6.17033620525356 4.19232761859894 5.59099555015564 3.64204347133636
6.79125888819023 4.19232761859894 6.1214063167572 3.85948467254639
7.47466519687438 4.19232761859894 6.60244178771973 4.08566009998322
8.22684287629239 4.19232761859894 6.61736536026001 4.25652551651001
9.05471240899251 4.19232761859894 6.61736536026001 4.50166392326355
9.96589068764523 4.19232761859894 6.61736536026001 4.72769892215729
10.9687610949915 4.19232761859894 6.61736536026001 4.99412107467651
12.072550635956 4.19232761859894 6.61736536026001 5.15098738670349
13.2874148315868 4.19232761859894 6.61736536026001 5.42870950698853
14.6245311558961 4.19232761859894 6.61736536026001 6.11448764801025
16.0962018752773 4.19232761859894 6.61736536026001 6.3508141040802
17.7159672366814 4.19232761859894 6.61736536026001 6.44697022438049
19.4987300459514 4.19232761859894 6.61736536026001 6.84516507387161
21.4808800919766 4.19232761859894 6.61736536026001 7.47845065593719
23.6425071500281 4.19232761859894 6.61736536026001 8.23038291931152
26.0216593522121 4.19232761859894 6.61736536026001 9.24212384223938
28.6402263154973 4.19232761859894 6.61736536026001 9.24212384223938
31.5223004152183 4.19232761859894 6.61736536026001 9.68391013145447
34.6943984492749 4.19232761859894 6.61736536026001 9.68391013145447
38.1857056084627 4.19232761859894 6.61736536026001 9.68391013145447
42.0283439976073 4.19232761859894 6.61736536026001 10.9272665977478
46.2576681780564 4.19232761859894 6.61736536026001 10.9272665977478
50.9125904506965 4.19232761859894 6.61736536026001 11.2816758155823
56.0359388722924 4.19232761859894 6.61736536026001 13.5107378959656
61.674851299112 4.19232761859894 6.61736536026001 14.8933219909668
67.8812090832727 4.19232761859894 6.61736536026001 16.0009294711053
74.7121144120754 4.19232761859894 6.61736536026001 18.1166651248932
82.2304156821292 4.19232761859894 6.61736536026001 18.1166651248932
90.5052857420251 4.19232761859894 6.61736536026001 18.1166651248932
99.7056313992196 4.19232761859894 7.59830713272095 18.1166651248932
109.739037374665 4.19232761859894 7.59830713272095 22.6541991233826
120.782107840023 4.19232761859894 7.59830713272095 24.9250583648682
132.936445619368 4.19232761859894 7.59830713272095 24.9250583648682
146.313877857786 4.19232761859894 7.59830713272095 24.9250583648682
161.037484897703 4.19232761859894 7.59830713272095 24.9250583648682
177.242732691319 4.19232761859894 7.59830713272095 24.9250583648682
195.078719168039 4.19232761859894 7.77223300933838 27.4955849647522
214.709546024206 4.19232761859894 7.77223300933838 35.9283399581909
214.909512828253 4.19232761859894 7.77223300933838 35.9283399581909
