0.0194894644874591 0.586059033870697 0.00606274604797363 0.00507476925849915
0.0195076157341004 0.586059033870697 0.00606274604797363 0.00507476925849915
0.0214706726399789 0.586059033870697 0.00606274604797363 0.00507476925849915
0.0236312725192399 0.586059033870697 0.00606274604797363 0.00507476925849915
0.0260092941773403 0.586059033870697 0.00606274604797363 0.00507476925849915
0.02862661682957 0.586059033870697 0.00606274604797363 0.00507476925849915
0.0315073214028609 0.586059033870697 0.014233410358429 0.0114920735359192
0.0346779120946542 0.586059033870697 0.014233410358429 0.0114920735359192
0.0381675602272991 0.586059033870697 0.014233410358429 0.0114920735359192
0.0420083726415892 0.586059033870697 0.014233410358429 0.0114920735359192
0.0462787480746938 0.586059033870697 0.0285399556159973 0.0114920735359192
0.0509357916233132 0.586059033870697 0.0285399556159973 0.0114920735359192
0.056061474785492 0.586059033870697 0.0285399556159973 0.0114920735359192
0.0617029568985016 0.586059033870697 0.0285399556159973 0.0114920735359192
0.0679121429571029 0.651752918958664 0.0285399556159973 0.0218462944030762
0.0747461611704054 0.768446087837219 0.0549538135528564 0.0240017175674438
0.0822678885754094 0.967256665229797 0.0549538135528564 0.0247216820716858
0.0905465295431877 1.00701880455017 0.0549538135528564 0.0272345244884491
0.0996582525003081 1.9137766957283 0.0722038745880127 0.0333224236965179
0.109686890723714 2.30101633071899 0.0958594083786011 0.0429679751396179
0.120724713656792 2.30101633071899 0.0990118384361267 0.0458487868309021
0.132873275843195 2.74790793657303 0.104026272892952 0.0610312521457672
0.146244351289115 2.74790793657303 0.136631848290563 0.0731358528137207
0.160960961850701 2.74790793657303 0.16142050921917 0.0780811607837677
0.177158509108387 2.74790793657303 0.17097136657685 0.0814983397722244
0.194986020142061 2.80583125352859 0.218590259552002 0.0945515930652618
0.214807390451206 3.0089550614357 0.226566404104233 0.104016453027725
0.23642351909587 3.39448344707489 0.238277927041054 0.125077605247498
0.260214884898814 3.51117664575577 0.285487040877342 0.134139895439148
0.286400382592417 3.51117664575577 0.292884635739028 0.153380453586578
0.315220934348083 3.7056565284729 0.343753650784492 0.170466959476471
0.346941706403675 3.7056565284729 0.370811566710472 0.177639067173004
0.381854548750803 3.7056565284729 0.420639157295227 0.198630541563034
0.420280680328535 3.70566511154175 0.461834566667676 0.218329727649689
0.462573644428912 3.84656143188477 0.514049008488655 0.24840047955513
0.509122561505755 3.93300080299377 0.559570264071226 0.277177810668945
0.560355709314554 3.93300080299377 0.628880549222231 0.299875676631927
0.616744463322841 4.19232761859894 0.703906252980232 0.322270691394806
0.678807633645181 4.19232761859894 0.773253660649061 0.358889758586884
0.74711623840516 4.19232761859894 0.847571151331067 0.398104727268219
0.822298757442146 4.19232761859894 0.941318437457085 0.441667303442955
0.90504691470005 4.19232761859894 1.03323784470558 0.48271581530571
0.997049767162749 4.19232761859894 1.13925349712372 0.530796155333519
1.0973831681079 4.19232761859894 1.25389167666435 0.58406600356102
1.207813147656 4.19232761859894 1.37884328886867 0.641515493392944
1.32935572737641 4.19232761859894 1.53813147544861 0.718149662017822
1.46312917137724 4.19232761859894 1.67145309969783 0.771273285150528
1.61036427500108 4.19232761859894 1.82546930015087 0.862881541252136
1.77241568887504 4.19232761859894 2.02953711152077 0.926760196685791
1.95077438250316 4.19232761859894 2.23910295963287 1.03711004555225
2.14708136207369 4.19232761859894 2.43049776554108 1.11911457777023
2.36314276869316 4.19232761859894 2.68713819980621 1.26579624414444
2.60094649596008 4.19232761859894 2.87097179889679 1.3691246509552
2.86268047976978 4.19232761859894 3.11366999149323 1.50621277093887
3.15075282862747 4.19232761859894 3.398113489151 1.65459215641022
3.46781397968047 4.19232761859894 3.67044043540955 1.75463891029358
3.81678108431816 4.19232761859894 3.95828020572662 1.91908639669418
4.2008648477019 4.19232761859894 4.40779566764832 2.12421941757202
4.62790519502682 4.19232761859894 4.53565883636475 2.32852339744568
5.09361260779729 4.19232761859894 4.89364385604858 2.43701338768005
5.6061842896419 4.19232761859894 5.27725696563721 2.71695864200592
6.17033620525356 4.19232761859894 5.65628790855408 2.86886841058731
6.79125888819023 4.19232761859894 6.17228269577026 3.07829236984253
7.47466519687438 4.19232761859894 6.65244841575623 3.303102850914
8.22684287629239 4.19232761859894 6.66162538528442 3.48637104034424
9.05471240899251 4.19232761859894 6.66162538528442 3.71545028686523
9.96589068764523 4.19232761859894 6.66162538528442 3.74984908103943
10.9687610949915 4.19232761859894 6.66162538528442 3.74984908103943
12.072550635956 4.19232761859894 6.66162538528442 4.01802682876587
13.2874148315868 4.19232761859894 6.66162538528442 4.23310375213623
14.6245311558961 4.19232761859894 6.66162538528442 4.23310375213623
16.0962018752773 4.19232761859894 6.66162538528442 4.52132964134216
17.7159672366814 4.19232761859894 6.66162538528442 4.68141913414001
19.4987300459514 4.19232761859894 6.66162538528442 4.68141913414001
21.4808800919766 4.19232761859894 6.66162538528442 4.68141913414001
23.6425071500281 4.19232761859894 6.66162538528442 4.68141913414001
26.0216593522121 4.19232761859894 6.66162538528442 4.68141913414001
28.6402263154973 4.19232761859894 6.66162538528442 4.68141913414001
31.5223004152183 4.19232761859894 6.66162538528442 4.68141913414001
34.6943984492749 4.19232761859894 6.66162538528442 5.28866529464722
38.1857056084627 4.19232761859894 6.66162538528442 5.9671003818512
42.0283439976073 4.19232761859894 6.66162538528442 5.9671003818512
46.2576681780564 4.19232761859894 6.66162538528442 5.9671003818512
50.9125904506965 4.19232761859894 6.66162538528442 5.9671003818512
56.0359388722924 4.19232761859894 6.66162538528442 5.9854274392128
61.674851299112 4.19232761859894 6.66162538528442 6.78468996286392
67.8812090832727 4.19232761859894 6.66162538528442 6.78468996286392
74.7121144120754 4.19232761859894 6.66162538528442 9.66675925254822
82.2304156821292 4.19232761859894 6.66162538528442 11.2299659252167
90.5052857420251 4.19232761859894 6.66162538528442 11.2299659252167
99.7056313992196 4.19232761859894 7.58223032951355 12.6938436031342
109.739037374665 4.19232761859894 7.58223032951355 12.6938436031342
120.782107840023 4.19232761859894 7.58223032951355 15.4011826515198
132.936445619368 4.19232761859894 7.58223032951355 16.8650603294373
146.313877857786 4.19232761859894 7.58223032951355 16.8650603294373
161.037484897703 4.19232761859894 7.58223032951355 17.297562122345
177.242732691319 4.19232761859894 7.58223032951355 17.297562122345
195.078719168039 4.19232761859894 7.66535758972168 23.2646625041962
214.709546024206 4.19232761859894 7.66535758972168 27.4358792304993
214.909512828253 4.19232761859894 7.66535758972168 27.4358792304993
