0.0194894644874591 0.586059033870697 0.00673991441726685 0.0014481246471405
0.0195076157341004 0.586059033870697 0.00673991441726685 0.0014481246471405
0.0214706726399789 0.586059033870697 0.00673991441726685 0.0014481246471405
0.0236312725192399 0.586059033870697 0.00673991441726685 0.0014481246471405
0.0260092941773403 0.586059033870697 0.00673991441726685 0.0014481246471405
0.02862661682957 0.586059033870697 0.00673991441726685 0.0014481246471405
0.0315073214028609 0.586059033870697 0.0150302648544312 0.00772225856781006
0.0346779120946542 0.586059033870697 0.0150302648544312 0.00772225856781006
0.0381675602272991 0.586059033870697 0.0150302648544312 0.00772225856781006
0.0420083726415892 0.586059033870697 0.0150302648544312 0.00772225856781006
0.0462787480746938 0.586059033870697 0.0150302648544312 0.00772225856781006
0.0509357916233132 0.586059033870697 0.0150302648544312 0.00772225856781006
0.056061474785492 0.586059033870697 0.0150302648544312 0.00772225856781006
0.0617029568985016 0.586059033870697 0.0150302648544312 0.00772225856781006
0.0679121429571029 0.586059033870697 0.0236326456069946 0.013524129986763
0.0747461611704054 0.768446087837219 0.0540466159582138 0.0241746306419373
0.0822678885754094 0.967256665229797 0.0540466159582138 0.0241746306419373
0.0905465295431877 1.00701880455017 0.0540466159582138 0.0323167890310287
0.0996582525003081 1.9137766957283 0.0540466159582138 0.0323167890310287
0.109686890723714 1.9137766957283 0.0981612801551819 0.0350077152252197
0.120724713656792 1.9137766957283 0.100000381469727 0.0421532541513443
0.132873275843195 2.74790793657303 0.100000381469727 0.0522775799036026
0.146244351289115 2.74790793657303 0.134391903877258 0.0642781555652618
0.160960961850701 2.74790793657303 0.13799162209034 0.0789572149515152
0.177158509108387 2.74790793657303 0.172308766283095 0.0789572149515152
0.194986020142061 2.80583125352859 0.220026016235352 0.0905239284038544
0.214807390451206 2.80583125352859 0.220026016235352 0.103534042835236
0.23642351909587 3.39448344707489 0.23996265232563 0.107439875602722
0.260214884898814 3.51117664575577 0.288278587162495 0.122581288218498
0.286400382592417 3.51117664575577 0.294746526982635 0.135503895580769
0.315220934348083 3.56563341617584 0.344861783087254 0.152252063155174
0.346941706403675 3.56563341617584 0.373313017189503 0.164146885275841
0.381854548750803 3.56563341617584 0.421925961971283 0.189067170023918
0.420280680328535 3.62527656555176 0.447488360106945 0.206830710172653
0.462573644428912 3.84656143188477 0.51611016690731 0.222300931811333
0.509122561505755 3.84656143188477 0.557393454015255 0.243302464485168
0.560355709314554 3.93300080299377 0.635084606707096 0.259690374135971
0.616744463322841 3.98659324645996 0.708424344658852 0.293827414512634
0.678807633645181 3.98659324645996 0.778250567615032 0.325649619102478
0.74711623840516 4.04104995727539 0.858137726783752 0.356972172856331
0.822298757442146 4.06265139579773 0.952014476060867 0.393130168318748
0.90504691470005 4.17070913314819 1.04328465461731 0.421308547258377
0.997049767162749 4.17070913314819 1.1519902870059 0.49154295027256
1.0973831681079 4.17070913314819 1.26393288373947 0.531996682286263
1.207813147656 4.17070913314819 1.3847216963768 0.564996510744095
1.32935572737641 4.17070913314819 1.55317854881287 0.624165773391724
1.46312917137724 4.17070913314819 1.68441438674927 0.689657330513
1.61036427500108 4.19232761859894 1.83324114978313 0.752485871315002
1.77241568887504 4.19232761859894 2.03671264648438 0.821236714720726
1.95077438250316 4.19232761859894 2.24336123466492 0.888999760150909
2.14708136207369 4.19232761859894 2.45109021663666 0.996312499046326
2.36314276869316 4.19232761859894 2.71046221256256 1.03827369213104
2.60094649596008 4.19232761859894 2.83982771635056 1.17229644954205
2.86268047976978 4.19232761859894 3.14495980739594 1.32398402690887
3.15075282862747 4.19232761859894 3.4242799282074 1.44470936059952
3.46781397968047 4.19232761859894 3.68327605724335 1.61505657434464
3.81678108431816 4.19232761859894 3.97589349746704 1.7490302324295
4.2008648477019 4.19232761859894 4.43060970306396 1.91310316324234
4.62790519502682 4.19232761859894 4.55016899108887 2.04394501447678
5.09361260779729 4.19232761859894 4.91176629066467 2.23153513669968
5.6061842896419 4.19232761859894 5.3050491809845 2.32934802770615
6.17033620525356 4.19232761859894 5.67036700248718 2.56075805425644
6.79125888819023 4.19232761859894 6.09670233726501 2.9155141711235
7.47466519687438 4.19232761859894 6.69428205490112 3.068195104599
8.22684287629239 4.19232761859894 6.69647979736328 3.33358120918274
9.05471240899251 4.19232761859894 6.69647979736328 3.6895158290863
9.96589068764523 4.19232761859894 6.69647979736328 4.11038112640381
10.9687610949915 4.19232761859894 6.69647979736328 4.72281503677368
12.072550635956 4.19232761859894 6.69647979736328 4.85012412071228
13.2874148315868 4.19232761859894 6.69647979736328 5.09305000305176
14.6245311558961 4.19232761859894 6.69647979736328 5.48386371135712
16.0962018752773 4.19232761859894 6.69647979736328 5.94567918777466
17.7159672366814 4.19232761859894 6.69647979736328 6.35919260978699
19.4987300459514 4.19232761859894 6.69647979736328 6.35919260978699
21.4808800919766 4.19232761859894 6.69647979736328 6.74720072746277
23.6425071500281 4.19232761859894 6.69647979736328 7.45213031768799
26.0216593522121 4.19232761859894 6.69647979736328 7.69771218299866
28.6402263154973 4.19232761859894 6.69647979736328 7.9174337387085
31.5223004152183 4.19232761859894 6.69647979736328 9.21307957172394
34.6943984492749 4.19232761859894 6.69647979736328 11.1006746292114
38.1857056084627 4.19232761859894 6.69647979736328 12.8293364048004
42.0283439976073 4.19232761859894 6.69647979736328 13.7798478603363
46.2576681780564 4.19232761859894 6.69647979736328 15.3180770874023
50.9125904506965 4.19232761859894 6.69647979736328 16.6545553207397
56.0359388722924 4.19232761859894 6.69647979736328 16.6545553207397
61.674851299112 4.19232761859894 6.69647979736328 16.8274488449097
67.8812090832727 4.19232761859894 6.69647979736328 18.8965954780579
74.7121144120754 4.19232761859894 6.69647979736328 22.0275393724442
82.2304156821292 4.19232761859894 6.69647979736328 27.8218693733215
90.5052857420251 4.19232761859894 6.69647979736328 29.46901512146
99.7056313992196 4.19232761859894 7.46704316139221 33.3303179740906
109.739037374665 4.19232761859894 7.46704316139221 35.2423706054688
120.782107840023 4.19232761859894 7.46704316139221 39.2553596496582
132.936445619368 4.19232761859894 7.46704316139221 42.671483039856
146.313877857786 4.19232761859894 7.46704316139221 42.671483039856
161.037484897703 4.19232761859894 7.46704316139221 42.671483039856
177.242732691319 4.19232761859894 7.46704316139221 42.671483039856
195.078719168039 4.19232761859894 7.46704316139221 42.671483039856
214.709546024206 4.19232761859894 7.46704316139221 42.671483039856
214.909512828253 4.19232761859894 7.46704316139221 42.671483039856
