0.0387145280838013 0.586059033870697 0.008156418800354 0.00132004916667938
0.0387500300966981 0.586059033870697 0.008156418800354 0.00132004916667938
0.0425866726076336 0.586059033870697 0.008156418800354 0.00132004916667938
0.0468031812946723 0.586059033870697 0.008156418800354 0.00132004916667938
0.0514371667278207 0.586059033870697 0.008156418800354 0.00132004916667938
0.0565299633015929 0.586059033870697 0.008156418800354 0.00132004916667938
0.0621269979310704 0.586059033870697 0.008156418800354 0.00132004916667938
0.068278195252578 0.586059033870697 0.008156418800354 0.00132004916667938
0.0750384229432996 0.586059033870697 0.0167977809906006 0.00681270658969879
0.0824679811320132 0.586059033870697 0.0167977809906006 0.00681270658969879
0.0907162527069789 0.586059033870697 0.0310030877590179 0.015341192483902
0.0996980736423392 0.586059033870697 0.0310030877590179 0.015341192483902
0.109569185139287 0.586059033870697 0.0310030877590179 0.015341192483902
0.120417635902936 0.586059033870697 0.0310030877590179 0.015341192483902
0.132340192345309 0.586059033870697 0.0310030877590179 0.015341192483902
0.145443201725957 0.99837489426136 0.0688745975494385 0.0346243418753147
0.159843540752169 0.99837489426136 0.0688745975494385 0.0346243418753147
0.175669658100152 0.99837489426136 0.0688745975494385 0.0369301103055477
0.193062720156276 0.99837489426136 0.0816925913095474 0.0369301103055477
0.212177870198225 2.30101633071899 0.105807185173035 0.0507988035678864
0.233185612247737 2.30101633071899 0.105807185173035 0.0582462958991528
0.25627333193868 2.30101633071899 0.12136235833168 0.0582462958991528
0.281646967966354 2.74790793657303 0.142764911055565 0.0604425072669983
0.309532849027073 2.74790793657303 0.153613209724426 0.0770309716463089
0.340179712633237 2.74790793657303 0.181938767433167 0.0836985558271408
0.373860923811385 2.74790793657303 0.205038726329803 0.108016297221184
0.411253695994416 3.10663169622421 0.244812659919262 0.113099452108145
0.451971945990459 3.13343650102615 0.289660394191742 0.135142952203751
0.496721712052834 3.13343650102615 0.313560537993908 0.147535488009453
0.54590215479858 3.56563341617584 0.33528870344162 0.159632921218872
0.599951955758347 3.7056565284729 0.380485713481903 0.172943640500307
0.659353230344131 3.7056565284729 0.424952737987041 0.209717243909836
0.724635828240139 3.7056565284729 0.463142789900303 0.218041270971298
0.796382059575582 3.7056565284729 0.495565116405487 0.235825825482607
0.875231889036086 3.84656143188477 0.582392394542694 0.268672436475754
0.961888644244345 3.84656143188477 0.633007019758224 0.297671914100647
1.05712528932784 3.93300080299377 0.688589468598366 0.33051435649395
1.16179131963283 3.93300080299377 0.750059887766838 0.371672287583351
1.27682033908432 4.04104995727539 0.812618337571621 0.402216181159019
1.4032383877809 4.04104995727539 0.926370203495026 0.444777131080627
1.54217309410505 4.19232761859894 0.999202609062195 0.484008431434631
1.69486373298454 4.19232761859894 1.11739629507065 0.543447136878967
1.86438038854372 4.19232761859894 1.24479532241821 0.591783165931702
2.0489727885339 4.19232761859894 1.34370848536491 0.659529760479927
2.25184169172242 4.19232761859894 1.50753974914551 0.713607355952263
2.4747966556489 4.19232761859894 1.62796852737665 0.806569572538137
2.7198264022398 4.19232761859894 1.81781494617462 0.883400082588196
2.98911655688376 4.19232761859894 2.00992608070374 0.994805529713631
3.28506914385371 4.19232761859894 2.16032182425261 1.04251217842102
3.61032401197175 4.19232761859894 2.43778264522552 1.18199646472931
3.96778238163021 4.19232761859894 2.63650703430176 1.27804617956281
4.36063272320454 4.19232761859894 2.8909623529762 1.39330261945724
4.79237919768918 4.19232761859894 3.23511815071106 1.53912989795208
5.2668729132423 4.19232761859894 3.60695289634168 1.71621721982956
5.78834627644265 4.19232761859894 3.84704405069351 1.84455227851868
6.36145074466621 4.19232761859894 4.06791245937347 1.99230027198792
6.99129831632754 4.19232761859894 4.51290325820446 2.22551012039185
7.68350712907217 4.19232761859894 4.9660273194313 2.38087244704366
8.45199512379247 4.19232761859894 5.50671577453613 2.60964040458202
9.28882760400582 4.19232761859894 5.8160742521286 2.80081051588058
10.2085149119472 4.19232761859894 6.13202702999115 3.00745433568954
11.2192605084528 4.19232761859894 6.61799502372742 3.1406118273735
12.330080079446 4.19232761859894 6.68515944480896 3.34495902061462
13.5508819543863 4.19232761859894 6.70209288597107 3.55777138471603
14.8925554869521 4.19232761859894 6.70540475845337 3.82365971803665
16.3670681863003 4.19232761859894 6.71634531021118 4.07246994972229
17.9875724652967 4.19232761859894 6.72247457504272 4.16041541099548
19.7685229578944 4.19232761859894 6.72247457504272 4.39239454269409
21.7258054521118 4.19232761859894 6.72247457504272 4.62927222251892
23.8768785886714 4.19232761859894 6.72247457504272 4.78025305271149
26.2409295892292 4.19232761859894 6.72247457504272 4.88458836078644
28.8390454032626 4.19232761859894 6.72247457504272 5.23868489265442
31.6944008002223 4.19232761859894 6.72247457504272 5.98631691932678
34.8324650846968 4.19232761859894 6.72247457504272 6.44876027107239
38.3163339475004 4.19232761859894 6.72247457504272 7.42790579795837
42.1100361799719 4.19232761859894 6.72247457504272 7.84157967567444
46.2793530693252 4.19232761859894 6.72247457504272 8.22339916229248
50.8614742424258 4.19232761859894 6.72247457504272 8.25675702095032
55.8972714730444 4.19232761859894 6.72247457504272 9.02652788162231
61.4316632514152 4.19232761859894 6.72247457504272 9.02652788162231
67.5140154498445 4.19232761859894 6.72247457504272 9.02652788162231
74.1985816582434 4.19232761859894 6.72247457504272 9.02652788162231
81.5449871173038 4.19232761859894 6.72247457504272 9.93660806119442
89.6187605659235 4.19232761859894 6.89827060699463 12.1122221946716
98.4919187468734 4.19232761859894 6.89827060699463 13.0137436389923
108.243608784401 4.19232761859894 7.60017466545105 14.0332319736481
118.960814163673 4.19232761859894 7.60017466545105 14.8030028343201
130.739130609284 4.19232761859894 7.60017466545105 14.8030028343201
143.683618783529 4.19232761859894 7.60017466545105 14.8030028343201
157.909741410383 4.19232761859894 7.60017466545105 14.8030028343201
173.703536936922 4.19232761859894 7.60017466545105 18.5602793693542
190.901933233621 4.19232761859894 7.60017466545105 18.5602793693542
209.803143649102 4.19232761859894 7.68245410919189 25.9792721271515
230.575763898515 4.19232761859894 7.84613394737244 26.7490429878235
253.405082367608 4.19232761859894 7.84613394737244 26.7490429878235
278.494732854913 4.19232761859894 7.84613394737244 26.7490429878235
306.068510952025 4.19232761859894 7.84613394737244 26.7490429878235
336.372370263797 4.19232761859894 7.92841339111328 29.6084933280945
369.676616274388 4.19232761859894 7.92841339111328 29.6084933280945
370.015617281199 4.19232761859894 7.92841339111328 29.6084933280945
