0.0194894644874591 0.586059033870697 0.00952816009521484 0.00655484199523926
0.0195076157341004 0.586059033870697 0.00952816009521484 0.00655484199523926
0.0214706726399789 0.586059033870697 0.00952816009521484 0.00655484199523926
0.0236312725192399 0.586059033870697 0.00952816009521484 0.00655484199523926
0.0260092941773403 0.586059033870697 0.00952816009521484 0.00655484199523926
0.02862661682957 0.586059033870697 0.00952816009521484 0.00655484199523926
0.0315073214028609 0.586059033870697 0.0185096263885498 0.0137702971696854
0.0346779120946542 0.586059033870697 0.0185096263885498 0.0137702971696854
0.0381675602272991 0.586059033870697 0.0185096263885498 0.0137702971696854
0.0420083726415892 0.586059033870697 0.0185096263885498 0.0137702971696854
0.0462787480746938 0.586059033870697 0.0185096263885498 0.0137702971696854
0.0509357916233132 0.586059033870697 0.0185096263885498 0.0137702971696854
0.056061474785492 0.586059033870697 0.0185096263885498 0.0137702971696854
0.0617029568985016 0.586059033870697 0.0185096263885498 0.0137702971696854
0.0679121429571029 0.586059033870697 0.0304030179977417 0.0178695917129517
0.0747461611704054 0.768446087837219 0.0398140996694565 0.0260564088821411
0.0822678885754094 0.967256665229797 0.0443117618560791 0.0260564088821411
0.0905465295431877 1.00701880455017 0.0481570661067963 0.0260564088821411
0.0996582525003081 1.9137766957283 0.0545302033424377 0.0442689955234528
0.109686890723714 1.9137766957283 0.0933284759521484 0.0487228035926819
0.120724713656792 1.9137766957283 0.0945026278495789 0.0532591193914413
0.132873275843195 2.74790793657303 0.0993112325668335 0.0599301755428314
0.146244351289115 2.74790793657303 0.116639494895935 0.0670498013496399
0.160960961850701 2.74790793657303 0.127800166606903 0.0961690843105316
0.177158509108387 2.74790793657303 0.162328720092773 0.10152280330658
0.194986020142061 2.80583125352859 0.197869777679443 0.104983866214752
0.214807390451206 2.80583125352859 0.215350804850459 0.120617091655731
0.23642351909587 3.39448344707489 0.246553061529994 0.133528798818588
0.260214884898814 3.51117664575577 0.273556843400002 0.150878340005875
0.286400382592417 3.51117664575577 0.291643485426903 0.169749200344086
0.315220934348083 3.56563341617584 0.328170150518417 0.180657997727394
0.346941706403675 3.56563341617584 0.365219607949257 0.198897927999496
0.381854548750803 3.56563341617584 0.410137236118317 0.22480896115303
0.420280680328535 3.62527656555176 0.443005576729774 0.260916113853455
0.462573644428912 3.84656143188477 0.485512120649219 0.279214859008789
0.509122561505755 3.84656143188477 0.535538911819458 0.307896941900253
0.560355709314554 3.93300080299377 0.595493406057358 0.336549699306488
0.616744463322841 3.98659324645996 0.655407458543777 0.364897340536118
0.678807633645181 3.98659324645996 0.739833131432533 0.402899295091629
0.74711623840516 4.04104995727539 0.813643395900726 0.438957124948502
0.822298757442146 4.06265139579773 0.906539993360639 0.487634420394897
0.90504691470005 4.17070913314819 0.98582611978054 0.531554818153381
0.997049767162749 4.17070913314819 1.09611067175865 0.591406285762787
1.0973831681079 4.17070913314819 1.20501075685024 0.651833727955818
1.207813147656 4.17070913314819 1.33609409630299 0.711970925331116
1.32935572737641 4.17070913314819 1.45306986570358 0.777162253856659
1.46312917137724 4.17070913314819 1.62354534864426 0.859413504600525
1.61036427500108 4.19232761859894 1.75879842042923 0.941857546567917
1.77241568887504 4.19232761859894 1.92327475547791 1.03590965270996
1.95077438250316 4.19232761859894 2.1157860159874 1.11538854241371
2.14708136207369 4.19232761859894 2.31442284584045 1.22754466533661
2.36314276869316 4.19232761859894 2.54337012767792 1.34284770488739
2.60094649596008 4.19232761859894 2.76556539535522 1.46943432092667
2.86268047976978 4.19232761859894 3.00926911830902 1.59356886148453
3.15075282862747 4.19232761859894 3.17813396453857 1.75309830904007
3.46781397968047 4.19232761859894 3.51068544387817 1.91866658627987
3.81678108431816 4.19232761859894 3.77806735038757 2.12038999795914
4.2008648477019 4.19232761859894 4.19072127342224 2.30403506755829
4.62790519502682 4.19232761859894 4.33349311351776 2.4299533367157
5.09361260779729 4.19232761859894 4.74910342693329 2.73660331964493
5.6061842896419 4.19232761859894 5.11530327796936 2.91747164726257
6.17033620525356 4.19232761859894 5.49415028095245 3.14773869514465
6.79125888819023 4.19232761859894 5.97933495044708 3.5323212146759
7.47466519687438 4.19232761859894 6.61349129676819 3.64155864715576
8.22684287629239 4.19232761859894 6.67597770690918 3.83111429214478
9.05471240899251 4.19232761859894 6.78979253768921 4.18384671211243
9.96589068764523 4.19232761859894 6.78979253768921 4.47261840105057
10.9687610949915 4.19232761859894 6.78979253768921 4.82449555397034
12.072550635956 4.19232761859894 6.78979253768921 5.44477677345276
13.2874148315868 4.19232761859894 6.78979253768921 5.59380102157593
14.6245311558961 4.19232761859894 6.78979253768921 5.59380102157593
16.0962018752773 4.19232761859894 6.78979253768921 5.59380102157593
17.7159672366814 4.19232761859894 7.02941429615021 6.09485363960266
19.4987300459514 4.19232761859894 7.02941429615021 6.75817090272903
21.4808800919766 4.19232761859894 7.02941429615021 8.31841629743576
23.6425071500281 4.19232761859894 7.02941429615021 8.45530301332474
26.0216593522121 4.19232761859894 7.02941429615021 9.5764856338501
28.6402263154973 4.19232761859894 7.02941429615021 9.99834650754929
31.5223004152183 4.19232761859894 7.02941429615021 11.2564158439636
34.6943984492749 4.19232761859894 7.02941429615021 11.2564158439636
38.1857056084627 4.19232761859894 7.02941429615021 11.2564158439636
42.0283439976073 4.19232761859894 7.02941429615021 12.6855969429016
46.2576681780564 4.19232761859894 7.02941429615021 14.3655271530151
50.9125904506965 4.19232761859894 7.02941429615021 14.3655271530151
56.0359388722924 4.19232761859894 7.02941429615021 14.3655271530151
61.674851299112 4.19232761859894 7.02941429615021 14.3655271530151
67.8812090832727 4.19232761859894 7.02941429615021 14.3655271530151
74.7121144120754 4.19232761859894 7.02941429615021 14.3655271530151
82.2304156821292 4.19232761859894 7.02941429615021 22.1020793914795
90.5052857420251 4.19232761859894 7.30423069000244 22.1020793914795
99.7056313992196 4.19232761859894 7.46903896331787 26.6592502593994
109.739037374665 4.19232761859894 7.46903896331787 26.6592502593994
120.782107840023 4.19232761859894 7.46903896331787 26.6592502593994
132.936445619368 4.19232761859894 7.9834771156311 26.6592502593994
146.313877857786 4.19232761859894 7.9834771156311 26.6592502593994
161.037484897703 4.19232761859894 7.9834771156311 26.6592502593994
177.242732691319 4.19232761859894 7.9834771156311 26.6592502593994
195.078719168039 4.19232761859894 7.9834771156311 26.6592502593994
214.709546024206 4.19232761859894 7.9834771156311 26.6592502593994
214.909512828253 4.19232761859894 7.9834771156311 26.6592502593994
