0.0194894644874591 0.586059033870697 0.00658559799194336 0.0048125684261322
0.0195076157341004 0.586059033870697 0.00658559799194336 0.0048125684261322
0.0214706726399789 0.586059033870697 0.00658559799194336 0.0048125684261322
0.0236312725192399 0.586059033870697 0.00658559799194336 0.0048125684261322
0.0260092941773403 0.586059033870697 0.00658559799194336 0.0048125684261322
0.02862661682957 0.586059033870697 0.00658559799194336 0.0048125684261322
0.0315073214028609 0.586059033870697 0.0148945152759552 0.00948619842529297
0.0346779120946542 0.586059033870697 0.0148945152759552 0.00948619842529297
0.0381675602272991 0.586059033870697 0.0148945152759552 0.00948619842529297
0.0420083726415892 0.586059033870697 0.0148945152759552 0.00948619842529297
0.0462787480746938 0.586059033870697 0.0148945152759552 0.00948619842529297
0.0509357916233132 0.586059033870697 0.0148945152759552 0.00948619842529297
0.056061474785492 0.586059033870697 0.0148945152759552 0.00948619842529297
0.0617029568985016 0.586059033870697 0.0148945152759552 0.00948619842529297
0.0679121429571029 0.586059033870697 0.0229251384735107 0.0175856351852417
0.0747461611704054 0.768446087837219 0.0516970157623291 0.0175856351852417
0.0822678885754094 0.967256665229797 0.0516970157623291 0.0227456241846085
0.0905465295431877 1.00701880455017 0.0516970157623291 0.0227456241846085
0.0996582525003081 1.9137766957283 0.0516970157623291 0.0323108434677124
0.109686890723714 1.9137766957283 0.0942251682281494 0.0364128649234772
0.120724713656792 1.9137766957283 0.0971790552139282 0.0446852445602417
0.132873275843195 2.74790793657303 0.0971790552139282 0.0512778759002686
0.146244351289115 2.74790793657303 0.129274606704712 0.057553768157959
0.160960961850701 2.74790793657303 0.134636640548706 0.0714765787124634
0.177158509108387 2.74790793657303 0.167339055798948 0.0714765787124634
0.194986020142061 2.80583125352859 0.212920427322388 0.0829834640026093
0.214807390451206 2.80583125352859 0.212920427322388 0.0904815196990967
0.23642351909587 3.39448344707489 0.234156578779221 0.108786225318909
0.260214884898814 3.51117664575577 0.281270384788513 0.119537144899368
0.286400382592417 3.51117664575577 0.28713598754257 0.130251526832581
0.315220934348083 3.56563341617584 0.334560632705688 0.149889469146729
0.346941706403675 3.56563341617584 0.362634241580963 0.167187005281448
0.381854548750803 3.56563341617584 0.41036993265152 0.184444904327393
0.420280680328535 3.62527656555176 0.436188399791718 0.204351097345352
0.462573644428912 3.84656143188477 0.502092778682709 0.228386163711548
0.509122561505755 3.84656143188477 0.544531494379044 0.245434403419495
0.560355709314554 3.93300080299377 0.616564691066742 0.267161846160889
0.616744463322841 3.98659324645996 0.684417724609375 0.30251756310463
0.678807633645181 3.98659324645996 0.754426777362823 0.327450543642044
0.74711623840516 4.04104995727539 0.833199143409729 0.368830770254135
0.822298757442146 4.06265139579773 0.924298524856567 0.405872315168381
0.90504691470005 4.17070913314819 1.01543658971786 0.442820072174072
0.997049767162749 4.17070913314819 1.11948823928833 0.485983788967133
1.0973831681079 4.17070913314819 1.22620099782944 0.543988049030304
1.207813147656 4.17070913314819 1.34386628866196 0.601570129394531
1.32935572737641 4.17070913314819 1.51041740179062 0.654308050870895
1.46312917137724 4.17070913314819 1.64182341098785 0.713115930557251
1.61036427500108 4.19232761859894 1.77239936590195 0.797724217176437
1.77241568887504 4.19232761859894 1.97876727581024 0.867400467395782
1.95077438250316 4.19232761859894 2.18449246883392 0.955085843801498
2.14708136207369 4.19232761859894 2.38540130853653 1.04804196953773
2.36314276869316 4.19232761859894 2.6342453956604 1.15486797690392
2.60094649596008 4.19232761859894 2.76992624998093 1.27489843964577
2.86268047976978 4.19232761859894 3.06944978237152 1.41173785924911
3.15075282862747 4.19232761859894 3.3333328962326 1.5532948076725
3.46781397968047 4.19232761859894 3.59941780567169 1.73273658752441
3.81678108431816 4.19232761859894 3.89595878124237 1.92049875855446
4.2008648477019 4.19232761859894 4.34373378753662 2.12429904937744
4.62790519502682 4.19232761859894 4.47578644752502 2.30484306812286
5.09361260779729 4.19232761859894 4.83806848526001 2.53071963787079
5.6061842896419 4.19232761859894 5.22441339492798 2.70521318912506
6.17033620525356 4.19232761859894 5.5925714969635 2.90942084789276
6.79125888819023 4.19232761859894 6.02997016906738 2.93498599529266
7.47466519687438 4.19232761859894 6.62169623374939 3.07299554347992
8.22684287629239 4.19232761859894 6.63643288612366 3.23232161998749
9.05471240899251 4.19232761859894 6.63643288612366 3.38145458698273
9.96589068764523 4.19232761859894 6.63643288612366 3.38145458698273
10.9687610949915 4.19232761859894 6.63643288612366 3.38145458698273
12.072550635956 4.19232761859894 6.63643288612366 3.38145458698273
13.2874148315868 4.19232761859894 6.63643288612366 3.38145458698273
14.6245311558961 4.19232761859894 6.63643288612366 3.38145458698273
16.0962018752773 4.19232761859894 6.63643288612366 3.38145458698273
17.7159672366814 4.19232761859894 6.63643288612366 4.38959121704102
19.4987300459514 4.19232761859894 6.63643288612366 4.38959121704102
21.4808800919766 4.19232761859894 6.63643288612366 4.38959121704102
23.6425071500281 4.19232761859894 6.63643288612366 4.38959121704102
26.0216593522121 4.19232761859894 6.63643288612366 4.38959121704102
28.6402263154973 4.19232761859894 6.63643288612366 4.38959121704102
31.5223004152183 4.19232761859894 6.63643288612366 4.55060064792633
34.6943984492749 4.19232761859894 6.63643288612366 4.72339344024658
38.1857056084627 4.19232761859894 6.63643288612366 4.97836208343506
42.0283439976073 4.19232761859894 6.63643288612366 4.97836208343506
46.2576681780564 4.19232761859894 6.63643288612366 4.97836208343506
50.9125904506965 4.19232761859894 6.63643288612366 5.25529742240906
56.0359388722924 4.19232761859894 6.63643288612366 6.86239457130432
61.674851299112 4.19232761859894 6.63643288612366 6.93109583854675
67.8812090832727 4.19232761859894 6.63643288612366 7.34814929962158
74.7121144120754 4.19232761859894 6.63643288612366 8.38139781355858
82.2304156821292 4.19232761859894 6.63643288612366 9.1055999994278
90.5052857420251 4.19232761859894 6.63643288612366 9.53336143493652
99.7056313992196 4.19232761859894 7.59495639801025 9.53336143493652
109.739037374665 4.19232761859894 7.59495639801025 9.53336143493652
120.782107840023 4.19232761859894 7.59495639801025 9.53336143493652
132.936445619368 4.19232761859894 7.59495639801025 9.53336143493652
146.313877857786 4.19232761859894 7.59495639801025 9.53336143493652
161.037484897703 4.19232761859894 7.59495639801025 9.53336143493652
177.242732691319 4.19232761859894 7.59495639801025 9.53336143493652
195.078719168039 4.19232761859894 7.59495639801025 9.53336143493652
214.709546024206 4.19232761859894 7.59495639801025 9.53336143493652
214.909512828253 4.19232761859894 7.59495639801025 9.53336143493652
