0.0387145280838013 0.586059033870697 0.00681531429290771 0.000747621059417725
0.0387500300966981 0.586059033870697 0.00681531429290771 0.000747621059417725
0.0425866726076336 0.586059033870697 0.00681531429290771 0.000747621059417725
0.0468031812946723 0.586059033870697 0.00681531429290771 0.000747621059417725
0.0514371667278207 0.586059033870697 0.00681531429290771 0.000747621059417725
0.0565299633015929 0.586059033870697 0.00681531429290771 0.000747621059417725
0.0621269979310704 0.586059033870697 0.00681531429290771 0.000747621059417725
0.068278195252578 0.586059033870697 0.00681531429290771 0.000747621059417725
0.0750384229432996 0.586059033870697 0.0151441693305969 0.00311921536922455
0.0824679811320132 0.586059033870697 0.0151441693305969 0.00311921536922455
0.0907162527069789 0.586059033870697 0.0294367671012878 0.0128969252109528
0.0996980736423392 0.586059033870697 0.0294367671012878 0.0128969252109528
0.109569185139287 0.586059033870697 0.0294367671012878 0.0128969252109528
0.120417635902936 0.586059033870697 0.0294367671012878 0.0128969252109528
0.132340192345309 0.586059033870697 0.0294367671012878 0.0128969252109528
0.145443201725957 0.99837489426136 0.0722911357879639 0.0166141763329506
0.159843540752169 0.99837489426136 0.0722911357879639 0.0247909128665924
0.175669658100152 0.99837489426136 0.0722911357879639 0.0304273962974548
0.193062720156276 0.99837489426136 0.0763449966907501 0.0321728587150574
0.212177870198225 2.30101633071899 0.10018652677536 0.0487999469041824
0.233185612247737 2.30101633071899 0.10018652677536 0.0599379241466522
0.25627333193868 2.30101633071899 0.116616070270538 0.0617170333862305
0.281646967966354 2.74790793657303 0.137860953807831 0.0782242715358734
0.309532849027073 2.74790793657303 0.145880103111267 0.0804548859596252
0.340179712633237 2.74790793657303 0.186607718467712 0.0918521583080292
0.373860923811385 2.74790793657303 0.198658853769302 0.0926001965999603
0.411253695994416 3.10663169622421 0.2319041416049 0.105377554893494
0.451971945990459 3.13343650102615 0.276217728853226 0.129755765199661
0.496721712052834 3.13343650102615 0.310590036213398 0.141823083162308
0.54590215479858 3.56563341617584 0.322524607181549 0.152236074209213
0.599951955758347 3.7056565284729 0.371012598276138 0.168612867593765
0.659353230344131 3.7056565284729 0.40781494230032 0.193627208471298
0.724635828240139 3.7056565284729 0.442674912512302 0.202137231826782
0.796382059575582 3.7056565284729 0.473222374916077 0.220579981803894
0.875231889036086 3.84656143188477 0.565859436988831 0.247016623616219
0.961888644244345 3.84656143188477 0.616086572408676 0.266409426927567
1.05712528932784 3.93300080299377 0.667445749044418 0.298627614974976
1.16179131963283 3.93300080299377 0.72095575928688 0.348765343427658
1.27682033908432 4.04104995727539 0.804795771837234 0.37036669254303
1.4032383877809 4.04104995727539 0.896638125181198 0.39592370390892
1.54217309410505 4.19232761859894 0.965965658426285 0.440335929393768
1.69486373298454 4.19232761859894 1.07274687290192 0.478456079959869
1.86438038854372 4.19232761859894 1.20404690504074 0.52846884727478
2.0489727885339 4.19232761859894 1.30857041478157 0.571086257696152
2.25184169172242 4.19232761859894 1.47637993097305 0.614039480686188
2.4747966556489 4.19232761859894 1.59200032800436 0.660691529512405
2.7198264022398 4.19232761859894 1.77403422445059 0.732604712247849
2.98911655688376 4.19232761859894 1.97812062501907 0.808497726917267
3.28506914385371 4.19232761859894 2.09718608856201 0.83784407377243
3.61032401197175 4.19232761859894 2.3502961397171 0.937849655747414
3.96778238163021 4.19232761859894 2.56290137767792 0.996144689619541
4.36063272320454 4.19232761859894 2.79949724674225 1.08394801616669
4.79237919768918 4.19232761859894 3.1340970993042 1.16755545139313
5.2668729132423 4.19232761859894 3.46389146894217 1.26758182048798
5.78834627644265 4.19232761859894 3.74905568361282 1.46853104233742
6.36145074466621 4.19232761859894 3.96976366639137 1.54610691964626
6.99129831632754 4.19232761859894 4.37143465876579 1.74513173103333
7.68350712907217 4.19232761859894 4.84247827529907 1.96117794513702
8.45199512379247 4.19232761859894 5.39384818077087 2.25917625427246
9.28882760400582 4.19232761859894 5.75749528408051 2.4115916788578
10.2085149119472 4.19232761859894 6.0871170759201 2.58263802528381
11.2192605084528 4.19232761859894 6.61219382286072 2.77596386522055
12.330080079446 4.19232761859894 6.66771769523621 3.20664682984352
13.5508819543863 4.19232761859894 6.69929242134094 3.38461470603943
14.8925554869521 4.19232761859894 6.69989442825317 3.60805058479309
16.3670681863003 4.19232761859894 6.69989442825317 4.18286764621735
17.9875724652967 4.19232761859894 6.69989442825317 4.45083901286125
19.7685229578944 4.19232761859894 6.69989442825317 4.81101405620575
21.7258054521118 4.19232761859894 6.69989442825317 5.48001436889172
23.8768785886714 4.19232761859894 6.69989442825317 5.90219974517822
26.2409295892292 4.19232761859894 6.69989442825317 6.38139414787292
28.8390454032626 4.19232761859894 6.69989442825317 7.13578605651855
31.6944008002223 4.19232761859894 6.69989442825317 7.71206122636795
34.8324650846968 4.19232761859894 6.69989442825317 8.5690690279007
38.3163339475004 4.19232761859894 6.69989442825317 9.30991041660309
42.1100361799719 4.19232761859894 6.69989442825317 10.1760484278202
46.2793530693252 4.19232761859894 6.69989442825317 11.0354018211365
50.8614742424258 4.19232761859894 6.69989442825317 11.7771867066622
55.8972714730444 4.19232761859894 6.69989442825317 12.550381064415
61.4316632514152 4.19232761859894 6.69989442825317 14.2785472869873
67.5140154498445 4.19232761859894 6.69989442825317 15.334285736084
74.1985816582434 4.19232761859894 6.69989442825317 17.1757402420044
81.5449871173038 4.19232761859894 6.69989442825317 19.7367997169495
89.6187605659235 4.19232761859894 6.69989442825317 21.8380315303802
98.4919187468734 4.19232761859894 6.69989442825317 23.7552409172058
108.243608784401 4.19232761859894 7.47761726379395 26.4330414533615
118.960814163673 4.19232761859894 7.47761726379395 27.4303360879421
130.739130609284 4.19232761859894 7.47761726379395 28.2294579744339
143.683618783529 4.19232761859894 7.47761726379395 28.2294579744339
157.909741410383 4.19232761859894 7.47761726379395 28.2294579744339
173.703536936922 4.19232761859894 7.47761726379395 37.0488786697388
190.901933233621 4.19232761859894 7.47761726379395 37.0488786697388
209.803143649102 4.19232761859894 7.47761726379395 47.7601720094681
230.575763898515 4.19232761859894 7.47761726379395 47.7601720094681
253.405082367608 4.19232761859894 7.47761726379395 47.7601720094681
278.494732854913 4.19232761859894 7.47761726379395 47.7601720094681
306.068510952025 4.19232761859894 7.47761726379395 47.7601720094681
336.372370263797 4.19232761859894 7.47761726379395 47.7601720094681
369.676616274388 4.19232761859894 7.47761726379395 47.7601720094681
370.015617281199 4.19232761859894 7.47761726379395 47.7601720094681
