0.0387145280838013 0.586059033870697 0.00787365436553955 3.3259391784668e-05
0.0387500300966981 0.586059033870697 0.00787365436553955 3.3259391784668e-05
0.0425866726076336 0.586059033870697 0.00787365436553955 3.3259391784668e-05
0.0468031812946723 0.586059033870697 0.00787365436553955 3.3259391784668e-05
0.0514371667278207 0.586059033870697 0.00787365436553955 3.3259391784668e-05
0.0565299633015929 0.586059033870697 0.00787365436553955 3.3259391784668e-05
0.0621269979310704 0.586059033870697 0.00787365436553955 3.3259391784668e-05
0.068278195252578 0.586059033870697 0.00787365436553955 3.3259391784668e-05
0.0750384229432996 0.586059033870697 0.0164386034011841 0.00155258178710938
0.0824679811320132 0.586059033870697 0.0164386034011841 0.00155258178710938
0.0907162527069789 0.586059033870697 0.0164386034011841 0.00155258178710938
0.0996980736423392 0.586059033870697 0.0164386034011841 0.00155258178710938
0.109569185139287 0.586059033870697 0.0164386034011841 0.00155258178710938
0.120417635902936 0.586059033870697 0.0164386034011841 0.00155258178710938
0.132340192345309 0.586059033870697 0.0164386034011841 0.00155258178710938
0.145443201725957 0.586059033870697 0.0164386034011841 0.00155258178710938
0.159843540752169 0.967256665229797 0.0494956374168396 0.0105471312999725
0.175669658100152 0.967256665229797 0.0494956374168396 0.0170344710350037
0.193062720156276 0.967256665229797 0.0805085003376007 0.030398428440094
0.212177870198225 1.85931992530823 0.0863392949104309 0.030398428440094
0.233185612247737 1.9137766957283 0.0863392949104309 0.030398428440094
0.25627333193868 1.9137766957283 0.10166010260582 0.0364131927490234
0.281646967966354 2.74790793657303 0.141384720802307 0.0397880673408508
0.309532849027073 2.74790793657303 0.151876330375671 0.0509084165096283
0.340179712633237 2.74790793657303 0.182401716709137 0.0664591491222382
0.373860923811385 2.74790793657303 0.203478366136551 0.0688946545124054
0.411253695994416 3.10663169622421 0.241905935108662 0.0949214696884155
0.451971945990459 3.10663169622421 0.286597698926926 0.0949214696884155
0.496721712052834 3.12219077348709 0.286597698926926 0.0949214696884155
0.54590215479858 3.56563341617584 0.332077533006668 0.117938131093979
0.599951955758347 3.56563341617584 0.378007143735886 0.132207959890366
0.659353230344131 3.56563341617584 0.420959033071995 0.169826924800873
0.724635828240139 3.56563341617584 0.421093229204416 0.171570867300034
0.796382059575582 3.56563341617584 0.490319818258286 0.191595196723938
0.875231889036086 3.84656143188477 0.524130970239639 0.207760959863663
0.961888644244345 3.84656143188477 0.628715217113495 0.237827599048615
1.05712528932784 3.84656143188477 0.664213508367538 0.265773624181747
1.16179131963283 3.84656143188477 0.733721315860748 0.299502223730087
1.27682033908432 3.98659324645996 0.798409998416901 0.34835210442543
1.4032383877809 4.04104137420654 0.919090360403061 0.352530151605606
1.54217309410505 4.04104995727539 0.991193145513535 0.417360097169876
1.69486373298454 4.17070913314819 1.10697197914124 0.449142038822174
1.86438038854372 4.17070913314819 1.23483717441559 0.51146411895752
2.0489727885339 4.17070913314819 1.30979830026627 0.57279360294342
2.25184169172242 4.17070913314819 1.46257311105728 0.598700284957886
2.4747966556489 4.17070913314819 1.61251648515463 0.67016427218914
2.7198264022398 4.17070913314819 1.76805046573281 0.804181426763535
2.98911655688376 4.19232761859894 2.00052988529205 0.804181426763535
3.28506914385371 4.19232761859894 2.14336220175028 0.857824265956879
3.61032401197175 4.19232761859894 2.41698986291885 0.988317131996155
3.96778238163021 4.19232761859894 2.61762690544128 1.0665585398674
4.36063272320454 4.19232761859894 2.86335555277765 1.18430845439434
4.79237919768918 4.19232761859894 3.14918211102486 1.20334759354591
5.2668729132423 4.19232761859894 3.57326499186456 1.39991042017937
5.78834627644265 4.19232761859894 3.82175153493881 1.56886386871338
6.36145074466621 4.19232761859894 4.03466787934303 1.74220681190491
6.99129831632754 4.19232761859894 4.47858044505119 1.81630146503448
7.68350712907217 4.19232761859894 4.93347984552383 1.95951354503632
8.45199512379247 4.19232761859894 5.30906069278717 2.12952327728271
9.28882760400582 4.19232761859894 5.52921879291534 2.23143625259399
10.2085149119472 4.19232761859894 6.11165452003479 2.35257065296173
11.2192605084528 4.19232761859894 6.60491991043091 2.41691184043884
12.330080079446 4.19232761859894 6.66861963272095 2.53730857372284
13.5508819543863 4.19232761859894 6.68894481658936 2.66265034675598
14.8925554869521 4.19232761859894 6.6912567615509 2.68594121932983
16.3670681863003 4.19232761859894 6.6912567615509 2.91178703308105
17.9875724652967 4.19232761859894 6.69148659706116 3.21042895317078
19.7685229578944 4.19232761859894 6.69148659706116 3.50167465209961
21.7258054521118 4.19232761859894 6.69148659706116 3.63969004154205
23.8768785886714 4.19232761859894 6.69148659706116 3.7523627281189
26.2409295892292 4.19232761859894 6.69148659706116 3.93436646461487
28.8390454032626 4.19232761859894 6.69148659706116 4.27632689476013
31.6944008002223 4.19232761859894 6.69148659706116 4.47466564178467
34.8324650846968 4.19232761859894 6.69148659706116 4.93568754196167
38.3163339475004 4.19232761859894 6.69148659706116 5.20107805728912
42.1100361799719 4.19232761859894 6.69148659706116 5.92128491401672
46.2793530693252 4.19232761859894 6.69148659706116 6.48404467105865
50.8614742424258 4.19232761859894 6.69148659706116 7.70818471908569
55.8972714730444 4.19232761859894 6.69148659706116 7.70818471908569
61.4316632514152 4.19232761859894 6.69148659706116 7.90338778495789
67.5140154498445 4.19232761859894 6.69148659706116 10.1975464820862
74.1985816582434 4.19232761859894 6.69148659706116 10.4413909912109
81.5449871173038 4.19232761859894 6.69148659706116 11.9807555675507
89.6187605659235 4.19232761859894 6.69148659706116 14.1922293901443
98.4919187468734 4.19232761859894 6.69148659706116 16.5349833965302
108.243608784401 4.19232761859894 7.58663105964661 17.2286942005157
118.960814163673 4.19232761859894 7.58663105964661 18.1009342670441
130.739130609284 4.19232761859894 7.58663105964661 19.2927098274231
143.683618783529 4.19232761859894 7.58663105964661 20.3331575393677
157.909741410383 4.19232761859894 7.58663105964661 21.8175368309021
173.703536936922 4.19232761859894 7.58663105964661 21.8175368309021
190.901933233621 4.19232761859894 7.58663105964661 24.6797332763672
209.803143649102 4.19232761859894 7.58663105964661 27.1690950393677
230.575763898515 4.19232761859894 7.71537041664124 29.2709302902222
253.405082367608 4.19232761859894 7.71537041664124 29.2709302902222
278.494732854913 4.19232761859894 7.71537041664124 29.2709302902222
306.068510952025 4.19232761859894 7.71537041664124 29.2709302902222
336.372370263797 4.19232761859894 7.71537041664124 29.2709302902222
369.676616274388 4.19232761859894 7.71537041664124 29.2709302902222
370.015617281199 4.19232761859894 7.71537041664124 29.2709302902222
