0.0194894644874591 0.586059033870697 0.008156418800354 0.00132004916667938
0.0195076157341004 0.586059033870697 0.008156418800354 0.00132004916667938
0.0214706726399789 0.586059033870697 0.008156418800354 0.00132004916667938
0.0236312725192399 0.586059033870697 0.008156418800354 0.00132004916667938
0.0260092941773403 0.586059033870697 0.008156418800354 0.00132004916667938
0.02862661682957 0.586059033870697 0.008156418800354 0.00132004916667938
0.0315073214028609 0.586059033870697 0.0167977809906006 0.00681270658969879
0.0346779120946542 0.586059033870697 0.0167977809906006 0.00681270658969879
0.0381675602272991 0.586059033870697 0.0167977809906006 0.00681270658969879
0.0420083726415892 0.586059033870697 0.0167977809906006 0.00681270658969879
0.0462787480746938 0.586059033870697 0.0310030877590179 0.015341192483902
0.0509357916233132 0.586059033870697 0.0310030877590179 0.015341192483902
0.056061474785492 0.586059033870697 0.0310030877590179 0.015341192483902
0.0617029568985016 0.586059033870697 0.0310030877590179 0.015341192483902
0.0679121429571029 0.651752918958664 0.0310030877590179 0.015341192483902
0.0747461611704054 0.768446087837219 0.0485857278108597 0.0203140527009964
0.0822678885754094 0.967256665229797 0.0485857278108597 0.0321499556303024
0.0905465295431877 1.00701880455017 0.0485857278108597 0.0321499556303024
0.0996582525003081 1.9137766957283 0.0688745975494385 0.0369301103055477
0.109686890723714 2.30101633071899 0.0981848835945129 0.042491864413023
0.120724713656792 2.30101633071899 0.0986247658729553 0.0460540018975735
0.132873275843195 2.74790793657303 0.101635366678238 0.0507988035678864
0.146244351289115 2.74790793657303 0.13877559453249 0.0641221404075623
0.160960961850701 2.74790793657303 0.165235385298729 0.0641221404075623
0.177158509108387 2.74790793657303 0.173854798078537 0.0813058614730835
0.194986020142061 2.80583125352859 0.213743448257446 0.0928442776203156
0.214807390451206 3.0089550614357 0.227613396942616 0.10364156588912
0.23642351909587 3.39448344707489 0.243808453902602 0.113381758332253
0.260214884898814 3.51117664575577 0.285654209554195 0.124557733535767
0.286400382592417 3.51117664575577 0.293696403503418 0.141549732536077
0.315220934348083 3.7056565284729 0.34582956880331 0.159098606556654
0.346941706403675 3.7056565284729 0.369933448731899 0.173751533031464
0.381854548750803 3.7056565284729 0.428479850292206 0.195199862122536
0.420280680328535 3.70566511154175 0.463403692469001 0.213901504874229
0.462573644428912 3.84656143188477 0.504996350035071 0.239438101649284
0.509122561505755 3.93300080299377 0.566927082836628 0.265154436230659
0.560355709314554 3.93300080299377 0.630472019314766 0.289656266570091
0.616744463322841 4.19232761859894 0.686196677386761 0.322050984948874
0.678807633645181 4.19232761859894 0.76735632121563 0.357310175895691
0.74711623840516 4.19232761859894 0.852007746696472 0.389329422265291
0.822298757442146 4.19232761859894 0.941900484263897 0.427602156996727
0.90504691470005 4.19232761859894 1.02936974167824 0.468968506902456
0.997049767162749 4.19232761859894 1.13875658065081 0.520695075392723
1.0973831681079 4.19232761859894 1.26656046509743 0.580264762043953
1.207813147656 4.19232761859894 1.37217777967453 0.628375574946404
1.32935572737641 4.19232761859894 1.53121137619019 0.693802300840616
1.46312917137724 4.19232761859894 1.6687844991684 0.768298361450434
1.61036427500108 4.19232761859894 1.82260788977146 0.842829689383507
1.77241568887504 4.19232761859894 2.00378921627998 0.927839890122414
1.95077438250316 4.19232761859894 2.21817862987518 1.02278262376785
2.14708136207369 4.19232761859894 2.41391640901566 1.13279555737972
2.36314276869316 4.19232761859894 2.66202414035797 1.2484422326088
2.60094649596008 4.19232761859894 2.82004272937775 1.36593371629715
2.86268047976978 4.19232761859894 3.11832332611084 1.496098279953
3.15075282862747 4.19232761859894 3.3619681596756 1.65408998727798
3.46781397968047 4.19232761859894 3.62947976589203 1.81181174516678
3.81678108431816 4.19232761859894 3.92270088195801 1.98603677749634
4.2008648477019 4.19232761859894 4.36992573738098 2.1697900891304
4.62790519502682 4.19232761859894 4.60900115966797 2.39448791742325
5.09361260779729 4.19232761859894 4.88244652748108 2.61425536870956
5.6061842896419 4.19232761859894 5.26481556892395 2.88435781002045
6.17033620525356 4.19232761859894 5.60510396957397 3.16520375013351
6.79125888819023 4.19232761859894 6.19226574897766 3.45904207229614
7.47466519687438 4.19232761859894 6.70209288597107 3.8130943775177
8.22684287629239 4.19232761859894 6.70540475845337 4.14803385734558
9.05471240899251 4.19232761859894 6.72247457504272 4.41423225402832
9.96589068764523 4.19232761859894 6.72247457504272 4.61481308937073
10.9687610949915 4.19232761859894 6.72247457504272 4.71799051761627
12.072550635956 4.19232761859894 6.72247457504272 5.18400311470032
13.2874148315868 4.19232761859894 6.72247457504272 5.43240094184875
14.6245311558961 4.19232761859894 6.72247457504272 5.58338177204132
16.0962018752773 4.19232761859894 6.72247457504272 5.58338177204132
17.7159672366814 4.19232761859894 6.72247457504272 5.91681337356567
19.4987300459514 4.19232761859894 6.72247457504272 5.91681337356567
21.4808800919766 4.19232761859894 6.72247457504272 5.91681337356567
23.6425071500281 4.19232761859894 6.72247457504272 5.91681337356567
26.0216593522121 4.19232761859894 6.72247457504272 6.44876027107239
28.6402263154973 4.19232761859894 6.72247457504272 7.68179035186768
31.5223004152183 4.19232761859894 6.72247457504272 8.05160593986511
34.6943984492749 4.19232761859894 6.72247457504272 9.02652788162231
38.1857056084627 4.19232761859894 6.72247457504272 9.02652788162231
42.0283439976073 4.19232761859894 6.72247457504272 9.02652788162231
46.2576681780564 4.19232761859894 6.72247457504272 9.02652788162231
50.9125904506965 4.19232761859894 6.72247457504272 9.02652788162231
56.0359388722924 4.19232761859894 6.72247457504272 9.02652788162231
61.674851299112 4.19232761859894 6.89827060699463 9.02652788162231
67.8812090832727 4.19232761859894 6.89827060699463 9.02652788162231
74.7121144120754 4.19232761859894 6.89827060699463 9.97995598614216
82.2304156821292 4.19232761859894 6.89827060699463 13.7835144996643
90.5052857420251 4.19232761859894 6.96843385696411 13.7835144996643
99.7056313992196 4.19232761859894 7.60017466545105 14.8030028343201
109.739037374665 4.19232761859894 7.60017466545105 15.6689848899841
120.782107840023 4.19232761859894 7.60017466545105 16.6884732246399
132.936445619368 4.19232761859894 7.84613394737244 17.6624531745911
146.313877857786 4.19232761859894 7.84613394737244 17.6624531745911
161.037484897703 4.19232761859894 7.84613394737244 18.5602793693542
177.242732691319 4.19232761859894 7.84613394737244 18.5602793693542
195.078719168039 4.19232761859894 7.84613394737244 26.7490429878235
214.709546024206 4.19232761859894 7.92841339111328 29.6084933280945
214.909512828253 4.19232761859894 7.92841339111328 29.6084933280945
