0.0387145280838013 0.586059033870697 0.00682544708251953 0.0022747814655304
0.0387500300966981 0.586059033870697 0.00682544708251953 0.0022747814655304
0.0425866726076336 0.586059033870697 0.00682544708251953 0.0022747814655304
0.0468031812946723 0.586059033870697 0.00682544708251953 0.0022747814655304
0.0514371667278207 0.586059033870697 0.00682544708251953 0.0022747814655304
0.0565299633015929 0.586059033870697 0.00682544708251953 0.0022747814655304
0.0621269979310704 0.586059033870697 0.00682544708251953 0.0022747814655304
0.068278195252578 0.586059033870697 0.00682544708251953 0.0022747814655304
0.0750384229432996 0.586059033870697 0.0152374505996704 0.0022747814655304
0.0824679811320132 0.586059033870697 0.0152374505996704 0.0022747814655304
0.0907162527069789 0.586059033870697 0.0291207134723663 0.00650525093078613
0.0996980736423392 0.586059033870697 0.0291207134723663 0.00650525093078613
0.109569185139287 0.586059033870697 0.0291207134723663 0.00650525093078613
0.120417635902936 0.586059033870697 0.0291207134723663 0.00650525093078613
0.132340192345309 0.586059033870697 0.0291207134723663 0.00650525093078613
0.145443201725957 0.99837489426136 0.0663504600524902 0.0262556076049805
0.159843540752169 0.99837489426136 0.0663504600524902 0.0262556076049805
0.175669658100152 0.99837489426136 0.0663504600524902 0.0306103080511093
0.193062720156276 0.99837489426136 0.077793300151825 0.0308331847190857
0.212177870198225 2.30101633071899 0.101503372192383 0.043182909488678
0.233185612247737 2.30101633071899 0.101503372192383 0.0609993636608124
0.25627333193868 2.30101633071899 0.118538856506348 0.0609993636608124
0.281646967966354 2.74790793657303 0.137948036193848 0.0654486045241356
0.309532849027073 2.74790793657303 0.147829532623291 0.0775349736213684
0.340179712633237 2.74790793657303 0.176955342292786 0.086695671081543
0.373860923811385 2.74790793657303 0.200542062520981 0.0949297249317169
0.411253695994416 3.10663169622421 0.235411114990711 0.106061220169067
0.451971945990459 3.13343650102615 0.280196994543076 0.117319971323013
0.496721712052834 3.13343650102615 0.304518811404705 0.133553683757782
0.54590215479858 3.56563341617584 0.325161963701248 0.153890997171402
0.599951955758347 3.7056565284729 0.368520051240921 0.165321975946426
0.659353230344131 3.7056565284729 0.413831777870655 0.189300537109375
0.724635828240139 3.7056565284729 0.446609281003475 0.201728940010071
0.796382059575582 3.7056565284729 0.479497283697128 0.222266286611557
0.875231889036086 3.84656143188477 0.564022839069366 0.252047181129456
0.961888644244345 3.84656143188477 0.613487333059311 0.269133806228638
1.05712528932784 3.93300080299377 0.670311622321606 0.297937899827957
1.16179131963283 3.93300080299377 0.72617781162262 0.331495761871338
1.27682033908432 4.04104995727539 0.788765944540501 0.359107404947281
1.4032383877809 4.04104995727539 0.898914843797684 0.391239404678345
1.54217309410505 4.19232761859894 0.97169229388237 0.442443668842316
1.69486373298454 4.19232761859894 1.08746176958084 0.480135381221771
1.86438038854372 4.19232761859894 1.21012908220291 0.517340950667858
2.0489727885339 4.19232761859894 1.30420836806297 0.587065666913986
2.25184169172242 4.19232761859894 1.46222200989723 0.656258314847946
2.4747966556489 4.19232761859894 1.58065967261791 0.698876917362213
2.7198264022398 4.19232761859894 1.76548635959625 0.774887263774872
2.98911655688376 4.19232761859894 1.95078575611115 0.915038704872131
3.28506914385371 4.19232761859894 2.1033468618989 0.98159459233284
3.61032401197175 4.19232761859894 2.37406599521637 1.0341854095459
3.96778238163021 4.19232761859894 2.55810105800629 1.12622281908989
4.36063272320454 4.19232761859894 2.8044622913003 1.22087985277176
4.79237919768918 4.19232761859894 3.1419495344162 1.34301856160164
5.2668729132423 4.19232761859894 3.5045982375741 1.43496486544609
5.78834627644265 4.19232761859894 3.74113839864731 1.64077067375183
6.36145074466621 4.19232761859894 3.96913877129555 1.860829859972
6.99129831632754 4.19232761859894 4.38875758647919 2.0438260436058
7.68350712907217 4.19232761859894 4.84795773029327 2.15822103619576
8.45199512379247 4.19232761859894 5.36572182178497 2.32685378938913
9.28882760400582 4.19232761859894 5.67920219898224 2.8790757060051
10.2085149119472 4.19232761859894 5.9921600818634 3.06620627641678
11.2192605084528 4.19232761859894 6.470294713974 3.28569972515106
12.330080079446 4.19232761859894 6.5483877658844 3.68791007995605
13.5508819543863 4.19232761859894 6.57415366172791 3.9919900894165
14.8925554869521 4.19232761859894 6.59737229347229 4.1754098534584
16.3670681863003 4.19232761859894 6.59737229347229 4.70892941951752
17.9875724652967 4.19232761859894 6.59737229347229 5.1137655377388
19.7685229578944 4.19232761859894 6.59737229347229 5.25580644607544
21.7258054521118 4.19232761859894 6.59737229347229 5.6461980342865
23.8768785886714 4.19232761859894 6.59737229347229 5.68761920928955
26.2409295892292 4.19232761859894 6.59737229347229 5.86674690246582
28.8390454032626 4.19232761859894 6.59737229347229 6.19652891159058
31.6944008002223 4.19232761859894 6.59737229347229 6.30059361457825
34.8324650846968 4.19232761859894 6.59737229347229 6.69889068603516
38.3163339475004 4.19232761859894 6.59737229347229 9.55381393432617
42.1100361799719 4.19232761859894 6.59737229347229 12.3754841387272
46.2793530693252 4.19232761859894 6.59737229347229 13.0893409252167
50.8614742424258 4.19232761859894 6.59737229347229 14.1773462295532
55.8972714730444 4.19232761859894 6.59737229347229 14.1773462295532
61.4316632514152 4.19232761859894 6.59737229347229 14.4970600605011
67.5140154498445 4.19232761859894 6.59737229347229 18.4026880264282
74.1985816582434 4.19232761859894 6.59737229347229 21.6528449058533
81.5449871173038 4.19232761859894 6.59737229347229 23.7836728096008
89.6187605659235 4.19232761859894 6.59737229347229 27.3956505060196
98.4919187468734 4.19232761859894 6.59737229347229 31.4856295585632
108.243608784401 4.19232761859894 7.38531184196472 32.5770773887634
118.960814163673 4.19232761859894 7.38531184196472 33.6172542572021
130.739130609284 4.19232761859894 7.38531184196472 37.8425960540771
143.683618783529 4.19232761859894 7.38531184196472 37.8425960540771
157.909741410383 4.19232761859894 7.38531184196472 37.8425960540771
173.703536936922 4.19232761859894 7.38531184196472 52.0199422836304
190.901933233621 4.19232761859894 7.38531184196472 52.0199422836304
209.803143649102 4.19232761859894 7.38923978805542 65.7536166906357
230.575763898515 4.19232761859894 7.38923978805542 66.9493374824524
253.405082367608 4.19232761859894 7.38923978805542 67.8913769721985
278.494732854913 4.19232761859894 7.38923978805542 68.7513966560364
306.068510952025 4.19232761859894 7.38923978805542 68.7513966560364
336.372370263797 4.19232761859894 7.38923978805542 73.1505146026611
369.676616274388 4.19232761859894 7.38923978805542 73.1505146026611
370.015617281199 4.19232761859894 7.38923978805542 73.1505146026611
