0.0387145280838013 0.586059033870697 0.0066831111907959 0.00349724292755127
0.0387500300966981 0.586059033870697 0.0066831111907959 0.00349724292755127
0.0425866726076336 0.586059033870697 0.0066831111907959 0.00349724292755127
0.0468031812946723 0.586059033870697 0.0066831111907959 0.00349724292755127
0.0514371667278207 0.586059033870697 0.0066831111907959 0.00349724292755127
0.0565299633015929 0.586059033870697 0.0066831111907959 0.00349724292755127
0.0621269979310704 0.586059033870697 0.0066831111907959 0.00349724292755127
0.068278195252578 0.586059033870697 0.0066831111907959 0.00349724292755127
0.0750384229432996 0.586059033870697 0.014998197555542 0.00490538775920868
0.0824679811320132 0.586059033870697 0.014998197555542 0.00490538775920868
0.0907162527069789 0.586059033870697 0.0292461812496185 0.00823879241943359
0.0996980736423392 0.586059033870697 0.0292461812496185 0.00823879241943359
0.109569185139287 0.586059033870697 0.0292461812496185 0.00823879241943359
0.120417635902936 0.586059033870697 0.0292461812496185 0.00823879241943359
0.132340192345309 0.586059033870697 0.0292461812496185 0.00823879241943359
0.145443201725957 0.99837489426136 0.0711024403572083 0.0107621550559998
0.159843540752169 0.99837489426136 0.0711024403572083 0.0236487612128258
0.175669658100152 0.99837489426136 0.0711024403572083 0.0236487612128258
0.193062720156276 0.99837489426136 0.0761929005384445 0.0242558717727661
0.212177870198225 2.30101633071899 0.0999708771705627 0.0270222425460815
0.233185612247737 2.30101633071899 0.0999708771705627 0.0337274074554443
0.25627333193868 2.30101633071899 0.116681456565857 0.0366328358650208
0.281646967966354 2.74790793657303 0.136646136641502 0.0405231416225433
0.309532849027073 2.74790793657303 0.145696640014648 0.0420979708433151
0.340179712633237 2.74790793657303 0.184520125389099 0.0484336316585541
0.373860923811385 2.74790793657303 0.19849044084549 0.0569526702165604
0.411253695994416 3.10663169622421 0.231574468314648 0.0783239901065826
0.451971945990459 3.13343650102615 0.275965452194214 0.0783239901065826
0.496721712052834 3.13343650102615 0.308735184371471 0.0941826552152634
0.54590215479858 3.56563341617584 0.321060955524445 0.0991120040416718
0.599951955758347 3.7056565284729 0.369382798671722 0.10406556725502
0.659353230344131 3.7056565284729 0.407625786960125 0.123180389404297
0.724635828240139 3.7056565284729 0.441648550331593 0.129802942276001
0.796382059575582 3.7056565284729 0.472198605537415 0.160387456417084
0.875231889036086 3.84656143188477 0.563811421394348 0.160387456417084
0.961888644244345 3.84656143188477 0.613740801811218 0.179631292819977
1.05712528932784 3.93300080299377 0.666045613586903 0.207184106111526
1.16179131963283 3.93300080299377 0.716441214084625 0.229943990707397
1.27682033908432 4.04104995727539 0.79879467189312 0.271036565303802
1.4032383877809 4.04104995727539 0.89424604177475 0.297938331961632
1.54217309410505 4.19232761859894 0.964260205626488 0.321174576878548
1.69486373298454 4.19232761859894 1.07219642400742 0.370436608791351
1.86438038854372 4.19232761859894 1.20155817270279 0.401251271367073
2.0489727885339 4.19232761859894 1.29691690206528 0.44511179625988
2.25184169172242 4.19232761859894 1.4628718495369 0.501385927200317
2.4747966556489 4.19232761859894 1.58254202455282 0.592101573944092
2.7198264022398 4.19232761859894 1.76082485169172 0.600005909800529
2.98911655688376 4.19232761859894 1.96806186437607 0.655328452587128
3.28506914385371 4.19232761859894 2.08728938549757 0.737395703792572
3.61032401197175 4.19232761859894 2.34765249490738 0.754171550273895
3.96778238163021 4.19232761859894 2.55419564247131 0.846773445606232
4.36063272320454 4.19232761859894 2.78715097904205 0.907000780105591
4.79237919768918 4.19232761859894 3.12504726648331 0.976504743099213
5.2668729132423 4.19232761859894 3.46010469645262 1.04606872797012
5.78834627644265 4.19232761859894 3.73733878135681 1.18294411897659
6.36145074466621 4.19232761859894 3.95271220803261 1.22521024942398
6.99129831632754 4.19232761859894 4.36216960847378 1.29534041881561
7.68350712907217 4.19232761859894 4.83129423856735 1.387590944767
8.45199512379247 4.19232761859894 5.37488448619843 1.48226618766785
9.28882760400582 4.19232761859894 5.73108541965485 1.60952925682068
10.2085149119472 4.19232761859894 6.05723512172699 1.74735945463181
11.2192605084528 4.19232761859894 6.57457542419434 1.85856068134308
12.330080079446 4.19232761859894 6.63504552841187 1.98831164836884
13.5508819543863 4.19232761859894 6.66720151901245 2.18174493312836
14.8925554869521 4.19232761859894 6.67418360710144 2.32203286886215
16.3670681863003 4.19232761859894 6.67418360710144 2.33483636379242
17.9875724652967 4.19232761859894 6.67418360710144 2.45131206512451
19.7685229578944 4.19232761859894 6.67418360710144 2.70357103645802
21.7258054521118 4.19232761859894 6.67418360710144 2.77123393118382
23.8768785886714 4.19232761859894 6.67418360710144 3.57286596298218
26.2409295892292 4.19232761859894 6.67418360710144 3.57286596298218
28.8390454032626 4.19232761859894 6.67418360710144 3.57286596298218
31.6944008002223 4.19232761859894 6.67418360710144 3.57286596298218
34.8324650846968 4.19232761859894 6.67418360710144 3.68824678659439
38.3163339475004 4.19232761859894 6.67418360710144 3.93782246112823
42.1100361799719 4.19232761859894 6.67418360710144 4.22408920526505
46.2793530693252 4.19232761859894 6.67418360710144 4.47377371788025
50.8614742424258 4.19232761859894 6.67418360710144 4.81685161590576
55.8972714730444 4.19232761859894 6.67418360710144 5.14252018928528
61.4316632514152 4.19232761859894 6.67418360710144 5.47559821605682
67.5140154498445 4.19232761859894 6.67418360710144 6.17121982574463
74.1985816582434 4.19232761859894 6.67418360710144 6.17121982574463
81.5449871173038 4.19232761859894 6.67418360710144 7.24347949028015
89.6187605659235 4.19232761859894 6.67418360710144 7.78622460365295
98.4919187468734 4.19232761859894 6.67418360710144 8.4577157497406
108.243608784401 4.19232761859894 7.5555157661438 9.0478230714798
118.960814163673 4.19232761859894 7.5555157661438 10.1884508728981
130.739130609284 4.19232761859894 7.5555157661438 10.9299280643463
143.683618783529 4.19232761859894 7.5555157661438 11.7068462371826
157.909741410383 4.19232761859894 7.5555157661438 12.9403069019318
173.703536936922 4.19232761859894 7.5555157661438 12.9403069019318
190.901933233621 4.19232761859894 7.5555157661438 12.9403069019318
209.803143649102 4.19232761859894 7.6047990322113 15.3057403564453
230.575763898515 4.19232761859894 7.6047990322113 15.5878968238831
253.405082367608 4.19232761859894 7.6047990322113 15.8536765575409
278.494732854913 4.19232761859894 7.6047990322113 17.3914523124695
306.068510952025 4.19232761859894 7.6047990322113 17.3914523124695
336.372370263797 4.19232761859894 7.6047990322113 22.622763633728
369.676616274388 4.19232761859894 7.6047990322113 22.622763633728
370.015617281199 4.19232761859894 7.6047990322113 22.622763633728
