0.0387145280838013 0.586059033870697 0.00694185495376587 0.00700476765632629
0.0387500300966981 0.586059033870697 0.00694185495376587 0.00700476765632629
0.0425866726076336 0.586059033870697 0.00694185495376587 0.00700476765632629
0.0468031812946723 0.586059033870697 0.00694185495376587 0.00700476765632629
0.0514371667278207 0.586059033870697 0.00694185495376587 0.00700476765632629
0.0565299633015929 0.586059033870697 0.00694185495376587 0.00700476765632629
0.0621269979310704 0.586059033870697 0.00694185495376587 0.00700476765632629
0.068278195252578 0.586059033870697 0.00694185495376587 0.00700476765632629
0.0750384229432996 0.586059033870697 0.0153529345989227 0.00869977474212646
0.0824679811320132 0.586059033870697 0.0153529345989227 0.00869977474212646
0.0907162527069789 0.586059033870697 0.0153529345989227 0.00869977474212646
0.0996980736423392 0.586059033870697 0.0153529345989227 0.00869977474212646
0.109569185139287 0.586059033870697 0.0153529345989227 0.00869977474212646
0.120417635902936 0.586059033870697 0.0153529345989227 0.00869977474212646
0.132340192345309 0.586059033870697 0.0153529345989227 0.00869977474212646
0.145443201725957 0.586059033870697 0.0153529345989227 0.00869977474212646
0.159843540752169 0.967256665229797 0.0511348247528076 0.025360494852066
0.175669658100152 0.967256665229797 0.0511348247528076 0.0318299233913422
0.193062720156276 0.967256665229797 0.0773404538631439 0.0371382236480713
0.212177870198225 1.85931992530823 0.0852023959159851 0.0413810610771179
0.233185612247737 1.9137766957283 0.0852023959159851 0.0544457584619522
0.25627333193868 1.9137766957283 0.102437108755112 0.0547546744346619
0.281646967966354 2.74790793657303 0.137791156768799 0.0810631513595581
0.309532849027073 2.74790793657303 0.147501587867737 0.0831519365310669
0.340179712633237 2.74790793657303 0.182028353214264 0.0831519365310669
0.373860923811385 2.74790793657303 0.199983566999435 0.0998101234436035
0.411253695994416 3.10663169622421 0.234485276043415 0.111196398735046
0.451971945990459 3.10663169622421 0.278991371393204 0.117812156677246
0.496721712052834 3.12219077348709 0.278991371393204 0.147690623998642
0.54590215479858 3.56563341617584 0.324094951152802 0.155984401702881
0.599951955758347 3.56563341617584 0.370657235383987 0.171366274356842
0.659353230344131 3.56563341617584 0.41161785274744 0.197802782058716
0.724635828240139 3.56563341617584 0.414917834103107 0.220416665077209
0.796382059575582 3.56563341617584 0.477429002523422 0.240517914295197
0.875231889036086 3.84656143188477 0.516868859529495 0.274213001132011
0.961888644244345 3.84656143188477 0.616445541381836 0.296577036380768
1.05712528932784 3.84656143188477 0.657194584608078 0.328086793422699
1.16179131963283 3.84656143188477 0.718981564044952 0.368348449468613
1.27682033908432 3.98659324645996 0.783289849758148 0.402705550193787
1.4032383877809 4.04104137420654 0.899890393018723 0.443326950073242
1.54217309410505 4.04104995727539 0.971066206693649 0.489004880189896
1.69486373298454 4.17070913314819 1.08232951164246 0.537524342536926
1.86438038854372 4.17070913314819 1.20971661806107 0.585748612880707
2.0489727885339 4.17070913314819 1.29138442873955 0.653533279895782
2.25184169172242 4.17070913314819 1.45102906227112 0.709694534540176
2.4747966556489 4.17070913314819 1.57947397977114 0.796420574188232
2.7198264022398 4.17070913314819 1.75143644586205 0.869258433580399
2.98911655688376 4.19232761859894 1.96948355436325 0.963577538728714
3.28506914385371 4.19232761859894 2.10161761194468 1.05427974462509
3.61032401197175 4.19232761859894 2.36683028936386 1.15930759906769
3.96778238163021 4.19232761859894 2.56606268882751 1.27001914381981
4.36063272320454 4.19232761859894 2.79517988115549 1.4105458855629
4.79237919768918 4.19232761859894 3.07681253552437 1.5342210829258
5.2668729132423 4.19232761859894 3.49170807749033 1.68662467598915
5.78834627644265 4.19232761859894 3.75336253643036 1.80866727232933
6.36145074466621 4.19232761859894 3.956682741642 1.94534051418304
6.99129831632754 4.19232761859894 4.39004594087601 2.17271658778191
7.68350712907217 4.19232761859894 4.85245400667191 2.34113404154778
8.45199512379247 4.19232761859894 5.22480797767639 2.56359159946442
9.28882760400582 4.19232761859894 5.44834923744202 2.77801609039307
10.2085149119472 4.19232761859894 6.04778015613556 3.01035249233246
11.2192605084528 4.19232761859894 6.54968762397766 3.31440997123718
12.330080079446 4.19232761859894 6.61813712120056 3.58018827438354
13.5508819543863 4.19232761859894 6.64601302146912 3.84764266014099
14.8925554869521 4.19232761859894 6.65761828422546 4.20425868034363
16.3670681863003 4.19232761859894 6.65761828422546 4.450350522995
17.9875724652967 4.19232761859894 6.65761828422546 4.69119358062744
19.7685229578944 4.19232761859894 6.65761828422546 5.20001983642578
21.7258054521118 4.19232761859894 6.65761828422546 5.20001983642578
23.8768785886714 4.19232761859894 6.65761828422546 5.64360308647156
26.2409295892292 4.19232761859894 6.65761828422546 5.93835067749023
28.8390454032626 4.19232761859894 6.65761828422546 6.22867345809937
31.6944008002223 4.19232761859894 6.65761828422546 6.41111898422241
34.8324650846968 4.19232761859894 6.65761828422546 7.09026312828064
38.3163339475004 4.19232761859894 6.65761828422546 8.45596885681152
42.1100361799719 4.19232761859894 6.65761828422546 12.2777504920959
46.2793530693252 4.19232761859894 6.65761828422546 12.5433566570282
50.8614742424258 4.19232761859894 6.65761828422546 13.1648046970367
55.8972714730444 4.19232761859894 6.65761828422546 13.1648046970367
61.4316632514152 4.19232761859894 6.65761828422546 13.1648046970367
67.5140154498445 4.19232761859894 6.65761828422546 17.1762790679932
74.1985816582434 4.19232761859894 6.65761828422546 20.7564475536346
81.5449871173038 4.19232761859894 6.65761828422546 21.5379543304443
89.6187605659235 4.19232761859894 6.65761828422546 25.625342130661
98.4919187468734 4.19232761859894 6.65761828422546 29.0311868190765
108.243608784401 4.19232761859894 7.71495962142944 30.3410837650299
118.960814163673 4.19232761859894 7.71495962142944 30.3410837650299
130.739130609284 4.19232761859894 7.71495962142944 31.9410042762756
143.683618783529 4.19232761859894 7.71495962142944 31.9410042762756
157.909741410383 4.19232761859894 7.71495962142944 31.9410042762756
173.703536936922 4.19232761859894 7.71495962142944 31.9410042762756
190.901933233621 4.19232761859894 7.71495962142944 31.9410042762756
209.803143649102 4.19232761859894 7.71495962142944 31.9410042762756
230.575763898515 4.19232761859894 7.71495962142944 31.9410042762756
253.405082367608 4.19232761859894 7.71495962142944 31.9410042762756
278.494732854913 4.19232761859894 7.71495962142944 31.9410042762756
306.068510952025 4.19232761859894 7.71495962142944 31.9410042762756
336.372370263797 4.19232761859894 7.71495962142944 31.9410042762756
369.676616274388 4.19232761859894 7.71495962142944 31.9410042762756
370.015617281199 4.19232761859894 7.71495962142944 31.9410042762756
