0.0194894644874591 0.586059033870697 0.00858509540557861 0.00256204605102539
0.0195076157341004 0.586059033870697 0.00858509540557861 0.00256204605102539
0.0214706726399789 0.586059033870697 0.00858509540557861 0.00256204605102539
0.0236312725192399 0.586059033870697 0.00858509540557861 0.00256204605102539
0.0260092941773403 0.586059033870697 0.00858509540557861 0.00256204605102539
0.02862661682957 0.586059033870697 0.00858509540557861 0.00256204605102539
0.0315073214028609 0.586059033870697 0.0173649191856384 0.00591987371444702
0.0346779120946542 0.586059033870697 0.0173649191856384 0.00591987371444702
0.0381675602272991 0.586059033870697 0.0173649191856384 0.00591987371444702
0.0420083726415892 0.586059033870697 0.0173649191856384 0.00591987371444702
0.0462787480746938 0.586059033870697 0.0312012732028961 0.0104014873504639
0.0509357916233132 0.586059033870697 0.0312012732028961 0.0104014873504639
0.056061474785492 0.586059033870697 0.0312012732028961 0.0104014873504639
0.0617029568985016 0.586059033870697 0.0312012732028961 0.0104014873504639
0.0679121429571029 0.651752918958664 0.0312012732028961 0.0104014873504639
0.0747461611704054 0.768446087837219 0.0434778481721878 0.0192645192146301
0.0822678885754094 0.967256665229797 0.0434778481721878 0.0219299793243408
0.0905465295431877 1.00701880455017 0.0468767881393433 0.0259606838226318
0.0996582525003081 1.9137766957283 0.063962459564209 0.0390607714653015
0.109686890723714 2.30101633071899 0.0936025977134705 0.0426858365535736
0.120724713656792 2.30101633071899 0.0945940017700195 0.052600085735321
0.132873275843195 2.74790793657303 0.101255089044571 0.0732113122940063
0.146244351289115 2.74790793657303 0.134420156478882 0.0732113122940063
0.160960961850701 2.74790793657303 0.160223349928856 0.0756679773330688
0.177158509108387 2.74790793657303 0.169409275054932 0.0973514318466187
0.194986020142061 2.80583125352859 0.202450394630432 0.100114941596985
0.214807390451206 3.0089550614357 0.219943597912788 0.116998612880707
0.23642351909587 3.39448344707489 0.24126672744751 0.124704122543335
0.260214884898814 3.51117664575577 0.275768175721169 0.14214214682579
0.286400382592417 3.51117664575577 0.285719215869904 0.159220576286316
0.315220934348083 3.7056565284729 0.333551496267319 0.182740554213524
0.346941706403675 3.7056565284729 0.361673459410667 0.198452174663544
0.381854548750803 3.7056565284729 0.414048492908478 0.213299140334129
0.420280680328535 3.70566511154175 0.44703908264637 0.24250054359436
0.462573644428912 3.84656143188477 0.483301893342286 0.267628476023674
0.509122561505755 3.93300080299377 0.546916708350182 0.294609442353249
0.560355709314554 3.93300080299377 0.605586096644402 0.329040817916393
0.616744463322841 4.19232761859894 0.659926846623421 0.36310887336731
0.678807633645181 4.19232761859894 0.73779459297657 0.398000836372375
0.74711623840516 4.19232761859894 0.822526827454567 0.445669025182724
0.822298757442146 4.19232761859894 0.904591962695122 0.488953649997711
0.90504691470005 4.19232761859894 0.991765260696411 0.530262053012848
0.997049767162749 4.19232761859894 1.09776017069817 0.585094183683395
1.0973831681079 4.19232761859894 1.22230452299118 0.646946176886559
1.207813147656 4.19232761859894 1.33283551037312 0.721492417156696
1.32935572737641 4.19232761859894 1.46977835893631 0.788884699344635
1.46312917137724 4.19232761859894 1.62158077955246 0.868607342243195
1.61036427500108 4.19232761859894 1.76934535801411 0.967858657240868
1.77241568887504 4.19232761859894 1.91747283935547 1.04909539222717
1.95077438250316 4.19232761859894 2.1358637213707 1.1515741944313
2.14708136207369 4.19232761859894 2.32898819446564 1.25992828607559
2.36314276869316 4.19232761859894 2.56110221147537 1.39295774698257
2.60094649596008 4.19232761859894 2.75698590278625 1.50122761726379
2.86268047976978 4.19232761859894 3.02482151985168 1.65535539388657
3.15075282862747 4.19232761859894 3.27697455883026 1.80397802591324
3.46781397968047 4.19232761859894 3.52621185779572 1.97525954246521
3.81678108431816 4.19232761859894 3.80249905586243 2.1827198266983
4.2008648477019 4.19232761859894 4.23385286331177 2.3852162361145
4.62790519502682 4.19232761859894 4.50421988964081 2.59672945737839
5.09361260779729 4.19232761859894 4.78445839881897 2.84711754322052
5.6061842896419 4.19232761859894 5.14099979400635 3.07255232334137
6.17033620525356 4.19232761859894 5.49804818630219 3.3491872549057
6.79125888819023 4.19232761859894 6.10136210918427 3.51534402370453
7.47466519687438 4.19232761859894 6.60504364967346 3.79365026950836
8.22684287629239 4.19232761859894 6.62380933761597 4.00119400024414
9.05471240899251 4.19232761859894 6.70795226097107 4.30669069290161
9.96589068764523 4.19232761859894 6.70795226097107 4.66558456420898
10.9687610949915 4.19232761859894 6.70795226097107 4.7278048992157
12.072550635956 4.19232761859894 6.70795226097107 5.08926367759705
13.2874148315868 4.19232761859894 6.70795226097107 5.28782796859741
14.6245311558961 4.19232761859894 6.70795226097107 5.65654563903809
16.0962018752773 4.19232761859894 6.70795226097107 5.82241725921631
17.7159672366814 4.19232761859894 6.70795226097107 6.19727468490601
19.4987300459514 4.19232761859894 6.70795226097107 6.66762208938599
21.4808800919766 4.19232761859894 6.70795226097107 7.07915472984314
23.6425071500281 4.19232761859894 6.70795226097107 7.92314863204956
26.0216593522121 4.19232761859894 6.81637668609619 7.92314863204956
28.6402263154973 4.19232761859894 6.81637668609619 8.63844299316406
31.5223004152183 4.19232761859894 6.81637668609619 9.45306205749512
34.6943984492749 4.19232761859894 6.81637668609619 9.83278512954712
38.1857056084627 4.19232761859894 6.81637668609619 11.6086769104004
42.0283439976073 4.19232761859894 6.81637668609619 12.5613522529602
46.2576681780564 4.19232761859894 6.81637668609619 13.1385903358459
50.9125904506965 4.19232761859894 6.81637668609619 13.4025678634644
56.0359388722924 4.19232761859894 6.81637668609619 13.7551345825195
61.674851299112 4.19232761859894 6.96647834777832 15.4344483613968
67.8812090832727 4.19232761859894 6.96647834777832 16.8152891397476
74.7121144120754 4.19232761859894 6.96647834777832 20.5045852661133
82.2304156821292 4.19232761859894 6.96647834777832 22.9304552078247
90.5052857420251 4.19232761859894 6.96647834777832 23.606951713562
99.7056313992196 4.19232761859894 7.66069293022156 25.3112020492554
109.739037374665 4.19232761859894 7.66069293022156 25.3112020492554
120.782107840023 4.19232761859894 7.66069293022156 25.3112020492554
132.936445619368 4.19232761859894 7.81079459190369 25.3112020492554
146.313877857786 4.19232761859894 7.81079459190369 25.3112020492554
161.037484897703 4.19232761859894 7.81079459190369 35.07301902771
177.242732691319 4.19232761859894 7.81079459190369 35.07301902771
195.078719168039 4.19232761859894 7.95337986946106 47.8983488082886
214.709546024206 4.19232761859894 8.10348153114319 47.8983488082886
214.909512828253 4.19232761859894 8.10348153114319 47.8983488082886
