0.0387145280838013 0.586059033870697 0.00692474842071533 0.00530743598937988
0.0387500300966981 0.586059033870697 0.00692474842071533 0.00530743598937988
0.0425866726076336 0.586059033870697 0.00692474842071533 0.00530743598937988
0.0468031812946723 0.586059033870697 0.00692474842071533 0.00530743598937988
0.0514371667278207 0.586059033870697 0.00692474842071533 0.00530743598937988
0.0565299633015929 0.586059033870697 0.00692474842071533 0.00530743598937988
0.0621269979310704 0.586059033870697 0.00692474842071533 0.00530743598937988
0.068278195252578 0.586059033870697 0.00692474842071533 0.00530743598937988
0.0750384229432996 0.586059033870697 0.0153872966766357 0.00530743598937988
0.0824679811320132 0.586059033870697 0.0153872966766357 0.00530743598937988
0.0907162527069789 0.586059033870697 0.0153872966766357 0.00530743598937988
0.0996980736423392 0.586059033870697 0.0153872966766357 0.00530743598937988
0.109569185139287 0.586059033870697 0.0153872966766357 0.00530743598937988
0.120417635902936 0.586059033870697 0.0153872966766357 0.00530743598937988
0.132340192345309 0.586059033870697 0.0153872966766357 0.00530743598937988
0.145443201725957 0.586059033870697 0.0153872966766357 0.00530743598937988
0.159843540752169 0.967256665229797 0.0461680889129639 0.0317409038543701
0.175669658100152 0.967256665229797 0.0482197701931 0.0367180109024048
0.193062720156276 0.967256665229797 0.0787060707807541 0.0478599071502686
0.212177870198225 1.85931992530823 0.08596271276474 0.0495599508285522
0.233185612247737 1.9137766957283 0.08596271276474 0.0600433647632599
0.25627333193868 1.9137766957283 0.090636819601059 0.0683256685733795
0.281646967966354 2.74790793657303 0.138645514845848 0.0734341740608215
0.309532849027073 2.74790793657303 0.149265170097351 0.0804345011711121
0.340179712633237 2.74790793657303 0.172738313674927 0.0865371227264404
0.373860923811385 2.74790793657303 0.201755613088608 0.0952204465866089
0.411253695994416 3.10663169622421 0.237737350165844 0.111970126628876
0.451971945990459 3.10663169622421 0.282666951417923 0.116844534873962
0.496721712052834 3.12219077348709 0.282666951417923 0.140445917844772
0.54590215479858 3.56563341617584 0.327410489320755 0.156919598579407
0.599951955758347 3.56563341617584 0.368166357278824 0.165480315685272
0.659353230344131 3.56563341617584 0.417275208979845 0.184245765209198
0.724635828240139 3.56563341617584 0.417275208979845 0.202748954296112
0.796382059575582 3.56563341617584 0.483912140130997 0.227069854736328
0.875231889036086 3.84656143188477 0.50691619515419 0.247593060135841
0.961888644244345 3.84656143188477 0.613684803247452 0.281264930963516
1.05712528932784 3.84656143188477 0.63715361058712 0.307845026254654
1.16179131963283 3.84656143188477 0.728683829307556 0.343050599098206
1.27682033908432 3.98659324645996 0.785539925098419 0.374872922897339
1.4032383877809 4.04104137420654 0.901796489953995 0.417224943637848
1.54217309410505 4.04104995727539 0.97617045044899 0.451128244400024
1.69486373298454 4.17070913314819 1.09629213809967 0.493265196681023
1.86438038854372 4.17070913314819 1.21530330181122 0.539172053337097
2.0489727885339 4.17070913314819 1.28641244769096 0.600140601396561
2.25184169172242 4.17070913314819 1.41839855909348 0.672552496194839
2.4747966556489 4.17070913314819 1.59262801706791 0.719577044248581
2.7198264022398 4.17070913314819 1.74818684533238 0.800537765026093
2.98911655688376 4.19232761859894 1.96648348867893 0.867000222206116
3.28506914385371 4.19232761859894 2.11306300014257 0.957909405231476
3.61032401197175 4.19232761859894 2.38892245292664 1.07461369037628
3.96778238163021 4.19232761859894 2.56125938892365 1.15850698947906
4.36063272320454 4.19232761859894 2.82510669901967 1.27513682842255
4.79237919768918 4.19232761859894 3.09292379021645 1.38894987106323
5.2668729132423 4.19232761859894 3.52999695017934 1.55398309230804
5.78834627644265 4.19232761859894 3.74429380893707 1.69084310531616
6.36145074466621 4.19232761859894 3.99253156781197 1.84854158759117
6.99129831632754 4.19232761859894 4.40486432611942 2.01983588933945
7.68350712907217 4.19232761859894 4.85746628046036 2.23737841844559
8.45199512379247 4.19232761859894 5.22172474861145 2.47356241941452
9.28882760400582 4.19232761859894 5.42143821716309 2.66125252842903
10.2085149119472 4.19232761859894 5.95746541023254 2.96740424633026
11.2192605084528 4.19232761859894 6.41276693344116 3.25455194711685
12.330080079446 4.19232761859894 6.50146961212158 3.51969182491302
13.5508819543863 4.19232761859894 6.53361511230469 3.94727617502213
14.8925554869521 4.19232761859894 6.55568361282349 4.21960496902466
16.3670681863003 4.19232761859894 6.55568361282349 4.46767282485962
17.9875724652967 4.19232761859894 6.56248044967651 4.85133123397827
19.7685229578944 4.19232761859894 6.56248044967651 5.42980766296387
21.7258054521118 4.19232761859894 6.56248044967651 6.20779919624329
23.8768785886714 4.19232761859894 6.56248044967651 6.73228800296783
26.2409295892292 4.19232761859894 6.56248044967651 7.68255558609962
28.8390454032626 4.19232761859894 6.56248044967651 8.17406404018402
31.6944008002223 4.19232761859894 6.56248044967651 9.14192888140678
34.8324650846968 4.19232761859894 6.56248044967651 9.90747308731079
38.3163339475004 4.19232761859894 6.56248044967651 10.4834609031677
42.1100361799719 4.19232761859894 6.56248044967651 10.8908815383911
46.2793530693252 4.19232761859894 6.56248044967651 10.8908815383911
50.8614742424258 4.19232761859894 6.56248044967651 10.8908815383911
55.8972714730444 4.19232761859894 6.56248044967651 11.542816400528
61.4316632514152 4.19232761859894 6.56248044967651 11.542816400528
67.5140154498445 4.19232761859894 6.56248044967651 11.542816400528
74.1985816582434 4.19232761859894 6.56248044967651 11.542816400528
81.5449871173038 4.19232761859894 6.56248044967651 12.9084184765816
89.6187605659235 4.19232761859894 6.56248044967651 15.0515837669373
98.4919187468734 4.19232761859894 6.56248044967651 15.9460687637329
108.243608784401 4.19232761859894 7.60130500793457 17.4664130210876
118.960814163673 4.19232761859894 7.60130500793457 18.3718206882477
130.739130609284 4.19232761859894 7.60130500793457 18.3718206882477
143.683618783529 4.19232761859894 7.60130500793457 18.3718206882477
157.909741410383 4.19232761859894 7.60130500793457 18.3718206882477
173.703536936922 4.19232761859894 7.60130500793457 18.3718206882477
190.901933233621 4.19232761859894 7.60130500793457 18.3718206882477
209.803143649102 4.19232761859894 7.60130500793457 19.4756996631622
230.575763898515 4.19232761859894 7.60130500793457 19.4756996631622
253.405082367608 4.19232761859894 7.60130500793457 19.4756996631622
278.494732854913 4.19232761859894 7.60130500793457 19.4756996631622
306.068510952025 4.19232761859894 7.60130500793457 19.4756996631622
336.372370263797 4.19232761859894 7.60130500793457 19.4756996631622
369.676616274388 4.19232761859894 7.60130500793457 19.4756996631622
370.015617281199 4.19232761859894 7.60130500793457 19.4756996631622
