0.0387145280838013 0.586059033870697 0.00902688503265381 0.00165069103240967
0.0387500300966981 0.586059033870697 0.00902688503265381 0.00165069103240967
0.0425866726076336 0.586059033870697 0.00902688503265381 0.00165069103240967
0.0468031812946723 0.586059033870697 0.00902688503265381 0.00165069103240967
0.0514371667278207 0.586059033870697 0.00902688503265381 0.00165069103240967
0.0565299633015929 0.586059033870697 0.00902688503265381 0.00165069103240967
0.0621269979310704 0.586059033870697 0.00902688503265381 0.00165069103240967
0.068278195252578 0.586059033870697 0.00902688503265381 0.00165069103240967
0.0750384229432996 0.586059033870697 0.0179229974746704 0.00461548566818237
0.0824679811320132 0.586059033870697 0.0179229974746704 0.00461548566818237
0.0907162527069789 0.586059033870697 0.0179229974746704 0.00461548566818237
0.0996980736423392 0.586059033870697 0.0179229974746704 0.00461548566818237
0.109569185139287 0.586059033870697 0.0179229974746704 0.00461548566818237
0.120417635902936 0.586059033870697 0.0179229974746704 0.00461548566818237
0.132340192345309 0.586059033870697 0.0179229974746704 0.00461548566818237
0.145443201725957 0.586059033870697 0.0179229974746704 0.00461548566818237
0.159843540752169 0.967256665229797 0.0415628552436829 0.0317940711975098
0.175669658100152 0.967256665229797 0.0529475808143616 0.0345298647880554
0.193062720156276 0.967256665229797 0.0858319997787476 0.0395725816488266
0.212177870198225 1.85931992530823 0.0887112319469452 0.046592503786087
0.233185612247737 1.9137766957283 0.0887112319469452 0.055613785982132
0.25627333193868 1.9137766957283 0.102811098098755 0.0598951876163483
0.281646967966354 2.74790793657303 0.146714389324188 0.0799948573112488
0.309532849027073 2.74790793657303 0.159407734870911 0.0911974757909775
0.340179712633237 2.74790793657303 0.178900003433228 0.0954823195934296
0.373860923811385 2.74790793657303 0.20981153845787 0.106605842709541
0.411253695994416 3.10663169622421 0.254693150520325 0.109561532735825
0.451971945990459 3.10663169622421 0.299954980611801 0.130020648241043
0.496721712052834 3.12219077348709 0.299954980611801 0.142525792121887
0.54590215479858 3.56563341617584 0.345506727695465 0.156388133764267
0.599951955758347 3.56563341617584 0.383828431367874 0.169624149799347
0.659353230344131 3.56563341617584 0.438610047101974 0.195232748985291
0.724635828240139 3.56563341617584 0.443807423114777 0.210328847169876
0.796382059575582 3.56563341617584 0.513326168060303 0.225618749856949
0.875231889036086 3.84656143188477 0.543060392141342 0.259954899549484
0.961888644244345 3.84656143188477 0.64023157954216 0.277889370918274
1.05712528932784 3.84656143188477 0.666542530059814 0.305811166763306
1.16179131963283 3.84656143188477 0.767572849988937 0.353878617286682
1.27682033908432 3.98659324645996 0.820344239473343 0.366991579532623
1.4032383877809 4.04104137420654 0.944174200296402 0.40200936794281
1.54217309410505 4.04104995727539 1.02104231715202 0.445738434791565
1.69486373298454 4.17070913314819 1.15216910839081 0.486618742346764
1.86438038854372 4.17070913314819 1.27129685878754 0.534191995859146
2.0489727885339 4.17070913314819 1.35533928871155 0.583255529403687
2.25184169172242 4.17070913314819 1.49688926339149 0.652948558330536
2.4747966556489 4.17070913314819 1.67825256288052 0.70667564868927
2.7198264022398 4.17070913314819 1.83688822388649 0.773288011550903
2.98911655688376 4.19232761859894 2.07382133603096 0.856465458869934
3.28506914385371 4.19232761859894 2.20656403899193 0.925214052200317
3.61032401197175 4.19232761859894 2.50185292959213 1.00788882374763
3.96778238163021 4.19232761859894 2.6767480969429 1.12196320295334
4.36063272320454 4.19232761859894 2.97918626666069 1.21826910972595
4.79237919768918 4.19232761859894 3.25443416833878 1.34651339054108
5.2668729132423 4.19232761859894 3.71489831805229 1.43434998393059
5.78834627644265 4.19232761859894 3.89264810085297 1.64017257094383
6.36145074466621 4.19232761859894 4.169612377882 1.8448668718338
6.99129831632754 4.19232761859894 4.59994378685951 1.92028686404228
7.68350712907217 4.19232761859894 5.03458857536316 2.12616163492203
8.45199512379247 4.19232761859894 5.40407180786133 2.3423028588295
9.28882760400582 4.19232761859894 5.61750602722168 2.62886065244675
10.2085149119472 4.19232761859894 6.08251655101776 2.86410290002823
11.2192605084528 4.19232761859894 6.50921750068665 3.03668117523193
12.330080079446 4.19232761859894 6.59833741188049 3.58130663633347
13.5508819543863 4.19232761859894 6.62041783332825 4.00548911094666
14.8925554869521 4.19232761859894 6.62041783332825 4.43261313438416
16.3670681863003 4.19232761859894 6.73576664924622 4.65717196464539
17.9875724652967 4.19232761859894 6.73679041862488 5.01442193984985
19.7685229578944 4.19232761859894 6.73679041862488 5.50137209892273
21.7258054521118 4.19232761859894 6.73679041862488 5.98768973350525
23.8768785886714 4.19232761859894 6.73679041862488 6.65357303619385
26.2409295892292 4.19232761859894 6.73679041862488 7.12349632382393
28.8390454032626 4.19232761859894 6.73679041862488 7.98155027627945
31.6944008002223 4.19232761859894 6.73679041862488 8.66528636217117
34.8324650846968 4.19232761859894 6.73679041862488 9.3318030834198
38.3163339475004 4.19232761859894 6.73679041862488 10.273389339447
42.1100361799719 4.19232761859894 6.73679041862488 11.3094082474709
46.2793530693252 4.19232761859894 6.73679041862488 12.4686622619629
50.8614742424258 4.19232761859894 6.73679041862488 13.9832668304443
55.8972714730444 4.19232761859894 6.73679041862488 15.0568596124649
61.4316632514152 4.19232761859894 6.73679041862488 16.4522686004639
67.5140154498445 4.19232761859894 6.73679041862488 18.8358135223389
74.1985816582434 4.19232761859894 6.73679041862488 20.6347229480743
81.5449871173038 4.19232761859894 6.73679041862488 22.3545932769775
89.6187605659235 4.19232761859894 6.73679041862488 25.6125500202179
98.4919187468734 4.19232761859894 6.73679041862488 29.7630987167358
108.243608784401 4.19232761859894 7.60502886772156 30.9917576313019
118.960814163673 4.19232761859894 7.60502886772156 33.8853635787964
130.739130609284 4.19232761859894 7.60502886772156 36.3431558609009
143.683618783529 4.19232761859894 7.60502886772156 39.8863315582275
157.909741410383 4.19232761859894 7.60502886772156 42.474663734436
173.703536936922 4.19232761859894 7.60502886772156 42.5317420959473
190.901933233621 4.19232761859894 7.60502886772156 51.061580657959
209.803143649102 4.19232761859894 7.60502886772156 56.5150089263916
230.575763898515 4.19232761859894 8.04879689216614 61.3675556182861
253.405082367608 4.19232761859894 8.04879689216614 61.3675556182861
278.494732854913 4.19232761859894 8.04879689216614 61.3675556182861
306.068510952025 4.19232761859894 8.04879689216614 61.3675556182861
336.372370263797 4.19232761859894 8.04879689216614 61.3675556182861
369.676616274388 4.19232761859894 8.04879689216614 61.3675556182861
370.015617281199 4.19232761859894 8.04879689216614 61.3675556182861
