0.0194894644874591 0.586059033870697 0.00723260641098022 0.000963807106018066
0.0195076157341004 0.586059033870697 0.00723260641098022 0.000963807106018066
0.0214706726399789 0.586059033870697 0.00723260641098022 0.000963807106018066
0.0236312725192399 0.586059033870697 0.00723260641098022 0.000963807106018066
0.0260092941773403 0.586059033870697 0.00723260641098022 0.000963807106018066
0.02862661682957 0.586059033870697 0.00723260641098022 0.000963807106018066
0.0315073214028609 0.586059033870697 0.0155952572822571 0.00460684299468994
0.0346779120946542 0.586059033870697 0.0155952572822571 0.00460684299468994
0.0381675602272991 0.586059033870697 0.0155952572822571 0.00460684299468994
0.0420083726415892 0.586059033870697 0.0155952572822571 0.00460684299468994
0.0462787480746938 0.586059033870697 0.0155952572822571 0.00460684299468994
0.0509357916233132 0.586059033870697 0.0155952572822571 0.00460684299468994
0.056061474785492 0.586059033870697 0.0155952572822571 0.00460684299468994
0.0617029568985016 0.586059033870697 0.0155952572822571 0.00460684299468994
0.0679121429571029 0.586059033870697 0.0254445672035217 0.00460684299468994
0.0747461611704054 0.768446087837219 0.0560856908559799 0.0299612879753113
0.0822678885754094 0.967256665229797 0.0560856908559799 0.0299612879753113
0.0905465295431877 1.00701880455017 0.0560856908559799 0.0299612879753113
0.0996582525003081 1.9137766957283 0.0560856908559799 0.0299612879753113
0.109686890723714 1.9137766957283 0.10349714756012 0.0495471358299255
0.120724713656792 1.9137766957283 0.103556156158447 0.0570478141307831
0.132873275843195 2.74790793657303 0.103556156158447 0.0605936050415039
0.146244351289115 2.74790793657303 0.140147089958191 0.0735796093940735
0.160960961850701 2.74790793657303 0.141613140702248 0.0889428853988647
0.177158509108387 2.74790793657303 0.178239045664668 0.0908023118972778
0.194986020142061 2.80583125352859 0.22847580909729 0.104877859354019
0.214807390451206 2.80583125352859 0.22847580909729 0.122022539377213
0.23642351909587 3.39448344707489 0.247026771306992 0.144585937261581
0.260214884898814 3.51117664575577 0.297417178750038 0.160259410738945
0.286400382592417 3.51117664575577 0.303578300401568 0.168234467506409
0.315220934348083 3.56563341617584 0.356766417622566 0.185023039579391
0.346941706403675 3.56563341617584 0.387111112475395 0.19967994093895
0.381854548750803 3.56563341617584 0.437676027417183 0.220301866531372
0.420280680328535 3.62527656555176 0.466308608651161 0.244209140539169
0.462573644428912 3.84656143188477 0.532407864928246 0.272263169288635
0.509122561505755 3.84656143188477 0.579098895192146 0.312525868415833
0.560355709314554 3.93300080299377 0.66280260682106 0.344384074211121
0.616744463322841 3.98659324645996 0.736557140946388 0.375444576144218
0.678807633645181 3.98659324645996 0.809176668524742 0.409016191959381
0.74711623840516 4.04104995727539 0.890801191329956 0.459649741649628
0.822298757442146 4.06265139579773 0.987150877714157 0.502946257591248
0.90504691470005 4.17070913314819 1.08002661168575 0.555910438299179
0.997049767162749 4.17070913314819 1.1930466145277 0.616180032491684
1.0973831681079 4.17070913314819 1.30963635444641 0.673917979001999
1.207813147656 4.17070913314819 1.43887203931808 0.763051897287369
1.32935572737641 4.17070913314819 1.60663253068924 0.833658933639526
1.46312917137724 4.17070913314819 1.73807686567307 0.901029914617538
1.61036427500108 4.19232761859894 1.90236972272396 0.981904625892639
1.77241568887504 4.19232761859894 2.1026239991188 1.06631541252136
1.95077438250316 4.19232761859894 2.3174295425415 1.16278856992722
2.14708136207369 4.19232761859894 2.53262764215469 1.2697269320488
2.36314276869316 4.19232761859894 2.80317538976669 1.3665617108345
2.60094649596008 4.19232761859894 2.94101744890213 1.43050944805145
2.86268047976978 4.19232761859894 3.24567496776581 1.60176199674606
3.15075282862747 4.19232761859894 3.53465843200684 1.69451248645782
3.46781397968047 4.19232761859894 3.77954912185669 1.76336824893951
3.81678108431816 4.19232761859894 4.06824719905853 1.94269967079163
4.2008648477019 4.19232761859894 4.53481197357178 2.03267902135849
4.62790519502682 4.19232761859894 4.63721323013306 2.1232425570488
5.09361260779729 4.19232761859894 5.00262761116028 2.18178105354309
5.6061842896419 4.19232761859894 5.40312552452087 2.44696545600891
6.17033620525356 4.19232761859894 5.75913333892822 2.7513165473938
6.79125888819023 4.19232761859894 6.18038153648376 2.83896040916443
7.47466519687438 4.19232761859894 6.78975105285645 2.93420481681824
8.22684287629239 4.19232761859894 6.78975105285645 3.22575145959854
9.05471240899251 4.19232761859894 6.78975105285645 3.39065200090408
9.96589068764523 4.19232761859894 6.78975105285645 3.6718555688858
10.9687610949915 4.19232761859894 6.78975105285645 4.05990141630173
12.072550635956 4.19232761859894 6.78975105285645 4.57326316833496
13.2874148315868 4.19232761859894 6.78975105285645 4.89933037757874
14.6245311558961 4.19232761859894 6.78975105285645 5.06423091888428
16.0962018752773 4.19232761859894 6.78975105285645 5.49900123476982
17.7159672366814 4.19232761859894 6.78975105285645 5.98693436384201
19.4987300459514 4.19232761859894 6.78975105285645 6.85050654411316
21.4808800919766 4.19232761859894 6.78975105285645 7.25258708000183
23.6425071500281 4.19232761859894 6.78975105285645 7.68379688262939
26.0216593522121 4.19232761859894 6.78975105285645 8.23169827461243
28.6402263154973 4.19232761859894 6.78975105285645 8.9772002696991
31.5223004152183 4.19232761859894 6.78975105285645 10.3389005661011
34.6943984492749 4.19232761859894 6.78975105285645 10.8139241933823
38.1857056084627 4.19232761859894 6.78975105285645 11.9125144481659
42.0283439976073 4.19232761859894 6.78975105285645 11.9125144481659
46.2576681780564 4.19232761859894 6.78975105285645 13.0736064910889
50.9125904506965 4.19232761859894 6.78975105285645 15.178071975708
56.0359388722924 4.19232761859894 6.78975105285645 17.0612678527832
61.674851299112 4.19232761859894 6.78975105285645 17.9397835731506
67.8812090832727 4.19232761859894 6.78975105285645 20.7574033737183
74.7121144120754 4.19232761859894 6.78975105285645 23.1099288463593
82.2304156821292 4.19232761859894 6.78975105285645 25.1673223078251
90.5052857420251 4.19232761859894 6.98363065719604 26.4398543834686
99.7056313992196 4.19232761859894 7.55512952804565 26.4398543834686
109.739037374665 4.19232761859894 7.55512952804565 26.4398543834686
120.782107840023 4.19232761859894 7.55512952804565 27.2266321182251
132.936445619368 4.19232761859894 7.74900913238525 29.8373136520386
146.313877857786 4.19232761859894 7.74900913238525 29.8373136520386
161.037484897703 4.19232761859894 7.74900913238525 29.8373136520386
177.242732691319 4.19232761859894 7.74900913238525 29.8373136520386
195.078719168039 4.19232761859894 7.74900913238525 29.8373136520386
214.709546024206 4.19232761859894 7.74900913238525 29.8373136520386
214.909512828253 4.19232761859894 7.74900913238525 29.8373136520386
