0.0387145280838013 0.586059033870697 0.00867241621017456 0.00178372859954834
0.0387500300966981 0.586059033870697 0.00867241621017456 0.00178372859954834
0.0425866726076336 0.586059033870697 0.00867241621017456 0.00178372859954834
0.0468031812946723 0.586059033870697 0.00867241621017456 0.00178372859954834
0.0514371667278207 0.586059033870697 0.00867241621017456 0.00178372859954834
0.0565299633015929 0.586059033870697 0.00867241621017456 0.00178372859954834
0.0621269979310704 0.586059033870697 0.00867241621017456 0.00178372859954834
0.068278195252578 0.586059033870697 0.00867241621017456 0.00178372859954834
0.0750384229432996 0.586059033870697 0.0174504518508911 0.0127222537994385
0.0824679811320132 0.586059033870697 0.0174504518508911 0.0127222537994385
0.0907162527069789 0.586059033870697 0.0174504518508911 0.0127222537994385
0.0996980736423392 0.586059033870697 0.0174504518508911 0.0127222537994385
0.109569185139287 0.586059033870697 0.0174504518508911 0.0127222537994385
0.120417635902936 0.586059033870697 0.0174504518508911 0.0127222537994385
0.132340192345309 0.586059033870697 0.0174504518508911 0.0127222537994385
0.145443201725957 0.586059033870697 0.0174504518508911 0.0127222537994385
0.159843540752169 0.967256665229797 0.0448835641145706 0.0321743488311768
0.175669658100152 0.967256665229797 0.0513570308685303 0.0342536568641663
0.193062720156276 0.967256665229797 0.0841915458440781 0.0492149144411087
0.212177870198225 1.85931992530823 0.0879961848258972 0.0514579117298126
0.233185612247737 1.9137766957283 0.0879961848258972 0.0514579117298126
0.25627333193868 1.9137766957283 0.100000560283661 0.0587307214736938
0.281646967966354 2.74790793657303 0.145262584090233 0.065942794084549
0.309532849027073 2.74790793657303 0.157068610191345 0.0812915563583374
0.340179712633237 2.74790793657303 0.177127480506897 0.0969091057777405
0.373860923811385 2.74790793657303 0.207938373088837 0.109184265136719
0.411253695994416 3.10663169622421 0.250741112977266 0.125799894332886
0.451971945990459 3.10663169622421 0.295898616313934 0.125799894332886
0.496721712052834 3.12219077348709 0.295898616313934 0.136643633246422
0.54590215479858 3.56563341617584 0.341503173112869 0.158304005861282
0.599951955758347 3.56563341617584 0.383052706718445 0.171686708927155
0.659353230344131 3.56563341617584 0.433179281651974 0.190250009298325
0.724635828240139 3.56563341617584 0.43680714443326 0.218439325690269
0.796382059575582 3.56563341617584 0.506266474723816 0.240355312824249
0.875231889036086 3.84656143188477 0.535033583641052 0.269960880279541
0.961888644244345 3.84656143188477 0.638106971979141 0.289420187473297
1.05712528932784 3.84656143188477 0.661664590239525 0.324959695339203
1.16179131963283 3.84656143188477 0.757259011268616 0.365064844489098
1.27682033908432 3.98659324645996 0.8139888048172 0.388170138001442
1.4032383877809 4.04104137420654 0.937872529029846 0.446379423141479
1.54217309410505 4.04104995727539 1.01304680109024 0.489548325538635
1.69486373298454 4.17070913314819 1.13858675956726 0.528285324573517
1.86438038854372 4.17070913314819 1.2616463303566 0.594407290220261
2.0489727885339 4.17070913314819 1.34056329727173 0.645636379718781
2.25184169172242 4.17070913314819 1.47943544387817 0.742794141173363
2.4747966556489 4.17070913314819 1.65860869735479 0.786863252520561
2.7198264022398 4.17070913314819 1.81554354727268 0.857426896691322
2.98911655688376 4.19232761859894 2.04724429547787 0.968859374523163
3.28506914385371 4.19232761859894 2.18963342159986 1.0674052387476
3.61032401197175 4.19232761859894 2.47727054357529 1.15511214733124
3.96778238163021 4.19232761859894 2.66232788562775 1.27745884656906
4.36063272320454 4.19232761859894 2.94479732587934 1.41855096817017
4.79237919768918 4.19232761859894 3.226054251194 1.54220199584961
5.2668729132423 4.19232761859894 3.67299752309918 1.71098881959915
5.78834627644265 4.19232761859894 3.87905019521713 1.87232935428619
6.36145074466621 4.19232761859894 4.13122183084488 2.05439096689224
6.99129831632754 4.19232761859894 4.56887254118919 2.25012624263763
7.68350712907217 4.19232761859894 5.0132954120636 2.47573459148407
8.45199512379247 4.19232761859894 5.38576543331146 2.69571900367737
9.28882760400582 4.19232761859894 5.59146618843079 2.93202269077301
10.2085149119472 4.19232761859894 6.11625015735626 3.16924679279327
11.2192605084528 4.19232761859894 6.57218098640442 3.51372516155243
12.330080079446 4.19232761859894 6.64676785469055 3.74159944057465
13.5508819543863 4.19232761859894 6.65533757209778 4.08287477493286
14.8925554869521 4.19232761859894 6.66366124153137 4.40960872173309
16.3670681863003 4.19232761859894 6.72623610496521 4.68995523452759
17.9875724652967 4.19232761859894 6.73480582237244 5.04711604118347
19.7685229578944 4.19232761859894 6.73480582237244 5.42967653274536
21.7258054521118 4.19232761859894 6.73480582237244 5.68125700950623
23.8768785886714 4.19232761859894 6.73480582237244 6.02404880523682
26.2409295892292 4.19232761859894 6.73480582237244 6.61390018463135
28.8390454032626 4.19232761859894 6.73480582237244 7.34041094779968
31.6944008002223 4.19232761859894 6.73480582237244 7.67102670669556
34.8324650846968 4.19232761859894 6.73480582237244 7.67102670669556
38.3163339475004 4.19232761859894 6.73480582237244 8.23702168464661
42.1100361799719 4.19232761859894 6.73480582237244 10.9737008213997
46.2793530693252 4.19232761859894 6.73480582237244 12.6058427095413
50.8614742424258 4.19232761859894 6.73480582237244 13.7505745887756
55.8972714730444 4.19232761859894 6.73480582237244 13.7505745887756
61.4316632514152 4.19232761859894 6.73480582237244 13.7505745887756
67.5140154498445 4.19232761859894 6.73480582237244 17.1208820343018
74.1985816582434 4.19232761859894 6.73480582237244 18.3521938323975
81.5449871173038 4.19232761859894 6.73480582237244 22.2941417098045
89.6187605659235 4.19232761859894 6.73480582237244 25.4541020393372
98.4919187468734 4.19232761859894 6.73480582237244 28.5679588913918
108.243608784401 4.19232761859894 7.55276989936829 30.8714566230774
118.960814163673 4.19232761859894 7.55276989936829 30.8714566230774
130.739130609284 4.19232761859894 7.55276989936829 31.6375617980957
143.683618783529 4.19232761859894 7.55276989936829 32.0355763435364
157.909741410383 4.19232761859894 7.55276989936829 34.2738695144653
173.703536936922 4.19232761859894 7.55276989936829 34.2738695144653
190.901933233621 4.19232761859894 7.55276989936829 34.2738695144653
209.803143649102 4.19232761859894 7.55276989936829 38.2390785217285
230.575763898515 4.19232761859894 7.86757779121399 41.4157419204712
253.405082367608 4.19232761859894 7.86757779121399 41.4157419204712
278.494732854913 4.19232761859894 7.86757779121399 41.4157419204712
306.068510952025 4.19232761859894 7.86757779121399 41.4157419204712
336.372370263797 4.19232761859894 7.86757779121399 41.4157419204712
369.676616274388 4.19232761859894 7.86757779121399 41.4157419204712
370.015617281199 4.19232761859894 7.86757779121399 41.4157419204712
