0.0387145280838013 0.586059033870697 0.00733119249343872 0.00333526730537415
0.0387500300966981 0.586059033870697 0.00733119249343872 0.00333526730537415
0.0425866726076336 0.586059033870697 0.00733119249343872 0.00333526730537415
0.0468031812946723 0.586059033870697 0.00733119249343872 0.00333526730537415
0.0514371667278207 0.586059033870697 0.00733119249343872 0.00333526730537415
0.0565299633015929 0.586059033870697 0.00733119249343872 0.00333526730537415
0.0621269979310704 0.586059033870697 0.00733119249343872 0.00333526730537415
0.068278195252578 0.586059033870697 0.00733119249343872 0.00333526730537415
0.0750384229432996 0.586059033870697 0.0158281922340393 0.00333526730537415
0.0824679811320132 0.586059033870697 0.0158281922340393 0.00333526730537415
0.0907162527069789 0.586059033870697 0.0298672914505005 0.00333526730537415
0.0996980736423392 0.586059033870697 0.0298672914505005 0.00333526730537415
0.109569185139287 0.586059033870697 0.0298672914505005 0.00333526730537415
0.120417635902936 0.586059033870697 0.0298672914505005 0.00333526730537415
0.132340192345309 0.586059033870697 0.0298672914505005 0.00333526730537415
0.145443201725957 0.99837489426136 0.0681614875793457 0.0107896327972412
0.159843540752169 0.99837489426136 0.0681614875793457 0.0161047279834747
0.175669658100152 0.99837489426136 0.0681614875793457 0.0161047279834747
0.193062720156276 0.99837489426136 0.0789821147918701 0.0236747264862061
0.212177870198225 2.30101633071899 0.102862536907196 0.0251238346099854
0.233185612247737 2.30101633071899 0.102862536907196 0.0398551225662231
0.25627333193868 2.30101633071899 0.119204729795456 0.0398551225662231
0.281646967966354 2.74790793657303 0.139533579349518 0.0398799777030945
0.309532849027073 2.74790793657303 0.149693250656128 0.053572952747345
0.340179712633237 2.74790793657303 0.180264949798584 0.058562844991684
0.373860923811385 2.74790793657303 0.201839476823807 0.0687155425548553
0.411253695994416 3.10663169622421 0.238309733569622 0.0702367126941681
0.451971945990459 3.13343650102615 0.282983630895615 0.0853780210018158
0.496721712052834 3.13343650102615 0.308640666306019 0.0957956314086914
0.54590215479858 3.56563341617584 0.328199177980423 0.101098239421844
0.599951955758347 3.7056565284729 0.373139053583145 0.108076602220535
0.659353230344131 3.7056565284729 0.41680359095335 0.124828189611435
0.724635828240139 3.7056565284729 0.451983816921711 0.142388164997101
0.796382059575582 3.7056565284729 0.484239429235458 0.150776199996471
0.875231889036086 3.84656143188477 0.570829927921295 0.170383006334305
0.961888644244345 3.84656143188477 0.620837897062302 0.191220313310623
1.05712528932784 3.93300080299377 0.676344521343708 0.212059766054153
1.16179131963283 3.93300080299377 0.733387738466263 0.223420828580856
1.27682033908432 4.04104995727539 0.79596009105444 0.255698844790459
1.4032383877809 4.04104995727539 0.908301323652267 0.279059648513794
1.54217309410505 4.19232761859894 0.980546087026596 0.314438194036484
1.69486373298454 4.19232761859894 1.09573304653168 0.339961886405945
1.86438038854372 4.19232761859894 1.22148782014847 0.375916510820389
2.0489727885339 4.19232761859894 1.31653872132301 0.408224821090698
2.25184169172242 4.19232761859894 1.47671124339104 0.455666549503803
2.4747966556489 4.19232761859894 1.59447191655636 0.502864122390747
2.7198264022398 4.19232761859894 1.78190135955811 0.559561401605606
2.98911655688376 4.19232761859894 1.97591543197632 0.620278477668762
3.28506914385371 4.19232761859894 2.12161173671484 0.677934795618057
3.61032401197175 4.19232761859894 2.39269626140594 0.764540076255798
3.96778238163021 4.19232761859894 2.58684396743774 0.814938127994537
4.36063272320454 4.19232761859894 2.83029367774725 0.894129663705826
4.79237919768918 4.19232761859894 3.17088901996613 0.992986261844635
5.2668729132423 4.19232761859894 3.53465487807989 1.10484483838081
5.78834627644265 4.19232761859894 3.77965945005417 1.20345044136047
6.36145074466621 4.19232761859894 3.99750736355782 1.31713569164276
6.99129831632754 4.19232761859894 4.42963284254074 1.44340884685516
7.68350712907217 4.19232761859894 4.88828843832016 1.61815392971039
8.45199512379247 4.19232761859894 5.41972482204437 1.76546573638916
9.28882760400582 4.19232761859894 5.73854637145996 1.91901928186417
10.2085149119472 4.19232761859894 6.05534625053406 2.13012340664864
11.2192605084528 4.19232761859894 6.54309010505676 2.3499071598053
12.330080079446 4.19232761859894 6.61400198936462 2.55898940563202
13.5508819543863 4.19232761859894 6.63656544685364 2.81198042631149
14.8925554869521 4.19232761859894 6.64857268333435 3.06033539772034
16.3670681863003 4.19232761859894 6.64857268333435 3.33355423808098
17.9875724652967 4.19232761859894 6.64857268333435 3.56319683790207
19.7685229578944 4.19232761859894 6.64857268333435 3.86799144744873
21.7258054521118 4.19232761859894 6.64857268333435 4.38192415237427
23.8768785886714 4.19232761859894 6.64857268333435 4.85924911499023
26.2409295892292 4.19232761859894 6.64857268333435 5.50400397181511
28.8390454032626 4.19232761859894 6.64857268333435 5.96574699878693
31.6944008002223 4.19232761859894 6.64857268333435 6.62337428331375
34.8324650846968 4.19232761859894 6.64857268333435 7.1124869287014
38.3163339475004 4.19232761859894 6.64857268333435 7.52251100540161
42.1100361799719 4.19232761859894 6.64857268333435 7.93408906459808
46.2793530693252 4.19232761859894 6.64857268333435 8.03539216518402
50.8614742424258 4.19232761859894 6.64857268333435 8.03539216518402
55.8972714730444 4.19232761859894 6.64857268333435 8.03539216518402
61.4316632514152 4.19232761859894 6.64857268333435 8.03539216518402
67.5140154498445 4.19232761859894 6.64857268333435 8.03539216518402
74.1985816582434 4.19232761859894 6.64857268333435 9.4427182674408
81.5449871173038 4.19232761859894 6.64857268333435 9.4427182674408
89.6187605659235 4.19232761859894 6.64857268333435 9.4427182674408
98.4919187468734 4.19232761859894 6.64857268333435 10.2216820716858
108.243608784401 4.19232761859894 7.58000421524048 11.6838474273682
118.960814163673 4.19232761859894 7.58000421524048 13.4001984596252
130.739130609284 4.19232761859894 7.58000421524048 15.6053719520569
143.683618783529 4.19232761859894 7.58000421524048 15.6053719520569
157.909741410383 4.19232761859894 7.58000421524048 15.6053719520569
173.703536936922 4.19232761859894 7.58000421524048 15.6053719520569
190.901933233621 4.19232761859894 7.58000421524048 15.6053719520569
209.803143649102 4.19232761859894 7.71385979652405 20.6734972000122
230.575763898515 4.19232761859894 7.71385979652405 24.4655051231384
253.405082367608 4.19232761859894 7.71385979652405 24.4655051231384
278.494732854913 4.19232761859894 7.71385979652405 24.4655051231384
306.068510952025 4.19232761859894 7.71385979652405 24.4655051231384
336.372370263797 4.19232761859894 7.71385979652405 24.4655051231384
369.676616274388 4.19232761859894 7.71385979652405 24.4655051231384
370.015617281199 4.19232761859894 7.71385979652405 24.4655051231384
