0.0387145280838013 0.586059033870697 0.00673991441726685 0.0014481246471405
0.0387500300966981 0.586059033870697 0.00673991441726685 0.0014481246471405
0.0425866726076336 0.586059033870697 0.00673991441726685 0.0014481246471405
0.0468031812946723 0.586059033870697 0.00673991441726685 0.0014481246471405
0.0514371667278207 0.586059033870697 0.00673991441726685 0.0014481246471405
0.0565299633015929 0.586059033870697 0.00673991441726685 0.0014481246471405
0.0621269979310704 0.586059033870697 0.00673991441726685 0.0014481246471405
0.068278195252578 0.586059033870697 0.00673991441726685 0.0014481246471405
0.0750384229432996 0.586059033870697 0.0150302648544312 0.00772225856781006
0.0824679811320132 0.586059033870697 0.0150302648544312 0.00772225856781006
0.0907162527069789 0.586059033870697 0.0150302648544312 0.00772225856781006
0.0996980736423392 0.586059033870697 0.0150302648544312 0.00772225856781006
0.109569185139287 0.586059033870697 0.0150302648544312 0.00772225856781006
0.120417635902936 0.586059033870697 0.0150302648544312 0.00772225856781006
0.132340192345309 0.586059033870697 0.0150302648544312 0.00772225856781006
0.145443201725957 0.586059033870697 0.0150302648544312 0.00772225856781006
0.159843540752169 0.967256665229797 0.0540466159582138 0.0241746306419373
0.175669658100152 0.967256665229797 0.0540466159582138 0.0323167890310287
0.193062720156276 0.967256665229797 0.0760750323534012 0.0323167890310287
0.212177870198225 1.85931992530823 0.0843797922134399 0.0478049367666245
0.233185612247737 1.9137766957283 0.0843797922134399 0.0478049367666245
0.25627333193868 1.9137766957283 0.108333349227905 0.0490081906318665
0.281646967966354 2.74790793657303 0.13799162209034 0.0649473071098328
0.309532849027073 2.74790793657303 0.145450115203857 0.0754065066576004
0.340179712633237 2.74790793657303 0.186394810676575 0.0797768011689186
0.373860923811385 2.74790793657303 0.198177516460419 0.0917268991470337
0.411253695994416 3.10663169622421 0.231185860931873 0.10326175391674
0.451971945990459 3.10663169622421 0.275515198707581 0.112754106521606
0.496721712052834 3.12219077348709 0.281380049884319 0.128165915608406
0.54590215479858 3.56563341617584 0.322031378746033 0.147022917866707
0.599951955758347 3.56563341617584 0.370262145996094 0.147022917866707
0.659353230344131 3.56563341617584 0.406785555183887 0.172485053539276
0.724635828240139 3.56563341617584 0.415761180222034 0.186272829771042
0.796382059575582 3.56563341617584 0.472368836402893 0.212046533823013
0.875231889036086 3.84656143188477 0.52262607216835 0.227549344301224
0.961888644244345 3.84656143188477 0.614874750375748 0.253592282533646
1.05712528932784 3.84656143188477 0.665453657507896 0.277583137154579
1.16179131963283 3.84656143188477 0.713073268532753 0.307412564754486
1.27682033908432 3.98659324645996 0.778656780719757 0.332826495170593
1.4032383877809 4.04104137420654 0.894648909568787 0.371358454227448
1.54217309410505 4.04104995727539 0.963989570736885 0.421442404389381
1.69486373298454 4.17070913314819 1.07018756866455 0.44844451546669
1.86438038854372 4.17070913314819 1.20128530263901 0.495413258671761
2.0489727885339 4.17070913314819 1.30665463209152 0.540566116571426
2.25184169172242 4.17070913314819 1.4751244187355 0.616433873772621
2.4747966556489 4.17070913314819 1.58991385251284 0.670691981911659
2.7198264022398 4.17070913314819 1.77182907611132 0.724918141961098
2.98911655688376 4.19232761859894 1.97531390190125 0.842990875244141
3.28506914385371 4.19232761859894 2.09382420778275 0.862002477049828
3.61032401197175 4.19232761859894 2.34500497579575 0.951152876019478
3.96778238163021 4.19232761859894 2.55701208114624 1.02597570419312
4.36063272320454 4.19232761859894 2.76547718793154 1.12640354037285
4.79237919768918 4.19232761859894 3.05278807878494 1.2411392480135
5.2668729132423 4.19232761859894 3.45502281934023 1.41638991236687
5.78834627644265 4.19232761859894 3.74216049909592 1.5295711606741
6.36145074466621 4.19232761859894 3.96285063028336 1.61872155964375
6.99129831632754 4.19232761859894 4.36310370266438 1.79397222399712
7.68350712907217 4.19232761859894 4.83271670341492 1.88976925611496
8.45199512379247 4.19232761859894 5.20782339572906 2.12296991050243
9.28882760400582 4.19232761859894 5.44511926174164 2.35388427972794
10.2085149119472 4.19232761859894 6.07758069038391 2.61185240745544
11.2192605084528 4.19232761859894 6.6051778793335 2.77394169569016
12.330080079446 4.19232761859894 6.66016435623169 3.35830241441727
13.5508819543863 4.19232761859894 6.69428205490112 3.69026654958725
14.8925554869521 4.19232761859894 6.69647979736328 4.06767308712006
16.3670681863003 4.19232761859894 6.69647979736328 4.33592581748962
17.9875724652967 4.19232761859894 6.69647979736328 4.56733584403992
19.7685229578944 4.19232761859894 6.69647979736328 4.83301997184753
21.7258054521118 4.19232761859894 6.69647979736328 4.85012412071228
23.8768785886714 4.19232761859894 6.69647979736328 5.09305000305176
26.2409295892292 4.19232761859894 6.69647979736328 5.36526465415955
28.8390454032626 4.19232761859894 6.69647979736328 5.79049801826477
31.6944008002223 4.19232761859894 6.69647979736328 5.94567918777466
34.8324650846968 4.19232761859894 6.69647979736328 6.05052804946899
38.3163339475004 4.19232761859894 6.69647979736328 7.9174337387085
42.1100361799719 4.19232761859894 6.69647979736328 10.3174146413803
46.2793530693252 4.19232761859894 6.69647979736328 11.1689605712891
50.8614742424258 4.19232761859894 6.69647979736328 12.8144598007202
55.8972714730444 4.19232761859894 6.69647979736328 12.8144598007202
61.4316632514152 4.19232761859894 6.69647979736328 12.8293364048004
67.5140154498445 4.19232761859894 6.69647979736328 16.8274488449097
74.1985816582434 4.19232761859894 6.69647979736328 18.8965954780579
81.5449871173038 4.19232761859894 6.69647979736328 21.5086934566498
89.6187605659235 4.19232761859894 6.69647979736328 24.380459189415
98.4919187468734 4.19232761859894 6.69647979736328 27.2108975052834
108.243608784401 4.19232761859894 7.46704316139221 28.855263710022
118.960814163673 4.19232761859894 7.46704316139221 29.6567852497101
130.739130609284 4.19232761859894 7.46704316139221 30.607296705246
143.683618783529 4.19232761859894 7.46704316139221 32.145525932312
157.909741410383 4.19232761859894 7.46704316139221 33.4820041656494
173.703536936922 4.19232761859894 7.46704316139221 33.4820041656494
190.901933233621 4.19232761859894 7.46704316139221 35.2423706054688
209.803143649102 4.19232761859894 7.46704316139221 39.2553596496582
230.575763898515 4.19232761859894 7.46704316139221 42.671483039856
253.405082367608 4.19232761859894 7.46704316139221 42.671483039856
278.494732854913 4.19232761859894 7.46704316139221 42.671483039856
306.068510952025 4.19232761859894 7.46704316139221 42.671483039856
336.372370263797 4.19232761859894 7.46704316139221 42.671483039856
369.676616274388 4.19232761859894 7.46704316139221 42.671483039856
370.015617281199 4.19232761859894 7.46704316139221 42.671483039856
