0.0387145280838013 0.586059033870697 0.00809842348098755 0.00200009346008301
0.0387500300966981 0.586059033870697 0.00809842348098755 0.00200009346008301
0.0425866726076336 0.586059033870697 0.00809842348098755 0.00200009346008301
0.0468031812946723 0.586059033870697 0.00809842348098755 0.00200009346008301
0.0514371667278207 0.586059033870697 0.00809842348098755 0.00200009346008301
0.0565299633015929 0.586059033870697 0.00809842348098755 0.00200009346008301
0.0621269979310704 0.586059033870697 0.00809842348098755 0.00200009346008301
0.068278195252578 0.586059033870697 0.00809842348098755 0.00200009346008301
0.0750384229432996 0.586059033870697 0.0167132616043091 0.00216875970363617
0.0824679811320132 0.586059033870697 0.0167132616043091 0.00216875970363617
0.0907162527069789 0.586059033870697 0.0307410061359406 0.0113842487335205
0.0996980736423392 0.586059033870697 0.0307410061359406 0.0113842487335205
0.109569185139287 0.586059033870697 0.0307410061359406 0.0113842487335205
0.120417635902936 0.586059033870697 0.0307410061359406 0.0113842487335205
0.132340192345309 0.586059033870697 0.0307410061359406 0.0113842487335205
0.145443201725957 0.99837489426136 0.0666903853416443 0.0294627845287323
0.159843540752169 0.99837489426136 0.0666903853416443 0.030122384428978
0.175669658100152 0.99837489426136 0.0666903853416443 0.0363969206809998
0.193062720156276 0.99837489426136 0.0818115770816803 0.0363969206809998
0.212177870198225 2.30101633071899 0.105745375156403 0.0562559068202972
0.233185612247737 2.30101633071899 0.105745375156403 0.0562559068202972
0.25627333193868 2.30101633071899 0.121526151895523 0.0621377825737
0.281646967966354 2.74790793657303 0.142531275749207 0.072069525718689
0.309532849027073 2.74790793657303 0.153469920158386 0.0758994221687317
0.340179712633237 2.74790793657303 0.179101884365082 0.084130197763443
0.373860923811385 2.74790793657303 0.204743057489395 0.104713678359985
0.411253695994416 3.10663169622421 0.244812197983265 0.106003612279892
0.451971945990459 3.13343650102615 0.289689749479294 0.130275458097458
0.496721712052834 3.13343650102615 0.310437135398388 0.143092632293701
0.54590215479858 3.56563341617584 0.335027188062668 0.153033554553986
0.599951955758347 3.7056565284729 0.378160744905472 0.166707038879395
0.659353230344131 3.7056565284729 0.425086207687855 0.19246232509613
0.724635828240139 3.7056565284729 0.462359122931957 0.203078925609589
0.796382059575582 3.7056565284729 0.495562583208084 0.223106801509857
0.875231889036086 3.84656143188477 0.579398334026337 0.256239704787731
0.961888644244345 3.84656143188477 0.629512876272202 0.275779455900192
1.05712528932784 3.93300080299377 0.686759255826473 0.301179647445679
1.16179131963283 3.93300080299377 0.749715805053711 0.338047027587891
1.27682033908432 4.04104995727539 0.811862267553806 0.382237814366817
1.4032383877809 4.04104995727539 0.923279076814651 0.423913396894932
1.54217309410505 4.19232761859894 0.99692764878273 0.453887104988098
1.69486373298454 4.19232761859894 1.11747717857361 0.49721747636795
1.86438038854372 4.19232761859894 1.24163794517517 0.555089503526688
2.0489727885339 4.19232761859894 1.34167656302452 0.612202763557434
2.25184169172242 4.19232761859894 1.50469562411308 0.674763113260269
2.4747966556489 4.19232761859894 1.62732817977667 0.728804171085358
2.7198264022398 4.19232761859894 1.81480836868286 0.799124531447887
2.98911655688376 4.19232761859894 2.00727620720863 0.903071828186512
3.28506914385371 4.19232761859894 2.1554891243577 0.97202867269516
3.61032401197175 4.19232761859894 2.43533903360367 1.06497311592102
3.96778238163021 4.19232761859894 2.62458515167236 1.16016018390656
4.36063272320454 4.19232761859894 2.88887301553041 1.28132331371307
4.79237919768918 4.19232761859894 3.23023104667664 1.42454978823662
5.2668729132423 4.19232761859894 3.60500541795045 1.54889607429504
5.78834627644265 4.19232761859894 3.82923054695129 1.71908622980118
6.36145074466621 4.19232761859894 4.06424710154533 1.88381860405207
6.99129831632754 4.19232761859894 4.49989548325539 2.04615843296051
7.68350712907217 4.19232761859894 4.94928514957428 2.24695500731468
8.45199512379247 4.19232761859894 5.47659254074097 2.4872385263443
9.28882760400582 4.19232761859894 5.77014935016632 2.69800877571106
10.2085149119472 4.19232761859894 6.08060717582703 2.93602830171585
11.2192605084528 4.19232761859894 6.5512375831604 3.12514567375183
12.330080079446 4.19232761859894 6.62439632415771 3.43825364112854
13.5508819543863 4.19232761859894 6.6401801109314 3.98182237148285
14.8925554869521 4.19232761859894 6.65110945701599 4.35225927829742
16.3670681863003 4.19232761859894 6.67443013191223 4.65768980979919
17.9875724652967 4.19232761859894 6.6804621219635 5.02055883407593
19.7685229578944 4.19232761859894 6.6804621219635 5.47286534309387
21.7258054521118 4.19232761859894 6.6804621219635 5.76158261299133
23.8768785886714 4.19232761859894 6.6804621219635 5.93509364128113
26.2409295892292 4.19232761859894 6.6804621219635 6.16684007644653
28.8390454032626 4.19232761859894 6.6804621219635 6.48439025878906
31.6944008002223 4.19232761859894 6.6804621219635 7.3764111995697
34.8324650846968 4.19232761859894 6.6804621219635 7.3764111995697
38.3163339475004 4.19232761859894 6.6804621219635 8.31211471557617
42.1100361799719 4.19232761859894 6.6804621219635 11.0313429832458
46.2793530693252 4.19232761859894 6.6804621219635 11.963365316391
50.8614742424258 4.19232761859894 6.6804621219635 13.2616415023804
55.8972714730444 4.19232761859894 6.6804621219635 13.2616415023804
61.4316632514152 4.19232761859894 6.6804621219635 13.9982423782349
67.5140154498445 4.19232761859894 6.6804621219635 17.4266347885132
74.1985816582434 4.19232761859894 6.6804621219635 19.0918102264404
81.5449871173038 4.19232761859894 6.6804621219635 21.5737562179565
89.6187605659235 4.19232761859894 6.70212316513062 25.2250068187714
98.4919187468734 4.19232761859894 6.70212316513062 28.609320640564
108.243608784401 4.19232761859894 7.41151595115662 30.2153060436249
118.960814163673 4.19232761859894 7.41151595115662 31.424877166748
130.739130609284 4.19232761859894 7.41151595115662 33.8676834106445
143.683618783529 4.19232761859894 7.41151595115662 33.8676834106445
157.909741410383 4.19232761859894 7.41151595115662 33.8676834106445
173.703536936922 4.19232761859894 7.41151595115662 47.1293249130249
190.901933233621 4.19232761859894 7.41151595115662 47.1293249130249
209.803143649102 4.19232761859894 7.41151595115662 59.9179961681366
230.575763898515 4.19232761859894 7.43921542167664 61.1275672912598
253.405082367608 4.19232761859894 7.43921542167664 63.3115344047546
278.494732854913 4.19232761859894 7.43921542167664 63.4625368118286
306.068510952025 4.19232761859894 7.43921542167664 63.4625368118286
336.372370263797 4.19232761859894 7.43921542167664 71.3763589859009
369.676616274388 4.19232761859894 7.43921542167664 71.3763589859009
370.015617281199 4.19232761859894 7.43921542167664 71.3763589859009
