0.0387145280838013 0.586059033870697 0.00627708435058594 0.00565987825393677
0.0387500300966981 0.586059033870697 0.00627708435058594 0.00565987825393677
0.0425866726076336 0.586059033870697 0.00627708435058594 0.00565987825393677
0.0468031812946723 0.586059033870697 0.00627708435058594 0.00565987825393677
0.0514371667278207 0.586059033870697 0.00627708435058594 0.00565987825393677
0.0565299633015929 0.586059033870697 0.00627708435058594 0.00565987825393677
0.0621269979310704 0.586059033870697 0.00627708435058594 0.00565987825393677
0.068278195252578 0.586059033870697 0.00627708435058594 0.00565987825393677
0.0750384229432996 0.586059033870697 0.0145595073699951 0.00565987825393677
0.0824679811320132 0.586059033870697 0.0145595073699951 0.00565987825393677
0.0907162527069789 0.586059033870697 0.0145595073699951 0.00565987825393677
0.0996980736423392 0.586059033870697 0.0145595073699951 0.00565987825393677
0.109569185139287 0.586059033870697 0.0145595073699951 0.00565987825393677
0.120417635902936 0.586059033870697 0.0145595073699951 0.00565987825393677
0.132340192345309 0.586059033870697 0.0145595073699951 0.00565987825393677
0.145443201725957 0.586059033870697 0.0145595073699951 0.00565987825393677
0.159843540752169 0.967256665229797 0.0509089231491089 0.0300780534744263
0.175669658100152 0.967256665229797 0.0509089231491089 0.0310810208320618
0.193062720156276 0.967256665229797 0.0757080316543579 0.0408160537481308
0.212177870198225 1.85931992530823 0.0846079587936401 0.055717945098877
0.233185612247737 1.9137766957283 0.0846079587936401 0.0602666139602661
0.25627333193868 1.9137766957283 0.0993711054325104 0.0642023086547852
0.281646967966354 2.74790793657303 0.13573831319809 0.0685448050498962
0.309532849027073 2.74790793657303 0.14498496055603 0.0774910449981689
0.340179712633237 2.74790793657303 0.179024457931519 0.0880773067474365
0.373860923811385 2.74790793657303 0.198240846395493 0.101661592721939
0.411253695994416 3.10663169622421 0.230522632598877 0.111472249031067
0.451971945990459 3.10663169622421 0.275166541337967 0.137188076972961
0.496721712052834 3.12219077348709 0.275166541337967 0.141258299350739
0.54590215479858 3.56563341617584 0.319962948560715 0.161226853728294
0.599951955758347 3.56563341617584 0.365243881940842 0.171240866184235
0.659353230344131 3.56563341617584 0.407404389232397 0.191693931818008
0.724635828240139 3.56563341617584 0.410073757171631 0.209175035357475
0.796382059575582 3.56563341617584 0.470939010381699 0.236394703388214
0.875231889036086 3.84656143188477 0.507494062185287 0.26677405834198
0.961888644244345 3.84656143188477 0.607671499252319 0.290251791477203
1.05712528932784 3.84656143188477 0.646908670663834 0.32493931055069
1.16179131963283 3.84656143188477 0.712701439857483 0.362963914871216
1.27682033908432 3.98659324645996 0.77428925037384 0.398716509342194
1.4032383877809 4.04104137420654 0.888197094202042 0.437536060810089
1.54217309410505 4.04104995727539 0.959779053926468 0.482555627822876
1.69486373298454 4.17070913314819 1.07097172737122 0.535831078886986
1.86438038854372 4.17070913314819 1.1953666806221 0.578893512487411
2.0489727885339 4.17070913314819 1.27216774225235 0.64168581366539
2.25184169172242 4.17070913314819 1.42743194103241 0.715052247047424
2.4747966556489 4.17070913314819 1.55806425213814 0.783045142889023
2.7198264022398 4.17070913314819 1.72621747851372 0.874589264392853
2.98911655688376 4.19232761859894 1.94162631034851 0.946820437908173
3.28506914385371 4.19232761859894 2.07839480042458 1.0573793053627
3.61032401197175 4.19232761859894 2.34191596508026 1.16218990087509
3.96778238163021 4.19232761859894 2.53198456764221 1.26221081614494
4.36063272320454 4.19232761859894 2.76044055819511 1.38656574487686
4.79237919768918 4.19232761859894 3.03523221611977 1.50156301259995
5.2668729132423 4.19232761859894 3.45117065310478 1.65588489174843
5.78834627644265 4.19232761859894 3.70720702409744 1.77397659420967
6.36145074466621 4.19232761859894 3.91839846968651 1.90547525882721
6.99129831632754 4.19232761859894 4.33868941664696 2.06921976804733
7.68350712907217 4.19232761859894 4.80436491966248 2.22958940267563
8.45199512379247 4.19232761859894 5.1726530790329 2.40364676713943
9.28882760400582 4.19232761859894 5.3930321931839 2.62624144554138
10.2085149119472 4.19232761859894 5.98215663433075 2.82097721099854
11.2192605084528 4.19232761859894 6.47840309143066 3.13198184967041
12.330080079446 4.19232761859894 6.54893493652344 3.31777906417847
13.5508819543863 4.19232761859894 6.58196878433228 3.59524059295654
14.8925554869521 4.19232761859894 6.60256695747375 3.94530010223389
16.3670681863003 4.19232761859894 6.60256695747375 4.23119473457336
17.9875724652967 4.19232761859894 6.60256695747375 4.63844585418701
19.7685229578944 4.19232761859894 6.60256695747375 5.03184294700623
21.7258054521118 4.19232761859894 6.60256695747375 5.43241143226624
23.8768785886714 4.19232761859894 6.60256695747375 6.17187982797623
26.2409295892292 4.19232761859894 6.60256695747375 6.3620730638504
28.8390454032626 4.19232761859894 6.60256695747375 7.11435753107071
31.6944008002223 4.19232761859894 6.60256695747375 7.85426443815231
34.8324650846968 4.19232761859894 6.60256695747375 8.55061435699463
38.3163339475004 4.19232761859894 6.60256695747375 9.18460488319397
42.1100361799719 4.19232761859894 6.60256695747375 9.59010720252991
46.2793530693252 4.19232761859894 6.60256695747375 9.94457077980042
50.8614742424258 4.19232761859894 6.60256695747375 9.94457077980042
55.8972714730444 4.19232761859894 6.60256695747375 9.94457077980042
61.4316632514152 4.19232761859894 6.60256695747375 9.94457077980042
67.5140154498445 4.19232761859894 6.60256695747375 9.94457077980042
74.1985816582434 4.19232761859894 6.60256695747375 9.94457077980042
81.5449871173038 4.19232761859894 6.60256695747375 9.94457077980042
89.6187605659235 4.19232761859894 6.60256695747375 9.94457077980042
98.4919187468734 4.19232761859894 6.60256695747375 9.94457077980042
108.243608784401 4.19232761859894 7.5018846988678 9.94457077980042
118.960814163673 4.19232761859894 7.5018846988678 9.94457077980042
130.739130609284 4.19232761859894 7.5018846988678 9.94457077980042
143.683618783529 4.19232761859894 7.5018846988678 9.94457077980042
157.909741410383 4.19232761859894 7.5018846988678 9.94457077980042
173.703536936922 4.19232761859894 7.5018846988678 9.94457077980042
190.901933233621 4.19232761859894 7.5018846988678 9.94457077980042
209.803143649102 4.19232761859894 7.5018846988678 9.94457077980042
230.575763898515 4.19232761859894 7.5018846988678 9.94457077980042
253.405082367608 4.19232761859894 7.5018846988678 9.94457077980042
278.494732854913 4.19232761859894 7.5018846988678 9.94457077980042
306.068510952025 4.19232761859894 7.5018846988678 9.94457077980042
336.372370263797 4.19232761859894 7.5018846988678 9.94457077980042
369.676616274388 4.19232761859894 7.5018846988678 9.94457077980042
370.015617281199 4.19232761859894 7.5018846988678 9.94457077980042
