0.0387145280838013 0.586059033870697 0.00733119249343872 0.00333526730537415
0.0387500300966981 0.586059033870697 0.00733119249343872 0.00333526730537415
0.0425866726076336 0.586059033870697 0.00733119249343872 0.00333526730537415
0.0468031812946723 0.586059033870697 0.00733119249343872 0.00333526730537415
0.0514371667278207 0.586059033870697 0.00733119249343872 0.00333526730537415
0.0565299633015929 0.586059033870697 0.00733119249343872 0.00333526730537415
0.0621269979310704 0.586059033870697 0.00733119249343872 0.00333526730537415
0.068278195252578 0.586059033870697 0.00733119249343872 0.00333526730537415
0.0750384229432996 0.586059033870697 0.0158281922340393 0.00333526730537415
0.0824679811320132 0.586059033870697 0.0158281922340393 0.00333526730537415
0.0907162527069789 0.586059033870697 0.0158281922340393 0.00333526730537415
0.0996980736423392 0.586059033870697 0.0158281922340393 0.00333526730537415
0.109569185139287 0.586059033870697 0.0158281922340393 0.00333526730537415
0.120417635902936 0.586059033870697 0.0158281922340393 0.00333526730537415
0.132340192345309 0.586059033870697 0.0158281922340393 0.00333526730537415
0.145443201725957 0.586059033870697 0.0158281922340393 0.00333526730537415
0.159843540752169 0.967256665229797 0.0493584871292114 0.0152841210365295
0.175669658100152 0.967256665229797 0.0493584871292114 0.0152841210365295
0.193062720156276 0.967256665229797 0.0789821147918701 0.0236747264862061
0.212177870198225 1.85931992530823 0.0858129858970642 0.0236747264862061
0.233185612247737 1.9137766957283 0.0858129858970642 0.0332072377204895
0.25627333193868 1.9137766957283 0.0995788872241974 0.0375910401344299
0.281646967966354 2.74790793657303 0.139533579349518 0.0398799777030945
0.309532849027073 2.74790793657303 0.149693250656128 0.0458709895610809
0.340179712633237 2.74790793657303 0.180264949798584 0.058562844991684
0.373860923811385 2.74790793657303 0.201839476823807 0.0687155425548553
0.411253695994416 3.10663169622421 0.238309733569622 0.0702367126941681
0.451971945990459 3.10663169622421 0.282983630895615 0.079229474067688
0.496721712052834 3.12219077348709 0.282983630895615 0.0957956314086914
0.54590215479858 3.56563341617584 0.328199177980423 0.101098239421844
0.599951955758347 3.56563341617584 0.373139053583145 0.107998415827751
0.659353230344131 3.56563341617584 0.41680359095335 0.123905062675476
0.724635828240139 3.56563341617584 0.41680359095335 0.142388164997101
0.796382059575582 3.56563341617584 0.484239429235458 0.14897309243679
0.875231889036086 3.84656143188477 0.516379326581955 0.167678564786911
0.961888644244345 3.84656143188477 0.620837897062302 0.191220313310623
1.05712528932784 3.84656143188477 0.655713826417923 0.212059766054153
1.16179131963283 3.84656143188477 0.727335453033447 0.223420828580856
1.27682033908432 3.98659324645996 0.790160298347473 0.255698844790459
1.4032383877809 4.04104137420654 0.908301323652267 0.279059648513794
1.54217309410505 4.04104995727539 0.980546087026596 0.314438194036484
1.69486373298454 4.17070913314819 1.09573304653168 0.339961886405945
1.86438038854372 4.17070913314819 1.22148782014847 0.375916510820389
2.0489727885339 4.17070913314819 1.29288136959076 0.408224821090698
2.25184169172242 4.17070913314819 1.44336223602295 0.445858247578144
2.4747966556489 4.17070913314819 1.59447191655636 0.502864122390747
2.7198264022398 4.17070913314819 1.75001005083323 0.559561401605606
2.98911655688376 4.19232761859894 1.97591543197632 0.616963222622871
3.28506914385371 4.19232761859894 2.12161173671484 0.677934795618057
3.61032401197175 4.19232761859894 2.39269626140594 0.740244835615158
3.96778238163021 4.19232761859894 2.58684396743774 0.814938127994537
4.36063272320454 4.19232761859894 2.83029367774725 0.894129663705826
4.79237919768918 4.19232761859894 3.11075434088707 0.992986261844635
5.2668729132423 4.19232761859894 3.53465487807989 1.10298490524292
5.78834627644265 4.19232761859894 3.77965945005417 1.19624565541744
6.36145074466621 4.19232761859894 3.99750736355782 1.31713569164276
6.99129831632754 4.19232761859894 4.42963284254074 1.44035666435957
7.68350712907217 4.19232761859894 4.88828843832016 1.61815392971039
8.45199512379247 4.19232761859894 5.25975233316422 1.76546573638916
9.28882760400582 4.19232761859894 5.47610080242157 1.91198492050171
10.2085149119472 4.19232761859894 6.05534625053406 2.10335457324982
11.2192605084528 4.19232761859894 6.54309010505676 2.3499071598053
12.330080079446 4.19232761859894 6.61400198936462 2.55898940563202
13.5508819543863 4.19232761859894 6.63656544685364 2.79816794395447
14.8925554869521 4.19232761859894 6.64857268333435 3.01878643035889
16.3670681863003 4.19232761859894 6.64857268333435 3.24924233555794
17.9875724652967 4.19232761859894 6.64857268333435 3.45795905590057
19.7685229578944 4.19232761859894 6.64857268333435 3.86799144744873
21.7258054521118 4.19232761859894 6.64857268333435 4.38192415237427
23.8768785886714 4.19232761859894 6.64857268333435 4.85924911499023
26.2409295892292 4.19232761859894 6.64857268333435 5.50400397181511
28.8390454032626 4.19232761859894 6.64857268333435 5.93234539031982
31.6944008002223 4.19232761859894 6.64857268333435 6.59129118919373
34.8324650846968 4.19232761859894 6.64857268333435 7.1124869287014
38.3163339475004 4.19232761859894 6.64857268333435 7.50481164455414
42.1100361799719 4.19232761859894 6.64857268333435 7.88380765914917
46.2793530693252 4.19232761859894 6.64857268333435 8.03539216518402
50.8614742424258 4.19232761859894 6.64857268333435 8.03539216518402
55.8972714730444 4.19232761859894 6.64857268333435 8.03539216518402
61.4316632514152 4.19232761859894 6.64857268333435 8.03539216518402
67.5140154498445 4.19232761859894 6.64857268333435 8.03539216518402
74.1985816582434 4.19232761859894 6.64857268333435 9.4427182674408
81.5449871173038 4.19232761859894 6.64857268333435 9.4427182674408
89.6187605659235 4.19232761859894 6.64857268333435 9.4427182674408
98.4919187468734 4.19232761859894 6.64857268333435 9.9053053855896
108.243608784401 4.19232761859894 7.58000421524048 11.6838474273682
118.960814163673 4.19232761859894 7.58000421524048 13.4001984596252
130.739130609284 4.19232761859894 7.58000421524048 15.6053719520569
143.683618783529 4.19232761859894 7.58000421524048 15.6053719520569
157.909741410383 4.19232761859894 7.58000421524048 15.6053719520569
173.703536936922 4.19232761859894 7.58000421524048 15.6053719520569
190.901933233621 4.19232761859894 7.58000421524048 15.6053719520569
209.803143649102 4.19232761859894 7.58000421524048 15.6053719520569
230.575763898515 4.19232761859894 7.58000421524048 15.6053719520569
253.405082367608 4.19232761859894 7.58000421524048 15.6053719520569
278.494732854913 4.19232761859894 7.58000421524048 15.6053719520569
306.068510952025 4.19232761859894 7.58000421524048 15.6053719520569
336.372370263797 4.19232761859894 7.58000421524048 15.6053719520569
369.676616274388 4.19232761859894 7.58000421524048 15.6053719520569
370.015617281199 4.19232761859894 7.58000421524048 15.6053719520569
