0.0387145280838013 0.586059033870697 0.00877457857131958 0.0022016167640686
0.0387500300966981 0.586059033870697 0.00877457857131958 0.0022016167640686
0.0425866726076336 0.586059033870697 0.00877457857131958 0.0022016167640686
0.0468031812946723 0.586059033870697 0.00877457857131958 0.0022016167640686
0.0514371667278207 0.586059033870697 0.00877457857131958 0.0022016167640686
0.0565299633015929 0.586059033870697 0.00877457857131958 0.0022016167640686
0.0621269979310704 0.586059033870697 0.00877457857131958 0.0022016167640686
0.068278195252578 0.586059033870697 0.00877457857131958 0.0022016167640686
0.0750384229432996 0.586059033870697 0.0175737738609314 0.0022016167640686
0.0824679811320132 0.586059033870697 0.0175737738609314 0.0022016167640686
0.0907162527069789 0.586059033870697 0.0313954949378967 0.00307083129882812
0.0996980736423392 0.586059033870697 0.0313954949378967 0.00307083129882812
0.109569185139287 0.586059033870697 0.0313954949378967 0.00307083129882812
0.120417635902936 0.586059033870697 0.0313954949378967 0.00307083129882812
0.132340192345309 0.586059033870697 0.0313954949378967 0.00307083129882812
0.145443201725957 0.99837489426136 0.0635558366775513 0.016103059053421
0.159843540752169 0.99837489426136 0.0635558366775513 0.0295419543981552
0.175669658100152 0.99837489426136 0.0635558366775513 0.0295419543981552
0.193062720156276 0.99837489426136 0.0847218930721283 0.0295419543981552
0.212177870198225 2.30101633071899 0.108767449855804 0.0329126119613647
0.233185612247737 2.30101633071899 0.108767449855804 0.0443552136421204
0.25627333193868 2.30101633071899 0.124154716730118 0.0456754565238953
0.281646967966354 2.74790793657303 0.145470321178436 0.0530930906534195
0.309532849027073 2.74790793657303 0.1576988697052 0.0568654537200928
0.340179712633237 2.74790793657303 0.184233963489532 0.0638493299484253
0.373860923811385 2.74790793657303 0.208263605833054 0.0784401670098305
0.411253695994416 3.10663169622421 0.251885112375021 0.0789849162101746
0.451971945990459 3.13343650102615 0.297033280134201 0.100390858948231
0.496721712052834 3.13343650102615 0.310175128281116 0.102506995201111
0.54590215479858 3.56563341617584 0.342459946870804 0.109858572483063
0.599951955758347 3.7056565284729 0.38198247551918 0.126510977745056
0.659353230344131 3.7056565284729 0.434696488082409 0.145531415939331
0.724635828240139 3.7056565284729 0.473178543150425 0.148901760578156
0.796382059575582 3.7056565284729 0.508232027292252 0.181012198328972
0.875231889036086 3.84656143188477 0.58664408326149 0.186520092189312
0.961888644244345 3.84656143188477 0.636848032474518 0.207053944468498
1.05712528932784 3.93300080299377 0.697332091629505 0.227517537772655
1.16179131963283 3.93300080299377 0.767810896039009 0.24261648952961
1.27682033908432 4.04104995727539 0.82964601367712 0.276404172182083
1.4032383877809 4.04104995727539 0.937844008207321 0.303754612803459
1.54217309410505 4.19232761859894 1.01385483145714 0.347264230251312
1.69486373298454 4.19232761859894 1.14213281869888 0.357779279351234
1.86438038854372 4.19232761859894 1.26230978965759 0.393540680408478
2.0489727885339 4.19232761859894 1.36802214384079 0.458008140325546
2.25184169172242 4.19232761859894 1.5344455242157 0.497289061546326
2.4747966556489 4.19232761859894 1.66360457986593 0.562619984149933
2.7198264022398 4.19232761859894 1.84961307048798 0.608875900506973
2.98911655688376 4.19232761859894 2.05458083748817 0.640919998288155
3.28506914385371 4.19232761859894 2.19110812991858 0.714957177639008
3.61032401197175 4.19232761859894 2.48233759403229 0.783968552947044
3.96778238163021 4.19232761859894 2.65786373615265 0.863660544157028
4.36063272320454 4.19232761859894 2.95301630534232 0.976193085312843
4.79237919768918 4.19232761859894 3.29361200332642 1.06899359822273
5.2668729132423 4.19232761859894 3.68271186389029 1.17119486629963
5.78834627644265 4.19232761859894 3.87240087985992 1.32729822397232
6.36145074466621 4.19232761859894 4.13825884461403 1.41809870302677
6.99129831632754 4.19232761859894 4.57014532387257 1.53184676170349
7.68350712907217 4.19232761859894 5.00687521696091 1.68646156787872
8.45199512379247 4.19232761859894 5.52106165885925 1.87397158145905
9.28882760400582 4.19232761859894 5.77461957931519 1.97586864233017
10.2085149119472 4.19232761859894 6.07401013374329 2.20573867857456
11.2192605084528 4.19232761859894 6.512202501297 2.27434433996677
12.330080079446 4.19232761859894 6.59587550163269 2.73156261444092
13.5508819543863 4.19232761859894 6.61154699325562 3.07723879814148
14.8925554869521 4.19232761859894 6.63317060470581 3.42154540121555
16.3670681863003 4.19232761859894 6.72362232208252 3.42154540121555
17.9875724652967 4.19232761859894 6.72362232208252 3.66610276699066
19.7685229578944 4.19232761859894 6.72362232208252 3.89486289024353
21.7258054521118 4.19232761859894 6.72362232208252 4.11673498153687
23.8768785886714 4.19232761859894 6.72362232208252 4.61425483226776
26.2409295892292 4.19232761859894 6.72362232208252 4.96821492910385
28.8390454032626 4.19232761859894 6.72362232208252 5.64769838750362
31.6944008002223 4.19232761859894 6.72362232208252 5.8151148557663
34.8324650846968 4.19232761859894 6.72362232208252 6.35071802139282
38.3163339475004 4.19232761859894 6.72362232208252 6.73364567756653
42.1100361799719 4.19232761859894 6.72362232208252 7.4179162979126
46.2793530693252 4.19232761859894 6.84643220901489 8.25820863246918
50.8614742424258 4.19232761859894 6.84643220901489 8.75728386640549
55.8972714730444 4.19232761859894 6.84643220901489 9.59879791736603
61.4316632514152 4.19232761859894 6.84643220901489 10.3775994777679
67.5140154498445 4.19232761859894 6.84643220901489 10.3775994777679
74.1985816582434 4.19232761859894 6.84643220901489 11.30921459198
81.5449871173038 4.19232761859894 6.84643220901489 14.6900858879089
89.6187605659235 4.19232761859894 7.11055660247803 15.115517616272
98.4919187468734 4.19232761859894 7.11055660247803 17.1064076423645
108.243608784401 4.19232761859894 7.51586294174194 18.6192711591721
118.960814163673 4.19232761859894 7.51586294174194 20.655908241868
130.739130609284 4.19232761859894 7.51586294174194 21.6868140697479
143.683618783529 4.19232761859894 7.51586294174194 22.0627965927124
157.909741410383 4.19232761859894 7.51586294174194 22.0627965927124
173.703536936922 4.19232761859894 7.51586294174194 23.307980298996
190.901933233621 4.19232761859894 7.51586294174194 24.1074934005737
209.803143649102 4.19232761859894 7.65698575973511 28.5860109329224
230.575763898515 4.19232761859894 7.77998733520508 30.2481689453125
253.405082367608 4.19232761859894 7.77998733520508 30.2481689453125
278.494732854913 4.19232761859894 7.77998733520508 30.7024240493774
306.068510952025 4.19232761859894 7.77998733520508 30.7024240493774
336.372370263797 4.19232761859894 7.92111015319824 42.0116386413574
369.676616274388 4.19232761859894 7.92111015319824 42.0116386413574
370.015617281199 4.19232761859894 7.92111015319824 42.0116386413574
