0.0194894644874591 0.586059033870697 0.00692474842071533 0.00530743598937988
0.0195076157341004 0.586059033870697 0.00692474842071533 0.00530743598937988
0.0214706726399789 0.586059033870697 0.00692474842071533 0.00530743598937988
0.0236312725192399 0.586059033870697 0.00692474842071533 0.00530743598937988
0.0260092941773403 0.586059033870697 0.00692474842071533 0.00530743598937988
0.02862661682957 0.586059033870697 0.00692474842071533 0.00530743598937988
0.0315073214028609 0.586059033870697 0.0153872966766357 0.00530743598937988
0.0346779120946542 0.586059033870697 0.0153872966766357 0.00530743598937988
0.0381675602272991 0.586059033870697 0.0153872966766357 0.00530743598937988
0.0420083726415892 0.586059033870697 0.0153872966766357 0.00530743598937988
0.0462787480746938 0.586059033870697 0.0153872966766357 0.00530743598937988
0.0509357916233132 0.586059033870697 0.0153872966766357 0.00530743598937988
0.056061474785492 0.586059033870697 0.0153872966766357 0.00530743598937988
0.0617029568985016 0.586059033870697 0.0153872966766357 0.00530743598937988
0.0679121429571029 0.586059033870697 0.0232429504394531 0.00530743598937988
0.0747461611704054 0.768446087837219 0.0461680889129639 0.0317409038543701
0.0822678885754094 0.967256665229797 0.0461680889129639 0.0323302075266838
0.0905465295431877 1.00701880455017 0.0461680889129639 0.0323302075266838
0.0996582525003081 1.9137766957283 0.0482197701931 0.0478599071502686
0.109686890723714 1.9137766957283 0.0883417129516602 0.054625391960144
0.120724713656792 1.9137766957283 0.0922284722328186 0.0578925013542175
0.132873275843195 2.74790793657303 0.0922284722328186 0.0650507807731628
0.146244351289115 2.74790793657303 0.119698882102966 0.0810171067714691
0.160960961850701 2.74790793657303 0.127924986183643 0.0865371227264404
0.177158509108387 2.74790793657303 0.159063100814819 0.0965941473841667
0.194986020142061 2.80583125352859 0.199928760528564 0.110259741544724
0.214807390451206 2.80583125352859 0.201846662908792 0.122581303119659
0.23642351909587 3.39448344707489 0.22683197632432 0.136515900492668
0.260214884898814 3.51117664575577 0.269914969801903 0.148904278874397
0.286400382592417 3.51117664575577 0.273606657981873 0.165297508239746
0.315220934348083 3.56563341617584 0.314986754208803 0.185796245932579
0.346941706403675 3.56563341617584 0.347177051007748 0.208654880523682
0.381854548750803 3.56563341617584 0.394057095050812 0.240777991712093
0.420280680328535 3.62527656555176 0.425064578652382 0.264675319194794
0.462573644428912 3.84656143188477 0.476986426860094 0.286098599433899
0.509122561505755 3.84656143188477 0.523861806839705 0.311386317014694
0.560355709314554 3.93300080299377 0.585421521216631 0.349517405033112
0.616744463322841 3.98659324645996 0.643750883638859 0.385341852903366
0.678807633645181 3.98659324645996 0.720160167198628 0.42978298664093
0.74711623840516 4.04104995727539 0.794037193059921 0.468166023492813
0.822298757442146 4.06265139579773 0.878531962633133 0.516953319311142
0.90504691470005 4.17070913314819 0.969106584787369 0.575564950704575
0.997049767162749 4.17070913314819 1.06602803990245 0.640714913606644
1.0973831681079 4.17070913314819 1.1759602278471 0.696592301130295
1.207813147656 4.17070913314819 1.28250245377421 0.7531658411026
1.32935572737641 4.17070913314819 1.43877345323563 0.845730781555176
1.46312917137724 4.17070913314819 1.57152688503265 0.928829312324524
1.61036427500108 4.19232761859894 1.6989169716835 1.00368493795395
1.77241568887504 4.19232761859894 1.86842176318169 1.09755063056946
1.95077438250316 4.19232761859894 2.08735173940659 1.19721581041813
2.14708136207369 4.19232761859894 2.27454519271851 1.29779475927353
2.36314276869316 4.19232761859894 2.50438702106476 1.42637395858765
2.60094649596008 4.19232761859894 2.67084413766861 1.55140542984009
2.86268047976978 4.19232761859894 2.96273636817932 1.73107439279556
3.15075282862747 4.19232761859894 3.17634570598602 1.87713152170181
3.46781397968047 4.19232761859894 3.45907926559448 2.04650372266769
3.81678108431816 4.19232761859894 3.75439643859863 2.14640527963638
4.2008648477019 4.19232761859894 4.19344186782837 2.29572421312332
4.62790519502682 4.19232761859894 4.34575545787811 2.57192260026932
5.09361260779729 4.19232761859894 4.71849977970123 2.74799305200577
5.6061842896419 4.19232761859894 5.09692931175232 2.98045325279236
6.17033620525356 4.19232761859894 5.45877146720886 3.19607335329056
6.79125888819023 4.19232761859894 5.92801296710968 3.50949883460999
7.47466519687438 4.19232761859894 6.52353811264038 3.71833920478821
8.22684287629239 4.19232761859894 6.55568361282349 4.01067352294922
9.05471240899251 4.19232761859894 6.56248044967651 4.33990025520325
9.96589068764523 4.19232761859894 6.56248044967651 4.60250067710876
10.9687610949915 4.19232761859894 6.56248044967651 4.98654532432556
12.072550635956 4.19232761859894 6.56248044967651 5.35077834129333
13.2874148315868 4.19232761859894 6.56248044967651 5.65004706382751
14.6245311558961 4.19232761859894 6.56248044967651 6.00271320343018
16.0962018752773 4.19232761859894 6.56248044967651 6.00271320343018
17.7159672366814 4.19232761859894 6.56248044967651 6.29945802688599
19.4987300459514 4.19232761859894 6.56248044967651 6.99961692094803
21.4808800919766 4.19232761859894 6.56248044967651 7.69583958387375
23.6425071500281 4.19232761859894 6.56248044967651 8.65802645683289
26.0216593522121 4.19232761859894 6.56248044967651 9.60063648223877
28.6402263154973 4.19232761859894 6.56248044967651 10.2525713443756
31.5223004152183 4.19232761859894 6.56248044967651 10.8908815383911
34.6943984492749 4.19232761859894 6.56248044967651 11.542816400528
38.1857056084627 4.19232761859894 6.56248044967651 11.542816400528
42.0283439976073 4.19232761859894 6.56248044967651 11.542816400528
46.2576681780564 4.19232761859894 6.56248044967651 11.542816400528
50.9125904506965 4.19232761859894 6.56248044967651 11.542816400528
56.0359388722924 4.19232761859894 6.56248044967651 11.542816400528
61.674851299112 4.19232761859894 6.56248044967651 11.542816400528
67.8812090832727 4.19232761859894 6.56248044967651 11.542816400528
74.7121144120754 4.19232761859894 6.56248044967651 13.4233090281487
82.2304156821292 4.19232761859894 6.56248044967651 16.5980036258698
90.5052857420251 4.19232761859894 6.56248044967651 16.5980036258698
99.7056313992196 4.19232761859894 7.60130500793457 18.3718206882477
109.739037374665 4.19232761859894 7.60130500793457 18.3718206882477
120.782107840023 4.19232761859894 7.60130500793457 19.4756996631622
132.936445619368 4.19232761859894 7.60130500793457 19.4756996631622
146.313877857786 4.19232761859894 7.60130500793457 19.4756996631622
161.037484897703 4.19232761859894 7.60130500793457 19.4756996631622
177.242732691319 4.19232761859894 7.60130500793457 19.4756996631622
195.078719168039 4.19232761859894 7.60130500793457 19.4756996631622
214.709546024206 4.19232761859894 7.60130500793457 19.4756996631622
214.909512828253 4.19232761859894 7.60130500793457 19.4756996631622
