0.0194894644874591 0.586059033870697 0.00818073749542236 0.000938475131988525
0.0195076157341004 0.586059033870697 0.00818073749542236 0.000938475131988525
0.0214706726399789 0.586059033870697 0.00818073749542236 0.000938475131988525
0.0236312725192399 0.586059033870697 0.00818073749542236 0.000938475131988525
0.0260092941773403 0.586059033870697 0.00818073749542236 0.000938475131988525
0.02862661682957 0.586059033870697 0.00818073749542236 0.000938475131988525
0.0315073214028609 0.586059033870697 0.0168464183807373 0.00339078903198242
0.0346779120946542 0.586059033870697 0.0168464183807373 0.00339078903198242
0.0381675602272991 0.586059033870697 0.0168464183807373 0.00339078903198242
0.0420083726415892 0.586059033870697 0.0168464183807373 0.00339078903198242
0.0462787480746938 0.586059033870697 0.0308321714401245 0.00787544250488281
0.0509357916233132 0.586059033870697 0.0308321714401245 0.00787544250488281
0.056061474785492 0.586059033870697 0.0308321714401245 0.00787544250488281
0.0617029568985016 0.586059033870697 0.0308321714401245 0.00787544250488281
0.0679121429571029 0.651752918958664 0.0308321714401245 0.0236267745494843
0.0747461611704054 0.768446087837219 0.0468961745500565 0.0236267745494843
0.0822678885754094 0.967256665229797 0.0468961745500565 0.0236267745494843
0.0905465295431877 1.00701880455017 0.0468961745500565 0.0307335257530212
0.0996582525003081 1.9137766957283 0.0669222474098206 0.0307335257530212
0.109686890723714 2.30101633071899 0.0959651470184326 0.0446771383285522
0.120724713656792 2.30101633071899 0.0966905951499939 0.0497263967990875
0.132873275843195 2.74790793657303 0.100370198488235 0.0615969896316528
0.146244351289115 2.74790793657303 0.136569026857615 0.0661855936050415
0.160960961850701 2.74790793657303 0.162725016474724 0.0664555430412292
0.177158509108387 2.74790793657303 0.171488344669342 0.0816284120082855
0.194986020142061 2.80583125352859 0.209219932556152 0.0937585234642029
0.214807390451206 3.0089550614357 0.224171191453934 0.10322642326355
0.23642351909587 3.39448344707489 0.241442326456308 0.116237252950668
0.260214884898814 3.51117664575577 0.281288132071495 0.126631110906601
0.286400382592417 3.51117664575577 0.288144528865814 0.139204904437065
0.315220934348083 3.7056565284729 0.339982464909554 0.158747255802155
0.346941706403675 3.7056565284729 0.364155903458595 0.172091901302338
0.381854548750803 3.7056565284729 0.421457707881927 0.192351967096329
0.420280680328535 3.70566511154175 0.456036705523729 0.210569009184837
0.462573644428912 3.84656143188477 0.49569185404107 0.230836659669876
0.509122561505755 3.93300080299377 0.557441841810942 0.260167255997658
0.560355709314554 3.93300080299377 0.618976548314095 0.284945964813232
0.616744463322841 4.19232761859894 0.674137488007545 0.312211021780968
0.678807633645181 4.19232761859894 0.754246667027473 0.348932504653931
0.74711623840516 4.19232761859894 0.837120771408081 0.384072363376617
0.822298757442146 4.19232761859894 0.924960181117058 0.417243123054504
0.90504691470005 4.19232761859894 1.01192674040794 0.455008983612061
0.997049767162749 4.19232761859894 1.11834068596363 0.504350870847702
1.0973831681079 4.19232761859894 1.24536001682281 0.551898926496506
1.207813147656 4.19232761859894 1.35059691593051 0.610829055309296
1.32935572737641 4.19232761859894 1.50437980890274 0.671466767787933
1.46312917137724 4.19232761859894 1.64444822072983 0.736843526363373
1.61036427500108 4.19232761859894 1.79634062945843 0.813854813575745
1.77241568887504 4.19232761859894 1.96637988090515 0.904673635959625
1.95077438250316 4.19232761859894 2.1808140873909 0.995972812175751
2.14708136207369 4.19232761859894 2.3727331161499 1.09350556135178
2.36314276869316 4.19232761859894 2.6140758395195 1.19613099098206
2.60094649596008 4.19232761859894 2.78516757488251 1.30321550369263
2.86268047976978 4.19232761859894 3.07490372657776 1.43431091308594
3.15075282862747 4.19232761859894 3.31952750682831 1.56489515304565
3.46781397968047 4.19232761859894 3.58254837989807 1.70135247707367
3.81678108431816 4.19232761859894 3.86935830116272 1.945720911026
4.2008648477019 4.19232761859894 4.3103723526001 2.10994184017181
4.62790519502682 4.19232761859894 4.55510103702545 2.32133114337921
5.09361260779729 4.19232761859894 4.82967185974121 2.56928312778473
5.6061842896419 4.19232761859894 5.20864319801331 2.7269594669342
6.17033620525356 4.19232761859894 5.55175745487213 2.98434793949127
6.79125888819023 4.19232761859894 6.13919031620026 3.22653090953827
7.47466519687438 4.19232761859894 6.64762091636658 3.41078913211823
8.22684287629239 4.19232761859894 6.65530014038086 3.71870672702789
9.05471240899251 4.19232761859894 6.68567132949829 4.06990468502045
9.96589068764523 4.19232761859894 6.68567132949829 4.58175134658813
10.9687610949915 4.19232761859894 6.68567132949829 5.16943120956421
12.072550635956 4.19232761859894 6.68567132949829 5.4857177734375
13.2874148315868 4.19232761859894 6.68567132949829 6.2421088218689
14.6245311558961 4.19232761859894 6.68567132949829 6.55871820449829
16.0962018752773 4.19232761859894 6.68567132949829 6.9294548034668
17.7159672366814 4.19232761859894 6.68567132949829 6.9294548034668
19.4987300459514 4.19232761859894 6.68567132949829 6.9294548034668
21.4808800919766 4.19232761859894 6.68567132949829 8.9725307226181
23.6425071500281 4.19232761859894 6.68567132949829 8.9725307226181
26.0216593522121 4.19232761859894 6.68567132949829 10.1787300109863
28.6402263154973 4.19232761859894 6.68567132949829 11.4424442052841
31.5223004152183 4.19232761859894 6.68567132949829 12.6486434936523
34.6943984492749 4.19232761859894 6.68567132949829 12.6486434936523
38.1857056084627 4.19232761859894 6.68567132949829 12.6486434936523
42.0283439976073 4.19232761859894 6.68567132949829 15.8652067184448
46.2576681780564 4.19232761859894 6.68567132949829 18.3351202011108
50.9125904506965 4.19232761859894 6.68567132949829 18.3351202011108
56.0359388722924 4.19232761859894 6.68567132949829 18.3351202011108
61.674851299112 4.19232761859894 6.86774253845215 18.3351202011108
67.8812090832727 4.19232761859894 6.86774253845215 18.3351202011108
74.7121144120754 4.19232761859894 6.86774253845215 18.8115188479424
82.2304156821292 4.19232761859894 6.86774253845215 29.6902055740356
90.5052857420251 4.19232761859894 6.9045729637146 29.6902055740356
99.7056313992196 4.19232761859894 7.60174369812012 35.0342893600464
109.739037374665 4.19232761859894 7.60174369812012 35.0342893600464
120.782107840023 4.19232761859894 7.60174369812012 39.6306076049805
132.936445619368 4.19232761859894 7.82064533233643 43.0639743804932
146.313877857786 4.19232761859894 7.82064533233643 43.0639743804932
161.037484897703 4.19232761859894 7.82064533233643 43.2335739135742
177.242732691319 4.19232761859894 7.82064533233643 43.2335739135742
195.078719168039 4.19232761859894 7.82064533233643 61.5686941146851
214.709546024206 4.19232761859894 7.97992086410522 69.5983791351318
214.909512828253 4.19232761859894 7.97992086410522 69.5983791351318
