0.0194894644874591 0.586059033870697 0.00745457410812378 0.000360965728759766
0.0195076157341004 0.586059033870697 0.00745457410812378 0.000360965728759766
0.0214706726399789 0.586059033870697 0.00745457410812378 0.000360965728759766
0.0236312725192399 0.586059033870697 0.00745457410812378 0.000360965728759766
0.0260092941773403 0.586059033870697 0.00745457410812378 0.000360965728759766
0.02862661682957 0.586059033870697 0.00745457410812378 0.000360965728759766
0.0315073214028609 0.586059033870697 0.0159763097763062 0.00356841087341309
0.0346779120946542 0.586059033870697 0.0159763097763062 0.00356841087341309
0.0381675602272991 0.586059033870697 0.0159763097763062 0.00356841087341309
0.0420083726415892 0.586059033870697 0.0159763097763062 0.00356841087341309
0.0462787480746938 0.586059033870697 0.0299953520298004 0.0112459659576416
0.0509357916233132 0.586059033870697 0.0299953520298004 0.0112459659576416
0.056061474785492 0.586059033870697 0.0299953520298004 0.0112459659576416
0.0617029568985016 0.586059033870697 0.0299953520298004 0.0112459659576416
0.0679121429571029 0.651752918958664 0.0299953520298004 0.024518221616745
0.0747461611704054 0.768446087837219 0.0485557466745377 0.0353065729141235
0.0822678885754094 0.967256665229797 0.0485557466745377 0.0440691709518433
0.0905465295431877 1.00701880455017 0.0485557466745377 0.0441557765007019
0.0996582525003081 1.9137766957283 0.0676354169845581 0.0502427220344543
0.109686890723714 2.30101633071899 0.0943793058395386 0.0502427220344543
0.120724713656792 2.30101633071899 0.0964313745498657 0.0652371644973755
0.132873275843195 2.74790793657303 0.100288569927216 0.0652371644973755
0.146244351289115 2.74790793657303 0.135319830849767 0.0787020325660706
0.160960961850701 2.74790793657303 0.160537227988243 0.0888444781303406
0.177158509108387 2.74790793657303 0.168830573558807 0.0986331701278687
0.194986020142061 2.80583125352859 0.20960807800293 0.114759683609009
0.214807390451206 3.0089550614357 0.222856402397156 0.123512387275696
0.23642351909587 3.39448344707489 0.235789957456291 0.140522003173828
0.260214884898814 3.51117664575577 0.279923483729362 0.15602719783783
0.286400382592417 3.51117664575577 0.284359693527222 0.172783851623535
0.315220934348083 3.7056565284729 0.337351158261299 0.187687695026398
0.346941706403675 3.7056565284729 0.361058250069618 0.214015126228333
0.381854548750803 3.7056565284729 0.416717886924744 0.240050196647644
0.420280680328535 3.70566511154175 0.453477429226041 0.267644643783569
0.462573644428912 3.84656143188477 0.496014940552413 0.293311968445778
0.509122561505755 3.93300080299377 0.552184026688337 0.318884551525116
0.560355709314554 3.93300080299377 0.613824740052223 0.355440646409988
0.616744463322841 4.19232761859894 0.672452732920647 0.394145131111145
0.678807633645181 4.19232761859894 0.74976073205471 0.426281958818436
0.74711623840516 4.19232761859894 0.830639541149139 0.477663815021515
0.822298757442146 4.19232761859894 0.918608844280243 0.530596971511841
0.90504691470005 4.19232761859894 1.00847339630127 0.589467525482178
0.997049767162749 4.19232761859894 1.11310343444347 0.655198514461517
1.0973831681079 4.19232761859894 1.234046459198 0.712606489658356
1.207813147656 4.19232761859894 1.33634290099144 0.782673358917236
1.32935572737641 4.19232761859894 1.49959850311279 0.868179202079773
1.46312917137724 4.19232761859894 1.63260519504547 0.958878040313721
1.61036427500108 4.19232761859894 1.7775988727808 1.02330124378204
1.77241568887504 4.19232761859894 1.96184176206589 1.13736712932587
1.95077438250316 4.19232761859894 2.17245233058929 1.28491595387459
2.14708136207369 4.19232761859894 2.36610150337219 1.37214767932892
2.36314276869316 4.19232761859894 2.60904657840729 1.53235721588135
2.60094649596008 4.19232761859894 2.76354312896729 1.6855800151825
2.86268047976978 4.19232761859894 3.06089985370636 1.85566997528076
3.15075282862747 4.19232761859894 3.30156600475311 2.0469554066658
3.46781397968047 4.19232761859894 3.56639325618744 2.26507604122162
3.81678108431816 4.19232761859894 3.86132383346558 2.46722221374512
4.2008648477019 4.19232761859894 4.3125684261322 2.709656894207
4.62790519502682 4.19232761859894 4.51856362819672 2.9555743932724
5.09361260779729 4.19232761859894 4.8243864774704 3.18446266651154
5.6061842896419 4.19232761859894 5.20350003242493 3.43839657306671
6.17033620525356 4.19232761859894 5.55566668510437 3.6927877664566
6.79125888819023 4.19232761859894 6.13211905956268 3.94218814373016
7.47466519687438 4.19232761859894 6.63007950782776 4.20293354988098
8.22684287629239 4.19232761859894 6.64524078369141 4.63818728923798
9.05471240899251 4.19232761859894 6.64524078369141 5.13196063041687
9.96589068764523 4.19232761859894 6.64524078369141 5.34549045562744
10.9687610949915 4.19232761859894 6.64524078369141 5.34549045562744
12.072550635956 4.19232761859894 6.64524078369141 5.34549045562744
13.2874148315868 4.19232761859894 6.64524078369141 5.70891141891479
14.6245311558961 4.19232761859894 6.64524078369141 6.49256265163422
16.0962018752773 4.19232761859894 6.64524078369141 6.8934006690979
17.7159672366814 4.19232761859894 6.64524078369141 6.8934006690979
19.4987300459514 4.19232761859894 6.64524078369141 6.8934006690979
21.4808800919766 4.19232761859894 6.64524078369141 6.8934006690979
23.6425071500281 4.19232761859894 6.64524078369141 7.95207929611206
26.0216593522121 4.19232761859894 6.64524078369141 7.95207929611206
28.6402263154973 4.19232761859894 6.64524078369141 10.3434948921204
31.5223004152183 4.19232761859894 6.64524078369141 11.7053549289703
34.6943984492749 4.19232761859894 6.64524078369141 13.4351477026939
38.1857056084627 4.19232761859894 6.64524078369141 14.84547996521
42.0283439976073 4.19232761859894 6.64524078369141 14.84547996521
46.2576681780564 4.19232761859894 6.64524078369141 14.84547996521
50.9125904506965 4.19232761859894 6.64524078369141 14.84547996521
56.0359388722924 4.19232761859894 6.64524078369141 14.84547996521
61.674851299112 4.19232761859894 6.64524078369141 17.9978017807007
67.8812090832727 4.19232761859894 6.64524078369141 20.7087616920471
74.7121144120754 4.19232761859894 6.64524078369141 24.4620373249054
82.2304156821292 4.19232761859894 6.64524078369141 27.602162361145
90.5052857420251 4.19232761859894 6.64524078369141 30.831825107336
99.7056313992196 4.19232761859894 7.45439720153809 32.8432817459106
109.739037374665 4.19232761859894 7.45439720153809 32.8432817459106
120.782107840023 4.19232761859894 7.45439720153809 37.7620506286621
132.936445619368 4.19232761859894 7.45439720153809 37.7620506286621
146.313877857786 4.19232761859894 7.45439720153809 37.7620506286621
161.037484897703 4.19232761859894 7.45439720153809 50.5187330245972
177.242732691319 4.19232761859894 7.45439720153809 50.5187330245972
195.078719168039 4.19232761859894 7.46360635757446 65.3642129898071
214.709546024206 4.19232761859894 7.46360635757446 65.3642129898071
214.909512828253 4.19232761859894 7.46360635757446 65.3642129898071
