0.0194894644874591 0.586059033870697 0.00681531429290771 0.000747621059417725
0.0195076157341004 0.586059033870697 0.00681531429290771 0.000747621059417725
0.0214706726399789 0.586059033870697 0.00681531429290771 0.000747621059417725
0.0236312725192399 0.586059033870697 0.00681531429290771 0.000747621059417725
0.0260092941773403 0.586059033870697 0.00681531429290771 0.000747621059417725
0.02862661682957 0.586059033870697 0.00681531429290771 0.000747621059417725
0.0315073214028609 0.586059033870697 0.0151441693305969 0.00311921536922455
0.0346779120946542 0.586059033870697 0.0151441693305969 0.00311921536922455
0.0381675602272991 0.586059033870697 0.0151441693305969 0.00311921536922455
0.0420083726415892 0.586059033870697 0.0151441693305969 0.00311921536922455
0.0462787480746938 0.586059033870697 0.0294367671012878 0.0128969252109528
0.0509357916233132 0.586059033870697 0.0294367671012878 0.0128969252109528
0.056061474785492 0.586059033870697 0.0294367671012878 0.0128969252109528
0.0617029568985016 0.586059033870697 0.0294367671012878 0.0128969252109528
0.0679121429571029 0.651752918958664 0.0294367671012878 0.0166141763329506
0.0747461611704054 0.768446087837219 0.0539336204528809 0.0247909128665924
0.0822678885754094 0.967256665229797 0.0539336204528809 0.0249551236629486
0.0905465295431877 1.00701880455017 0.0539336204528809 0.0304273962974548
0.0996582525003081 1.9137766957283 0.0722911357879639 0.0471352338790894
0.109686890723714 2.30101633071899 0.0982162952423096 0.0485422313213348
0.120724713656792 2.30101633071899 0.100007295608521 0.0594253540039062
0.132873275843195 2.74790793657303 0.103209257125854 0.0622467175126076
0.146244351289115 2.74790793657303 0.138752931728959 0.0649081468582153
0.160960961850701 2.74790793657303 0.164547204971313 0.0698944628238678
0.177158509108387 2.74790793657303 0.172204517759383 0.0893328487873077
0.194986020142061 2.80583125352859 0.220189809799194 0.0959303826093674
0.214807390451206 3.0089550614357 0.229444555938244 0.108455300331116
0.23642351909587 3.39448344707489 0.24025297164917 0.124748721718788
0.260214884898814 3.51117664575577 0.288619123399258 0.130786389112473
0.286400382592417 3.51117664575577 0.294650822877884 0.147900715470314
0.315220934348083 3.7056565284729 0.348255775868893 0.175343036651611
0.346941706403675 3.7056565284729 0.374634616076946 0.187183380126953
0.381854548750803 3.7056565284729 0.428411543369293 0.203629553318024
0.420280680328535 3.70566511154175 0.467581445351243 0.221104264259338
0.462573644428912 3.84656143188477 0.516305923461914 0.256792336702347
0.509122561505755 3.93300080299377 0.568794943392277 0.276442341506481
0.560355709314554 3.93300080299377 0.635493814945221 0.307113379240036
0.616744463322841 4.19232761859894 0.708700090646744 0.328687280416489
0.678807633645181 4.19232761859894 0.778438247740269 0.364532724022865
0.74711623840516 4.19232761859894 0.858960121870041 0.401046484708786
0.822298757442146 4.19232761859894 0.952899277210236 0.446730986237526
0.90504691470005 4.19232761859894 1.04393222928047 0.49100536853075
0.997049767162749 4.19232761859894 1.15251863747835 0.551544964313507
1.0973831681079 4.19232761859894 1.271130412817 0.596182569861412
1.207813147656 4.19232761859894 1.38674375414848 0.642051964998245
1.32935572737641 4.19232761859894 1.55453360080719 0.727681219577789
1.46312917137724 4.19232761859894 1.69208583794534 0.778680443763733
1.61036427500108 4.19232761859894 1.83323112130165 0.851059585809708
1.77241568887504 4.19232761859894 2.04551014304161 0.92869234085083
1.95077438250316 4.19232761859894 2.25787258148193 1.05228233337402
2.14708136207369 4.19232761859894 2.45284855365753 1.11723053827882
2.36314276869316 4.19232761859894 2.71205770969391 1.22336427867413
2.60094649596008 4.19232761859894 2.87812066078186 1.3793343603611
2.86268047976978 4.19232761859894 3.14846837520599 1.46478816866875
3.15075282862747 4.19232761859894 3.42619049549103 1.64704632759094
3.46781397968047 4.19232761859894 3.68523943424225 1.75893437862396
3.81678108431816 4.19232761859894 3.97677481174469 1.87934499979019
4.2008648477019 4.19232761859894 4.43376111984253 2.05226337909698
4.62790519502682 4.19232761859894 4.59813833236694 2.20964086055756
5.09361260779729 4.19232761859894 4.9142050743103 2.38250029087067
5.6061842896419 4.19232761859894 5.30831146240234 2.52352249622345
6.17033620525356 4.19232761859894 5.67363572120667 2.77384424209595
6.79125888819023 4.19232761859894 6.20869326591492 3.02945253252983
7.47466519687438 4.19232761859894 6.69929242134094 3.25629723072052
8.22684287629239 4.19232761859894 6.69989442825317 3.49016964435577
9.05471240899251 4.19232761859894 6.69989442825317 3.88877245783806
9.96589068764523 4.19232761859894 6.69989442825317 4.2731157541275
10.9687610949915 4.19232761859894 6.69989442825317 4.60376104712486
12.072550635956 4.19232761859894 6.69989442825317 5.01860558986664
13.2874148315868 4.19232761859894 6.69989442825317 5.2636342048645
14.6245311558961 4.19232761859894 6.69989442825317 5.68469655513763
16.0962018752773 4.19232761859894 6.69989442825317 6.19600829482079
17.7159672366814 4.19232761859894 6.69989442825317 6.67253530025482
19.4987300459514 4.19232761859894 6.69989442825317 7.32065665721893
21.4808800919766 4.19232761859894 6.69989442825317 8.01837918162346
23.6425071500281 4.19232761859894 6.69989442825317 8.74075517058372
26.0216593522121 4.19232761859894 6.69989442825317 9.37418794631958
28.6402263154973 4.19232761859894 6.69989442825317 10.2803009748459
31.5223004152183 4.19232761859894 6.69989442825317 11.21564245224
34.6943984492749 4.19232761859894 6.69989442825317 12.3899236917496
38.1857056084627 4.19232761859894 6.69989442825317 13.0900222063065
42.0283439976073 4.19232761859894 6.69989442825317 14.2785472869873
46.2576681780564 4.19232761859894 6.69989442825317 16.1002149581909
50.9125904506965 4.19232761859894 6.69989442825317 17.1757402420044
56.0359388722924 4.19232761859894 6.69989442825317 19.7367997169495
61.674851299112 4.19232761859894 6.69989442825317 22.1312639713287
67.8812090832727 4.19232761859894 6.69989442825317 23.8554966449738
74.7121144120754 4.19232761859894 6.69989442825317 26.549928188324
82.2304156821292 4.19232761859894 6.69989442825317 27.0752295553684
90.5052857420251 4.19232761859894 6.69989442825317 28.2294579744339
99.7056313992196 4.19232761859894 7.47761726379395 28.2294579744339
109.739037374665 4.19232761859894 7.47761726379395 28.2294579744339
120.782107840023 4.19232761859894 7.47761726379395 28.2294579744339
132.936445619368 4.19232761859894 7.47761726379395 28.2294579744339
146.313877857786 4.19232761859894 7.47761726379395 28.2294579744339
161.037484897703 4.19232761859894 7.47761726379395 37.0488786697388
177.242732691319 4.19232761859894 7.47761726379395 37.0488786697388
195.078719168039 4.19232761859894 7.47761726379395 47.7601720094681
214.709546024206 4.19232761859894 7.47761726379395 47.7601720094681
214.909512828253 4.19232761859894 7.47761726379395 47.7601720094681
