0.0194894644874591 0.586059033870697 0.00751262903213501 0.00302910804748535
0.0195076157341004 0.586059033870697 0.00751262903213501 0.00302910804748535
0.0214706726399789 0.586059033870697 0.00751262903213501 0.00302910804748535
0.0236312725192399 0.586059033870697 0.00751262903213501 0.00302910804748535
0.0260092941773403 0.586059033870697 0.00751262903213501 0.00302910804748535
0.02862661682957 0.586059033870697 0.00751262903213501 0.00302910804748535
0.0315073214028609 0.586059033870697 0.0160141289234161 0.00565899908542633
0.0346779120946542 0.586059033870697 0.0160141289234161 0.00565899908542633
0.0381675602272991 0.586059033870697 0.0160141289234161 0.00565899908542633
0.0420083726415892 0.586059033870697 0.0160141289234161 0.00565899908542633
0.0462787480746938 0.586059033870697 0.0160141289234161 0.00565899908542633
0.0509357916233132 0.586059033870697 0.0160141289234161 0.00565899908542633
0.056061474785492 0.586059033870697 0.0160141289234161 0.00565899908542633
0.0617029568985016 0.586059033870697 0.0160141289234161 0.00565899908542633
0.0679121429571029 0.586059033870697 0.0253046751022339 0.00565899908542633
0.0747461611704054 0.768446087837219 0.048185408115387 0.024281308054924
0.0822678885754094 0.967256665229797 0.048185408115387 0.0264513790607452
0.0905465295431877 1.00701880455017 0.048185408115387 0.0345660448074341
0.0996582525003081 1.9137766957283 0.0482488870620728 0.0345660448074341
0.109686890723714 1.9137766957283 0.0942834615707397 0.0399208962917328
0.120724713656792 1.9137766957283 0.0961152911186218 0.0506533980369568
0.132873275843195 2.74790793657303 0.0961152911186218 0.0653594732284546
0.146244351289115 2.74790793657303 0.125701546669006 0.0702399611473083
0.160960961850701 2.74790793657303 0.131620168685913 0.0703930705785751
0.177158509108387 2.74790793657303 0.164888301398605 0.0852057337760925
0.194986020142061 2.80583125352859 0.208629846572876 0.0960638672113419
0.214807390451206 2.80583125352859 0.210991404950619 0.110247254371643
0.23642351909587 3.39448344707489 0.235879593528807 0.121931850910187
0.260214884898814 3.51117664575577 0.279273055493832 0.135532677173615
0.286400382592417 3.51117664575577 0.283019542694092 0.151372030377388
0.315220934348083 3.56563341617584 0.326931528747082 0.168585389852524
0.346941706403675 3.56563341617584 0.360205493867397 0.190319538116455
0.381854548750803 3.56563341617584 0.411139726638794 0.206533759832382
0.420280680328535 3.62527656555176 0.437812983989716 0.22989210486412
0.462573644428912 3.84656143188477 0.49441643897444 0.247332155704498
0.509122561505755 3.84656143188477 0.540832795202732 0.28298032283783
0.560355709314554 3.93300080299377 0.609442375600338 0.312250182032585
0.616744463322841 3.98659324645996 0.669605515897274 0.341217130422592
0.678807633645181 3.98659324645996 0.747873163316399 0.375102140009403
0.74711623840516 4.04104995727539 0.828858435153961 0.415620133280754
0.822298757442146 4.06265139579773 0.915809959173203 0.4567681401968
0.90504691470005 4.17070913314819 1.0058718919754 0.508737578988075
0.997049767162749 4.17070913314819 1.11026761680841 0.551711916923523
1.0973831681079 4.17070913314819 1.22062579542398 0.608762681484222
1.207813147656 4.17070913314819 1.33328715711832 0.68168930709362
1.32935572737641 4.17070913314819 1.49505507946014 0.747731611132622
1.46312917137724 4.17070913314819 1.62796676158905 0.821105226874352
1.61036427500108 4.19232761859894 1.75607246160507 0.896783858537674
1.77241568887504 4.19232761859894 1.93664571642876 0.990931436419487
1.95077438250316 4.19232761859894 2.16664183139801 1.0917364358902
2.14708136207369 4.19232761859894 2.3598780632019 1.18578231334686
2.36314276869316 4.19232761859894 2.60204261541367 1.31891572475433
2.60094649596008 4.19232761859894 2.75555914640427 1.46586374938488
2.86268047976978 4.19232761859894 3.05431985855103 1.6065808236599
3.15075282862747 4.19232761859894 3.29105734825134 1.75728397071362
3.46781397968047 4.19232761859894 3.55815768241882 1.94635497033596
3.81678108431816 4.19232761859894 3.85023379325867 2.15251223742962
4.2008648477019 4.19232761859894 4.29946446418762 2.3609030097723
4.62790519502682 4.19232761859894 4.43299031257629 2.56233429908752
5.09361260779729 4.19232761859894 4.81185102462769 2.85281664133072
5.6061842896419 4.19232761859894 5.19447875022888 3.05667746067047
6.17033620525356 4.19232761859894 5.54284286499023 3.33263754844666
6.79125888819023 4.19232761859894 6.0093035697937 3.55906265974045
7.47466519687438 4.19232761859894 6.61863708496094 3.95456200838089
8.22684287629239 4.19232761859894 6.63328814506531 4.38079029321671
9.05471240899251 4.19232761859894 6.63328814506531 4.84683778136969
9.96589068764523 4.19232761859894 6.63328814506531 5.28700816631317
10.9687610949915 4.19232761859894 6.63328814506531 5.8049042224884
12.072550635956 4.19232761859894 6.63328814506531 6.11507821083069
13.2874148315868 4.19232761859894 6.63328814506531 6.55075144767761
14.6245311558961 4.19232761859894 6.63328814506531 7.26833367347717
16.0962018752773 4.19232761859894 6.63328814506531 7.43774223327637
17.7159672366814 4.19232761859894 6.63328814506531 7.98176348209381
19.4987300459514 4.19232761859894 6.63328814506531 8.5302460193634
21.4808800919766 4.19232761859894 6.63328814506531 9.07036900520325
23.6425071500281 4.19232761859894 6.63328814506531 10.3635022044182
26.0216593522121 4.19232761859894 6.63328814506531 11.1734455376863
28.6402263154973 4.19232761859894 6.63328814506531 12.2666227817535
31.5223004152183 4.19232761859894 6.63328814506531 13.3528778553009
34.6943984492749 4.19232761859894 6.63328814506531 14.2189949303865
38.1857056084627 4.19232761859894 6.63328814506531 15.5118143558502
42.0283439976073 4.19232761859894 6.63328814506531 15.7753105163574
46.2576681780564 4.19232761859894 6.63328814506531 17.2824697494507
50.9125904506965 4.19232761859894 6.63328814506531 19.9621868133545
56.0359388722924 4.19232761859894 6.63328814506531 21.1637516021729
61.674851299112 4.19232761859894 6.63328814506531 23.4622974395752
67.8812090832727 4.19232761859894 6.63328814506531 26.1153011322021
74.7121144120754 4.19232761859894 6.63328814506531 29.3189101219177
82.2304156821292 4.19232761859894 6.63328814506531 32.2216925024986
90.5052857420251 4.19232761859894 6.63328814506531 33.7570402622223
99.7056313992196 4.19232761859894 7.52472400665283 33.7570402622223
109.739037374665 4.19232761859894 7.52472400665283 33.7570402622223
120.782107840023 4.19232761859894 7.52472400665283 35.51606798172
132.936445619368 4.19232761859894 7.52472400665283 36.3227484226227
146.313877857786 4.19232761859894 7.52472400665283 36.3227484226227
161.037484897703 4.19232761859894 7.52472400665283 36.3227484226227
177.242732691319 4.19232761859894 7.52472400665283 36.3227484226227
195.078719168039 4.19232761859894 7.52472400665283 36.3227484226227
214.709546024206 4.19232761859894 7.52472400665283 36.3227484226227
214.909512828253 4.19232761859894 7.52472400665283 36.3227484226227
