0.0387145280838013 0.586059033870697 0.00776934623718262 0.000281810760498047
0.0387500300966981 0.586059033870697 0.00776934623718262 0.000281810760498047
0.0425866726076336 0.586059033870697 0.00776934623718262 0.000281810760498047
0.0468031812946723 0.586059033870697 0.00776934623718262 0.000281810760498047
0.0514371667278207 0.586059033870697 0.00776934623718262 0.000281810760498047
0.0565299633015929 0.586059033870697 0.00776934623718262 0.000281810760498047
0.0621269979310704 0.586059033870697 0.00776934623718262 0.000281810760498047
0.068278195252578 0.586059033870697 0.00776934623718262 0.000281810760498047
0.0750384229432996 0.586059033870697 0.0163275897502899 0.00205844640731812
0.0824679811320132 0.586059033870697 0.0163275897502899 0.00205844640731812
0.0907162527069789 0.586059033870697 0.0163275897502899 0.00205844640731812
0.0996980736423392 0.586059033870697 0.0163275897502899 0.00205844640731812
0.109569185139287 0.586059033870697 0.0163275897502899 0.00205844640731812
0.120417635902936 0.586059033870697 0.0163275897502899 0.00205844640731812
0.132340192345309 0.586059033870697 0.0163275897502899 0.00205844640731812
0.145443201725957 0.586059033870697 0.0163275897502899 0.00205844640731812
0.159843540752169 0.967256665229797 0.0481021404266357 0.0138987600803375
0.175669658100152 0.967256665229797 0.0486324429512024 0.030825138092041
0.193062720156276 0.967256665229797 0.0805292129516602 0.030825138092041
0.212177870198225 1.85931992530823 0.0863342881202698 0.0381515026092529
0.233185612247737 1.9137766957283 0.0863342881202698 0.04933100938797
0.25627333193868 1.9137766957283 0.0980715751647949 0.04933100938797
0.281646967966354 2.74790793657303 0.14114785194397 0.04933100938797
0.309532849027073 2.74790793657303 0.151785731315613 0.0616378486156464
0.340179712633237 2.74790793657303 0.179400086402893 0.0737967491149902
0.373860923811385 2.74790793657303 0.203433275222778 0.0777987241744995
0.411253695994416 3.10663169622421 0.241882622241974 0.0932833552360535
0.451971945990459 3.10663169622421 0.286621928215027 0.0936752557754517
0.496721712052834 3.12219077348709 0.286621928215027 0.106557190418243
0.54590215479858 3.56563341617584 0.33191454410553 0.11972913146019
0.599951955758347 3.56563341617584 0.37604820728302 0.129211395978928
0.659353230344131 3.56563341617584 0.421273231506348 0.1478371322155
0.724635828240139 3.56563341617584 0.421273231506348 0.166499495506287
0.796382059575582 3.56563341617584 0.490446746349335 0.188822567462921
0.875231889036086 3.84656143188477 0.518001824617386 0.196787744760513
0.961888644244345 3.84656143188477 0.625827014446259 0.208747416734695
1.05712528932784 3.84656143188477 0.656654715538025 0.228373557329178
1.16179131963283 3.84656143188477 0.734348595142365 0.250994026660919
1.27682033908432 3.98659324645996 0.796707928180695 0.287772983312607
1.4032383877809 4.04104137420654 0.916655838489532 0.309614837169647
1.54217309410505 4.04104995727539 0.989526450634003 0.344630002975464
1.69486373298454 4.17070913314819 1.10750252008438 0.379776239395142
1.86438038854372 4.17070913314819 1.23262161016464 0.421753644943237
2.0489727885339 4.17070913314819 1.30188131332397 0.466022819280624
2.25184169172242 4.17070913314819 1.44269371032715 0.498885869979858
2.4747966556489 4.17070913314819 1.61222465336323 0.556509733200073
2.7198264022398 4.17070913314819 1.76670271530747 0.604818373918533
2.98911655688376 4.19232761859894 1.98844230175018 0.66226302087307
3.28506914385371 4.19232761859894 2.14017689228058 0.733969926834106
3.61032401197175 4.19232761859894 2.41586542129517 0.849947869777679
3.96778238163021 4.19232761859894 2.60825979709625 0.891997784376144
4.36063272320454 4.19232761859894 2.86235690489411 0.994097590446472
4.79237919768918 4.19232761859894 3.14330661296844 1.09538213908672
5.2668729132423 4.19232761859894 3.57289219275117 1.21652579307556
5.78834627644265 4.19232761859894 3.80738013982773 1.32798993587494
6.36145074466621 4.19232761859894 4.03351247310638 1.4517719745636
6.99129831632754 4.19232761859894 4.4684886932373 1.62426650524139
7.68350712907217 4.19232761859894 4.92172086238861 1.76826351881027
8.45199512379247 4.19232761859894 5.2939864397049 1.93738982081413
9.28882760400582 4.19232761859894 5.5072455406189 2.15863132476807
10.2085149119472 4.19232761859894 6.07107198238373 2.32464098930359
11.2192605084528 4.19232761859894 6.55024027824402 2.53971719741821
12.330080079446 4.19232761859894 6.61941361427307 2.83995127677917
13.5508819543863 4.19232761859894 6.63807654380798 3.12831282615662
14.8925554869521 4.19232761859894 6.64654970169067 3.43439421057701
16.3670681863003 4.19232761859894 6.64654970169067 3.72749137878418
17.9875724652967 4.19232761859894 6.65556049346924 4.06902293860912
19.7685229578944 4.19232761859894 6.65556049346924 4.54426670074463
21.7258054521118 4.19232761859894 6.65556049346924 4.8222821354866
23.8768785886714 4.19232761859894 6.65556049346924 5.42373085021973
26.2409295892292 4.19232761859894 6.65556049346924 5.97692805528641
28.8390454032626 4.19232761859894 6.65556049346924 6.62130784988403
31.6944008002223 4.19232761859894 6.65556049346924 7.14606136083603
34.8324650846968 4.19232761859894 6.65556049346924 7.8735773563385
38.3163339475004 4.19232761859894 6.65556049346924 8.69719067215919
42.1100361799719 4.19232761859894 6.65556049346924 9.5676646232605
46.2793530693252 4.19232761859894 6.65556049346924 10.5855934619904
50.8614742424258 4.19232761859894 6.65556049346924 11.6495976746082
55.8972714730444 4.19232761859894 6.65556049346924 12.6287531256676
61.4316632514152 4.19232761859894 6.65556049346924 13.4573316574097
67.5140154498445 4.19232761859894 6.65556049346924 14.5033931732178
74.1985816582434 4.19232761859894 6.65556049346924 15.8370084762573
81.5449871173038 4.19232761859894 6.65556049346924 19.2484903335571
89.6187605659235 4.19232761859894 6.65556049346924 20.1367201805115
98.4919187468734 4.19232761859894 6.65556049346924 22.6209344863892
108.243608784401 4.19232761859894 7.52630233764648 25.0062940120697
118.960814163673 4.19232761859894 7.52630233764648 27.6836488246918
130.739130609284 4.19232761859894 7.52630233764648 29.294340133667
143.683618783529 4.19232761859894 7.52630233764648 29.294340133667
157.909741410383 4.19232761859894 7.52630233764648 29.294340133667
173.703536936922 4.19232761859894 7.52630233764648 30.6156673431396
190.901933233621 4.19232761859894 7.52630233764648 31.6845197677612
209.803143649102 4.19232761859894 7.52630233764648 35.3973035812378
230.575763898515 4.19232761859894 7.57505893707275 38.3459558486938
253.405082367608 4.19232761859894 7.57505893707275 38.3459558486938
278.494732854913 4.19232761859894 7.57505893707275 38.3459558486938
306.068510952025 4.19232761859894 7.57505893707275 38.3459558486938
336.372370263797 4.19232761859894 7.57505893707275 38.3459558486938
369.676616274388 4.19232761859894 7.57505893707275 38.3459558486938
370.015617281199 4.19232761859894 7.57505893707275 38.3459558486938
