0.0387145280838013 0.586059033870697 0.00745457410812378 0.000360965728759766
0.0387500300966981 0.586059033870697 0.00745457410812378 0.000360965728759766
0.0425866726076336 0.586059033870697 0.00745457410812378 0.000360965728759766
0.0468031812946723 0.586059033870697 0.00745457410812378 0.000360965728759766
0.0514371667278207 0.586059033870697 0.00745457410812378 0.000360965728759766
0.0565299633015929 0.586059033870697 0.00745457410812378 0.000360965728759766
0.0621269979310704 0.586059033870697 0.00745457410812378 0.000360965728759766
0.068278195252578 0.586059033870697 0.00745457410812378 0.000360965728759766
0.0750384229432996 0.586059033870697 0.0159763097763062 0.00356841087341309
0.0824679811320132 0.586059033870697 0.0159763097763062 0.00356841087341309
0.0907162527069789 0.586059033870697 0.0159763097763062 0.00356841087341309
0.0996980736423392 0.586059033870697 0.0159763097763062 0.00356841087341309
0.109569185139287 0.586059033870697 0.0159763097763062 0.00356841087341309
0.120417635902936 0.586059033870697 0.0159763097763062 0.00356841087341309
0.132340192345309 0.586059033870697 0.0159763097763062 0.00356841087341309
0.145443201725957 0.586059033870697 0.0159763097763062 0.00356841087341309
0.159843540752169 0.967256665229797 0.0485557466745377 0.024518221616745
0.175669658100152 0.967256665229797 0.0485557466745377 0.0359383821487427
0.193062720156276 0.967256665229797 0.0795038789510727 0.0502427220344543
0.212177870198225 1.85931992530823 0.0859808325767517 0.0502427220344543
0.233185612247737 1.9137766957283 0.0859808325767517 0.0502427220344543
0.25627333193868 1.9137766957283 0.098088264465332 0.0611410140991211
0.281646967966354 2.74790793657303 0.140023335814476 0.0670575797557831
0.309532849027073 2.74790793657303 0.150352239608765 0.0712368488311768
0.340179712633237 2.74790793657303 0.179161548614502 0.0926504731178284
0.373860923811385 2.74790793657303 0.202432036399841 0.0926504731178284
0.411253695994416 3.10663169622421 0.239512369036674 0.112868309020996
0.451971945990459 3.10663169622421 0.284259974956512 0.119568467140198
0.496721712052834 3.12219077348709 0.284259974956512 0.127853512763977
0.54590215479858 3.56563341617584 0.329561650753021 0.158819973468781
0.599951955758347 3.56563341617584 0.373815417289734 0.16441011428833
0.659353230344131 3.56563341617584 0.418542578816414 0.174274146556854
0.724635828240139 3.56563341617584 0.418542578816414 0.209125757217407
0.796382059575582 3.56563341617584 0.486382067203522 0.222505331039429
0.875231889036086 3.84656143188477 0.51554411649704 0.251836776733398
0.961888644244345 3.84656143188477 0.622117936611176 0.282878398895264
1.05712528932784 3.84656143188477 0.654247179627419 0.30816113948822
1.16179131963283 3.84656143188477 0.730130553245544 0.342306971549988
1.27682033908432 3.98659324645996 0.792013883590698 0.379795908927917
1.4032383877809 4.04104137420654 0.910837292671204 0.415591478347778
1.54217309410505 4.04104995727539 0.98343700170517 0.464085340499878
1.69486373298454 4.17070913314819 1.09999084472656 0.512192606925964
1.86438038854372 4.17070913314819 1.22495472431183 0.574878036975861
2.0489727885339 4.17070913314819 1.29258225858212 0.627793073654175
2.25184169172242 4.17070913314819 1.43875998258591 0.680316269397736
2.4747966556489 4.17070913314819 1.60089460015297 0.760513842105865
2.7198264022398 4.17070913314819 1.75601323321462 0.837268836796284
2.98911655688376 4.19232761859894 1.97698730230331 0.933029353618622
3.28506914385371 4.19232761859894 2.12748025357723 1.03095859289169
3.61032401197175 4.19232761859894 2.40113615989685 1.1351934671402
3.96778238163021 4.19232761859894 2.59176528453827 1.25579968094826
4.36063272320454 4.19232761859894 2.84156315401196 1.3800156712532
4.79237919768918 4.19232761859894 3.12061715126038 1.51910352706909
5.2668729132423 4.19232761859894 3.54806821420789 1.68755877017975
5.78834627644265 4.19232761859894 3.78714156150818 1.81615424156189
6.36145074466621 4.19232761859894 4.01038932800293 2.0061594247818
6.99129831632754 4.19232761859894 4.44225929677486 2.20379674434662
7.68350712907217 4.19232761859894 4.89712089300156 2.43648374080658
8.45199512379247 4.19232761859894 5.26859444379807 2.62882852554321
9.28882760400582 4.19232761859894 5.4825427532196 2.83994519710541
10.2085149119472 4.19232761859894 6.05187594890594 3.0520806312561
11.2192605084528 4.19232761859894 6.53303217887878 3.42853283882141
12.330080079446 4.19232761859894 6.60861086845398 3.77203094959259
13.5508819543863 4.19232761859894 6.63007950782776 4.16298258304596
14.8925554869521 4.19232761859894 6.64524078369141 4.42760396003723
16.3670681863003 4.19232761859894 6.64524078369141 4.81553608179092
17.9875724652967 4.19232761859894 6.64524078369141 5.02852702140808
19.7685229578944 4.19232761859894 6.64524078369141 5.34549045562744
21.7258054521118 4.19232761859894 6.64524078369141 5.73544657230377
23.8768785886714 4.19232761859894 6.64524078369141 6.09178495407104
26.2409295892292 4.19232761859894 6.64524078369141 6.49256265163422
28.8390454032626 4.19232761859894 6.64524078369141 6.8934006690979
31.6944008002223 4.19232761859894 6.64524078369141 6.8934006690979
34.8324650846968 4.19232761859894 6.64524078369141 6.8934006690979
38.3163339475004 4.19232761859894 6.64524078369141 9.49998950958252
42.1100361799719 4.19232761859894 6.64524078369141 11.9040594100952
46.2793530693252 4.19232761859894 6.64524078369141 13.4938396215439
50.8614742424258 4.19232761859894 6.64524078369141 14.4783651828766
55.8972714730444 4.19232761859894 6.64524078369141 14.84547996521
61.4316632514152 4.19232761859894 6.64524078369141 14.84547996521
67.5140154498445 4.19232761859894 6.64524078369141 17.9978017807007
74.1985816582434 4.19232761859894 6.64524078369141 20.7087616920471
81.5449871173038 4.19232761859894 6.64524078369141 24.4620373249054
89.6187605659235 4.19232761859894 6.64524078369141 27.0735266208649
98.4919187468734 4.19232761859894 6.64524078369141 31.0801476836205
108.243608784401 4.19232761859894 7.45439720153809 32.8432817459106
118.960814163673 4.19232761859894 7.45439720153809 32.8432817459106
130.739130609284 4.19232761859894 7.45439720153809 32.8432817459106
143.683618783529 4.19232761859894 7.45439720153809 32.8432817459106
157.909741410383 4.19232761859894 7.45439720153809 32.8432817459106
173.703536936922 4.19232761859894 7.45439720153809 32.8432817459106
190.901933233621 4.19232761859894 7.45439720153809 32.8432817459106
209.803143649102 4.19232761859894 7.45439720153809 32.8432817459106
230.575763898515 4.19232761859894 7.45439720153809 32.8432817459106
253.405082367608 4.19232761859894 7.45439720153809 32.8432817459106
278.494732854913 4.19232761859894 7.45439720153809 32.8432817459106
306.068510952025 4.19232761859894 7.45439720153809 32.8432817459106
336.372370263797 4.19232761859894 7.45439720153809 32.8432817459106
369.676616274388 4.19232761859894 7.45439720153809 32.8432817459106
370.015617281199 4.19232761859894 7.45439720153809 32.8432817459106
