0.0387145280838013 0.586059033870697 0.00624197721481323 0.00637435913085938
0.0387500300966981 0.586059033870697 0.00624197721481323 0.00637435913085938
0.0425866726076336 0.586059033870697 0.00624197721481323 0.00637435913085938
0.0468031812946723 0.586059033870697 0.00624197721481323 0.00637435913085938
0.0514371667278207 0.586059033870697 0.00624197721481323 0.00637435913085938
0.0565299633015929 0.586059033870697 0.00624197721481323 0.00637435913085938
0.0621269979310704 0.586059033870697 0.00624197721481323 0.00637435913085938
0.068278195252578 0.586059033870697 0.00624197721481323 0.00637435913085938
0.0750384229432996 0.586059033870697 0.0144873261451721 0.0156979560852051
0.0824679811320132 0.586059033870697 0.0144873261451721 0.0156979560852051
0.0907162527069789 0.586059033870697 0.0144873261451721 0.0156979560852051
0.0996980736423392 0.586059033870697 0.0144873261451721 0.0156979560852051
0.109569185139287 0.586059033870697 0.0144873261451721 0.0156979560852051
0.120417635902936 0.586059033870697 0.0144873261451721 0.0156979560852051
0.132340192345309 0.586059033870697 0.0144873261451721 0.0156979560852051
0.145443201725957 0.586059033870697 0.0144873261451721 0.0156979560852051
0.159843540752169 0.967256665229797 0.0524656772613525 0.0296313166618347
0.175669658100152 0.967256665229797 0.0524656772613525 0.0300723910331726
0.193062720156276 0.967256665229797 0.0748555660247803 0.0451909303665161
0.212177870198225 1.85931992530823 0.0840705037117004 0.0551304817199707
0.233185612247737 1.9137766957283 0.0840705037117004 0.0551304817199707
0.25627333193868 1.9137766957283 0.103102684020996 0.0671849325299263
0.281646967966354 2.74790793657303 0.134965538978577 0.0755947232246399
0.309532849027073 2.74790793657303 0.143810153007507 0.0827713012695312
0.340179712633237 2.74790793657303 0.181576728820801 0.0893857479095459
0.373860923811385 2.74790793657303 0.196922123432159 0.110105097293854
0.411253695994416 3.10663169622421 0.228419065475464 0.124227941036224
0.451971945990459 3.10663169622421 0.27271968126297 0.129301428794861
0.496721712052834 3.12219077348709 0.27424493432045 0.140695333480835
0.54590215479858 3.56563341617584 0.317518800497055 0.15655243396759
0.599951955758347 3.56563341617584 0.364726781845093 0.177800953388214
0.659353230344131 3.56563341617584 0.403811249881983 0.195180058479309
0.724635828240139 3.56563341617584 0.410049736499786 0.21715259552002
0.796382059575582 3.56563341617584 0.466763556003571 0.234609067440033
0.875231889036086 3.84656143188477 0.510967135429382 0.264589995145798
0.961888644244345 3.84656143188477 0.60638615489006 0.287862107157707
1.05712528932784 3.84656143188477 0.651487708091736 0.322007119655609
1.16179131963283 3.84656143188477 0.70644599199295 0.360176980495453
1.27682033908432 3.98659324645996 0.770512521266937 0.403131127357483
1.4032383877809 4.04104137420654 0.884069502353668 0.440762579441071
1.54217309410505 4.04104995727539 0.954195559024811 0.488011110574007
1.69486373298454 4.17070913314819 1.06173300743103 0.515397619456053
1.86438038854372 4.17070913314819 1.1887274980545 0.564203768968582
2.0489727885339 4.17070913314819 1.27824646234512 0.631980031728745
2.25184169172242 4.17070913314819 1.44172465801239 0.697086405009031
2.4747966556489 4.17070913314819 1.56305313110352 0.769958138465881
2.7198264022398 4.17070913314819 1.73729652166367 0.848755314946175
2.98911655688376 4.19232761859894 1.94398921728134 0.954246759414673
3.28506914385371 4.19232761859894 2.06624686717987 1.04402340948582
3.61032401197175 4.19232761859894 2.32494324445724 1.12126070261002
3.96778238163021 4.19232761859894 2.52350068092346 1.23373633623123
4.36063272320454 4.19232761859894 2.73889636993408 1.36117899417877
4.79237919768918 4.19232761859894 3.01708245277405 1.50190728902817
5.2668729132423 4.19232761859894 3.42377662658691 1.64162522554398
5.78834627644265 4.19232761859894 3.69622439146042 1.81171202659607
6.36145074466621 4.19232761859894 3.90796673297882 1.9643566608429
6.99129831632754 4.19232761859894 4.31665921211243 2.19068288803101
7.68350712907217 4.19232761859894 4.78338044881821 2.36447209119797
8.45199512379247 4.19232761859894 5.15405881404877 2.60055077075958
9.28882760400582 4.19232761859894 5.3828421831131 2.82099652290344
10.2085149119472 4.19232761859894 5.99167490005493 3.06209409236908
11.2192605084528 4.19232761859894 6.50128507614136 3.27514004707336
12.330080079446 4.19232761859894 6.567786693573 3.55569303035736
13.5508819543863 4.19232761859894 6.60244178771973 3.85046619176865
14.8925554869521 4.19232761859894 6.61736536026001 4.19963479042053
16.3670681863003 4.19232761859894 6.61736536026001 4.53881025314331
17.9875724652967 4.19232761859894 6.61736536026001 4.70781791210175
19.7685229578944 4.19232761859894 6.61736536026001 5.04618668556213
21.7258054521118 4.19232761859894 6.61736536026001 5.78001058101654
23.8768785886714 4.19232761859894 6.61736536026001 6.62296575307846
26.2409295892292 4.19232761859894 6.61736536026001 7.17390793189406
28.8390454032626 4.19232761859894 6.61736536026001 7.98861742019653
31.6944008002223 4.19232761859894 6.61736536026001 8.58294427394867
34.8324650846968 4.19232761859894 6.61736536026001 9.02473056316376
38.3163339475004 4.19232761859894 6.61736536026001 9.41748797893524
42.1100361799719 4.19232761859894 6.61736536026001 9.68391013145447
46.2793530693252 4.19232761859894 6.61736536026001 9.68391013145447
50.8614742424258 4.19232761859894 6.61736536026001 9.68391013145447
55.8972714730444 4.19232761859894 6.61736536026001 9.68391013145447
61.4316632514152 4.19232761859894 6.61736536026001 9.68391013145447
67.5140154498445 4.19232761859894 6.61736536026001 10.9272665977478
74.1985816582434 4.19232761859894 6.61736536026001 11.2816758155823
81.5449871173038 4.19232761859894 6.61736536026001 12.6340458393097
89.6187605659235 4.19232761859894 6.61736536026001 13.8720636367798
98.4919187468734 4.19232761859894 6.61736536026001 15.4792399406433
108.243608784401 4.19232761859894 7.59830713272095 17.0121906995773
118.960814163673 4.19232761859894 7.59830713272095 18.1166651248932
130.739130609284 4.19232761859894 7.59830713272095 18.1166651248932
143.683618783529 4.19232761859894 7.59830713272095 18.1166651248932
157.909741410383 4.19232761859894 7.59830713272095 18.1166651248932
173.703536936922 4.19232761859894 7.59830713272095 18.1166651248932
190.901933233621 4.19232761859894 7.59830713272095 22.6541991233826
209.803143649102 4.19232761859894 7.59830713272095 24.9250583648682
230.575763898515 4.19232761859894 7.59830713272095 24.9250583648682
253.405082367608 4.19232761859894 7.59830713272095 24.9250583648682
278.494732854913 4.19232761859894 7.59830713272095 24.9250583648682
306.068510952025 4.19232761859894 7.59830713272095 24.9250583648682
336.372370263797 4.19232761859894 7.59830713272095 24.9250583648682
369.676616274388 4.19232761859894 7.59830713272095 24.9250583648682
370.015617281199 4.19232761859894 7.59830713272095 24.9250583648682
