0.0387145280838013 0.586059033870697 0.00787365436553955 3.3259391784668e-05
0.0387500300966981 0.586059033870697 0.00787365436553955 3.3259391784668e-05
0.0425866726076336 0.586059033870697 0.00787365436553955 3.3259391784668e-05
0.0468031812946723 0.586059033870697 0.00787365436553955 3.3259391784668e-05
0.0514371667278207 0.586059033870697 0.00787365436553955 3.3259391784668e-05
0.0565299633015929 0.586059033870697 0.00787365436553955 3.3259391784668e-05
0.0621269979310704 0.586059033870697 0.00787365436553955 3.3259391784668e-05
0.068278195252578 0.586059033870697 0.00787365436553955 3.3259391784668e-05
0.0750384229432996 0.586059033870697 0.0164386034011841 0.00155258178710938
0.0824679811320132 0.586059033870697 0.0164386034011841 0.00155258178710938
0.0907162527069789 0.586059033870697 0.0306709110736847 0.00696945190429688
0.0996980736423392 0.586059033870697 0.0306709110736847 0.00696945190429688
0.109569185139287 0.586059033870697 0.0306709110736847 0.00696945190429688
0.120417635902936 0.586059033870697 0.0306709110736847 0.00696945190429688
0.132340192345309 0.586059033870697 0.0306709110736847 0.00696945190429688
0.145443201725957 0.99837489426136 0.069446861743927 0.0311918556690216
0.159843540752169 0.99837489426136 0.069446861743927 0.0311918556690216
0.175669658100152 0.99837489426136 0.069446861743927 0.0311918556690216
0.193062720156276 0.99837489426136 0.0805085003376007 0.0311918556690216
0.212177870198225 2.30101633071899 0.104549288749695 0.0311918556690216
0.233185612247737 2.30101633071899 0.104549288749695 0.0311918556690216
0.25627333193868 2.30101633071899 0.12026372551918 0.0465657711029053
0.281646967966354 2.74790793657303 0.141384720802307 0.0522955656051636
0.309532849027073 2.74790793657303 0.151876330375671 0.0522955656051636
0.340179712633237 2.74790793657303 0.182401716709137 0.0664591491222382
0.373860923811385 2.74790793657303 0.203478366136551 0.0688946545124054
0.411253695994416 3.10663169622421 0.241905935108662 0.0949214696884155
0.451971945990459 3.13343650102615 0.286597698926926 0.0949214696884155
0.496721712052834 3.13343650102615 0.312461547553539 0.108661949634552
0.54590215479858 3.56563341617584 0.332077533006668 0.117938131093979
0.599951955758347 3.7056565284729 0.378007143735886 0.148025810718536
0.659353230344131 3.7056565284729 0.420959033071995 0.169826924800873
0.724635828240139 3.7056565284729 0.458384089171886 0.173984706401825
0.796382059575582 3.7056565284729 0.490319818258286 0.191595196723938
0.875231889036086 3.84656143188477 0.578283488750458 0.213352084159851
0.961888644244345 3.84656143188477 0.628715217113495 0.237827599048615
1.05712528932784 3.93300080299377 0.683328561484814 0.275698453187943
1.16179131963283 3.93300080299377 0.742449656128883 0.308842927217484
1.27682033908432 4.04104995727539 0.805015869438648 0.34835210442543
1.4032383877809 4.04104995727539 0.919090360403061 0.3757553845644
1.54217309410505 4.19232761859894 0.991193145513535 0.417360097169876
1.69486373298454 4.19232761859894 1.10697197914124 0.449142038822174
1.86438038854372 4.19232761859894 1.23483717441559 0.51146411895752
2.0489727885339 4.19232761859894 1.3316884636879 0.57279360294342
2.25184169172242 4.19232761859894 1.49410834908485 0.599647790193558
2.4747966556489 4.19232761859894 1.61251648515463 0.67016427218914
2.7198264022398 4.19232761859894 1.80202829837799 0.804181426763535
2.98911655688376 4.19232761859894 2.00052988529205 0.804181426763535
3.28506914385371 4.19232761859894 2.14336220175028 0.85826650261879
3.61032401197175 4.19232761859894 2.41698986291885 0.988317131996155
3.96778238163021 4.19232761859894 2.61762690544128 1.0665585398674
4.36063272320454 4.19232761859894 2.86335555277765 1.18430845439434
4.79237919768918 4.19232761859894 3.20652568340302 1.26869922876358
5.2668729132423 4.19232761859894 3.57326499186456 1.39991042017937
5.78834627644265 4.19232761859894 3.82175153493881 1.57924547791481
6.36145074466621 4.19232761859894 4.03466787934303 1.74220681190491
6.99129831632754 4.19232761859894 4.47858044505119 1.81630146503448
7.68350712907217 4.19232761859894 4.93347984552383 2.02513551712036
8.45199512379247 4.19232761859894 5.47527205944061 2.12952327728271
9.28882760400582 4.19232761859894 5.79473960399628 2.23845672607422
10.2085149119472 4.19232761859894 6.11165452003479 2.40300369262695
11.2192605084528 4.19232761859894 6.60491991043091 2.42389035224915
12.330080079446 4.19232761859894 6.66861963272095 2.56211948394775
13.5508819543863 4.19232761859894 6.68894481658936 2.66265034675598
14.8925554869521 4.19232761859894 6.6912567615509 2.7610969543457
16.3670681863003 4.19232761859894 6.6912567615509 2.91178703308105
17.9875724652967 4.19232761859894 6.69148659706116 3.26026570796967
19.7685229578944 4.19232761859894 6.69148659706116 3.50167465209961
21.7258054521118 4.19232761859894 6.69148659706116 3.7624180316925
23.8768785886714 4.19232761859894 6.69148659706116 3.7624180316925
26.2409295892292 4.19232761859894 6.69148659706116 3.98766958713531
28.8390454032626 4.19232761859894 6.69148659706116 4.27632689476013
31.6944008002223 4.19232761859894 6.69148659706116 4.47466564178467
34.8324650846968 4.19232761859894 6.69148659706116 4.93568754196167
38.3163339475004 4.19232761859894 6.69148659706116 5.20107805728912
42.1100361799719 4.19232761859894 6.69148659706116 5.97461724281311
46.2793530693252 4.19232761859894 6.69148659706116 6.48404467105865
50.8614742424258 4.19232761859894 6.69148659706116 7.70818471908569
55.8972714730444 4.19232761859894 6.69148659706116 7.70818471908569
61.4316632514152 4.19232761859894 6.69148659706116 7.90338778495789
67.5140154498445 4.19232761859894 6.69148659706116 10.1975464820862
74.1985816582434 4.19232761859894 6.69148659706116 10.4413909912109
81.5449871173038 4.19232761859894 6.69148659706116 11.9807555675507
89.6187605659235 4.19232761859894 6.70436024665833 14.1922293901443
98.4919187468734 4.19232761859894 6.70436024665833 16.5349833965302
108.243608784401 4.19232761859894 7.58663105964661 17.2286942005157
118.960814163673 4.19232761859894 7.58663105964661 18.1009342670441
130.739130609284 4.19232761859894 7.58663105964661 19.6587343215942
143.683618783529 4.19232761859894 7.58663105964661 20.3331575393677
157.909741410383 4.19232761859894 7.58663105964661 21.8175368309021
173.703536936922 4.19232761859894 7.58663105964661 27.3669190406799
190.901933233621 4.19232761859894 7.58663105964661 27.3669190406799
209.803143649102 4.19232761859894 7.66416382789612 33.8509637117386
230.575763898515 4.19232761859894 7.71537041664124 35.3339869976044
253.405082367608 4.19232761859894 7.71537041664124 37.5025300979614
278.494732854913 4.19232761859894 7.71537041664124 38.9869093894958
306.068510952025 4.19232761859894 7.71537041664124 38.9869093894958
336.372370263797 4.19232761859894 7.79290318489075 46.4403028488159
369.676616274388 4.19232761859894 7.79290318489075 46.4403028488159
370.015617281199 4.19232761859894 7.79290318489075 46.4403028488159
