0.0194894644874591 0.586059033870697 0.008156418800354 0.00132004916667938
0.0195076157341004 0.586059033870697 0.008156418800354 0.00132004916667938
0.0214706726399789 0.586059033870697 0.008156418800354 0.00132004916667938
0.0236312725192399 0.586059033870697 0.008156418800354 0.00132004916667938
0.0260092941773403 0.586059033870697 0.008156418800354 0.00132004916667938
0.02862661682957 0.586059033870697 0.008156418800354 0.00132004916667938
0.0315073214028609 0.586059033870697 0.0167977809906006 0.00681270658969879
0.0346779120946542 0.586059033870697 0.0167977809906006 0.00681270658969879
0.0381675602272991 0.586059033870697 0.0167977809906006 0.00681270658969879
0.0420083726415892 0.586059033870697 0.0167977809906006 0.00681270658969879
0.0462787480746938 0.586059033870697 0.0167977809906006 0.00681270658969879
0.0509357916233132 0.586059033870697 0.0167977809906006 0.00681270658969879
0.056061474785492 0.586059033870697 0.0167977809906006 0.00681270658969879
0.0617029568985016 0.586059033870697 0.0167977809906006 0.00681270658969879
0.0679121429571029 0.586059033870697 0.0273558497428894 0.0085313618183136
0.0747461611704054 0.768446087837219 0.0485857278108597 0.0203140527009964
0.0822678885754094 0.967256665229797 0.0485857278108597 0.0273891538381577
0.0905465295431877 1.00701880455017 0.0485857278108597 0.0311551988124847
0.0996582525003081 1.9137766957283 0.0491331815719604 0.0369301103055477
0.109686890723714 1.9137766957283 0.0981848835945129 0.0369301103055477
0.120724713656792 1.9137766957283 0.0986247658729553 0.0443661510944366
0.132873275843195 2.74790793657303 0.0986247658729553 0.0507988035678864
0.146244351289115 2.74790793657303 0.128849267959595 0.0544725954532623
0.160960961850701 2.74790793657303 0.133618757128716 0.0623649209737778
0.177158509108387 2.74790793657303 0.16872580931522 0.0780691467225552
0.194986020142061 2.80583125352859 0.213743448257446 0.091720387339592
0.214807390451206 2.80583125352859 0.218297876417637 0.10364156588912
0.23642351909587 3.39448344707489 0.243808453902602 0.110208064317703
0.260214884898814 3.51117664575577 0.285654209554195 0.124557733535767
0.286400382592417 3.51117664575577 0.289062328636646 0.141549732536077
0.315220934348083 3.56563341617584 0.333642803132534 0.159098606556654
0.346941706403675 3.56563341617584 0.369933448731899 0.173751533031464
0.381854548750803 3.56563341617584 0.423170149326324 0.195199862122536
0.420280680328535 3.62527656555176 0.448228076100349 0.213901504874229
0.462573644428912 3.84656143188477 0.504996350035071 0.239438101649284
0.509122561505755 3.84656143188477 0.552173295989633 0.259566426277161
0.560355709314554 3.93300080299377 0.627431571483612 0.289319664239883
0.616744463322841 3.98659324645996 0.686196677386761 0.318360447883606
0.678807633645181 3.98659324645996 0.766277084127069 0.357310175895691
0.74711623840516 4.04104995727539 0.852007746696472 0.389329422265291
0.822298757442146 4.06265139579773 0.939998388290405 0.425407722592354
0.90504691470005 4.17070913314819 1.02936974167824 0.468968506902456
0.997049767162749 4.17070913314819 1.13875658065081 0.520695075392723
1.0973831681079 4.17070913314819 1.25455577671528 0.576973527669907
1.207813147656 4.17070913314819 1.37061477452517 0.628375574946404
1.32935572737641 4.17070913314819 1.53121137619019 0.693802300840616
1.46312917137724 4.17070913314819 1.6687844991684 0.768298361450434
1.61036427500108 4.19232761859894 1.7966616153717 0.837644085288048
1.77241568887504 4.19232761859894 1.97906070947647 0.927587639540434
1.95077438250316 4.19232761859894 2.21817862987518 1.02278262376785
2.14708136207369 4.19232761859894 2.41391640901566 1.13279555737972
2.36314276869316 4.19232761859894 2.66202414035797 1.2484422326088
2.60094649596008 4.19232761859894 2.82004272937775 1.36593371629715
2.86268047976978 4.19232761859894 3.11832332611084 1.496098279953
3.15075282862747 4.19232761859894 3.3619681596756 1.65408998727798
3.46781397968047 4.19232761859894 3.62947976589203 1.81103783845901
3.81678108431816 4.19232761859894 3.92270088195801 1.98603677749634
4.2008648477019 4.19232761859894 4.36992573738098 2.1697900891304
4.62790519502682 4.19232761859894 4.49282050132751 2.39448791742325
5.09361260779729 4.19232761859894 4.88117504119873 2.60832864046097
5.6061842896419 4.19232761859894 5.26481556892395 2.86980921030045
6.17033620525356 4.19232761859894 5.60510396957397 3.15733247995377
6.79125888819023 4.19232761859894 6.07917332649231 3.45904207229614
7.47466519687438 4.19232761859894 6.70209288597107 3.8130943775177
8.22684287629239 4.19232761859894 6.70540475845337 4.14803385734558
9.05471240899251 4.19232761859894 6.72247457504272 4.41423225402832
9.96589068764523 4.19232761859894 6.72247457504272 4.61481308937073
10.9687610949915 4.19232761859894 6.72247457504272 4.71799051761627
12.072550635956 4.19232761859894 6.72247457504272 5.18400311470032
13.2874148315868 4.19232761859894 6.72247457504272 5.43240094184875
14.6245311558961 4.19232761859894 6.72247457504272 5.43240094184875
16.0962018752773 4.19232761859894 6.72247457504272 5.43240094184875
17.7159672366814 4.19232761859894 6.72247457504272 5.91681337356567
19.4987300459514 4.19232761859894 6.72247457504272 5.91681337356567
21.4808800919766 4.19232761859894 6.72247457504272 5.91681337356567
23.6425071500281 4.19232761859894 6.72247457504272 5.91681337356567
26.0216593522121 4.19232761859894 6.72247457504272 6.44876027107239
28.6402263154973 4.19232761859894 6.72247457504272 7.25188899040222
31.5223004152183 4.19232761859894 6.72247457504272 8.05160593986511
34.6943984492749 4.19232761859894 6.72247457504272 9.02652788162231
38.1857056084627 4.19232761859894 6.72247457504272 9.02652788162231
42.0283439976073 4.19232761859894 6.72247457504272 9.02652788162231
46.2576681780564 4.19232761859894 6.72247457504272 9.02652788162231
50.9125904506965 4.19232761859894 6.72247457504272 9.02652788162231
56.0359388722924 4.19232761859894 6.72247457504272 9.02652788162231
61.674851299112 4.19232761859894 6.72247457504272 9.02652788162231
67.8812090832727 4.19232761859894 6.72247457504272 9.02652788162231
74.7121144120754 4.19232761859894 6.72247457504272 9.97995598614216
82.2304156821292 4.19232761859894 6.72247457504272 13.7835144996643
90.5052857420251 4.19232761859894 6.96843385696411 13.7835144996643
99.7056313992196 4.19232761859894 7.60017466545105 14.8030028343201
109.739037374665 4.19232761859894 7.60017466545105 15.6689848899841
120.782107840023 4.19232761859894 7.60017466545105 16.6884732246399
132.936445619368 4.19232761859894 7.84613394737244 17.6624531745911
146.313877857786 4.19232761859894 7.84613394737244 17.6624531745911
161.037484897703 4.19232761859894 7.84613394737244 17.6624531745911
177.242732691319 4.19232761859894 7.84613394737244 17.6624531745911
195.078719168039 4.19232761859894 7.84613394737244 17.6624531745911
214.709546024206 4.19232761859894 7.84613394737244 17.6624531745911
214.909512828253 4.19232761859894 7.84613394737244 17.6624531745911
