0.0194894644874591 0.586059033870697 0.00845432281494141 0.00417515635490417
0.0195076157341004 0.586059033870697 0.00845432281494141 0.00417515635490417
0.0214706726399789 0.586059033870697 0.00845432281494141 0.00417515635490417
0.0236312725192399 0.586059033870697 0.00845432281494141 0.00417515635490417
0.0260092941773403 0.586059033870697 0.00845432281494141 0.00417515635490417
0.02862661682957 0.586059033870697 0.00845432281494141 0.00417515635490417
0.0315073214028609 0.586059033870697 0.0171348750591278 0.00417515635490417
0.0346779120946542 0.586059033870697 0.0171348750591278 0.00417515635490417
0.0381675602272991 0.586059033870697 0.0171348750591278 0.00417515635490417
0.0420083726415892 0.586059033870697 0.0171348750591278 0.00417515635490417
0.0462787480746938 0.586059033870697 0.0171348750591278 0.00417515635490417
0.0509357916233132 0.586059033870697 0.0171348750591278 0.00417515635490417
0.056061474785492 0.586059033870697 0.0171348750591278 0.00417515635490417
0.0617029568985016 0.586059033870697 0.0171348750591278 0.00417515635490417
0.0679121429571029 0.586059033870697 0.0281904339790344 0.0042397677898407
0.0747461611704054 0.768446087837219 0.0482839941978455 0.0180817246437073
0.0822678885754094 0.967256665229797 0.0482839941978455 0.0263282358646393
0.0905465295431877 1.00701880455017 0.0482839941978455 0.0263282358646393
0.0996582525003081 1.9137766957283 0.0496750473976135 0.0353960394859314
0.109686890723714 1.9137766957283 0.099229633808136 0.0411280393600464
0.120724713656792 1.9137766957283 0.099229633808136 0.0572107434272766
0.132873275843195 2.74790793657303 0.099229633808136 0.0572107434272766
0.146244351289115 2.74790793657303 0.129286527633667 0.058759368956089
0.160960961850701 2.74790793657303 0.133576631546021 0.077575720846653
0.177158509108387 2.74790793657303 0.169160386547446 0.0941588282585144
0.194986020142061 2.80583125352859 0.214506506919861 0.0941588282585144
0.214807390451206 2.80583125352859 0.220174673944712 0.10058306902647
0.23642351909587 3.39448344707489 0.246292179450393 0.111229695379734
0.260214884898814 3.51117664575577 0.286753721535206 0.13128038495779
0.286400382592417 3.51117664575577 0.291342530399561 0.147671915590763
0.315220934348083 3.56563341617584 0.335730873048306 0.160336874425411
0.346941706403675 3.56563341617584 0.371925719082355 0.177594304084778
0.381854548750803 3.56563341617584 0.426426708698273 0.19437824934721
0.420280680328535 3.62527656555176 0.450744152069092 0.21561074256897
0.462573644428912 3.84656143188477 0.506314760074019 0.239997863769531
0.509122561505755 3.84656143188477 0.554149145260453 0.260753355920315
0.560355709314554 3.93300080299377 0.631832718849182 0.288574449717999
0.616744463322841 3.98659324645996 0.689342252910137 0.317760057747364
0.678807633645181 3.98659324645996 0.769680673256516 0.3548229560256
0.74711623840516 4.04104995727539 0.857142210006714 0.393971420824528
0.822298757442146 4.06265139579773 0.944699704647064 0.425690799951553
0.90504691470005 4.17070913314819 1.03498190641403 0.470991969108582
0.997049767162749 4.17070913314819 1.14418648928404 0.511298134922981
1.0973831681079 4.17070913314819 1.26227885484695 0.568907231092453
1.207813147656 4.17070913314819 1.37948828190565 0.633580513298512
1.32935572737641 4.17070913314819 1.53775298595428 0.705064088106155
1.46312917137724 4.17070913314819 1.67903470993042 0.760295391082764
1.61036427500108 4.19232761859894 1.80487012863159 0.842466622591019
1.77241568887504 4.19232761859894 1.98745667934418 0.929974943399429
1.95077438250316 4.19232761859894 2.2276782989502 1.00219035148621
2.14708136207369 4.19232761859894 2.4231504201889 1.12768650054932
2.36314276869316 4.19232761859894 2.67246782779694 1.24713841080666
2.60094649596008 4.19232761859894 2.83482789993286 1.32980355620384
2.86268047976978 4.19232761859894 3.129563331604 1.44066455960274
3.15075282862747 4.19232761859894 3.37439465522766 1.58182275295258
3.46781397968047 4.19232761859894 3.64215934276581 1.76196521520615
3.81678108431816 4.19232761859894 3.93634128570557 1.92035257816315
4.2008648477019 4.19232761859894 4.37725806236267 2.07185626029968
4.62790519502682 4.19232761859894 4.49663126468658 2.27047747373581
5.09361260779729 4.19232761859894 4.88795816898346 2.4467738866806
5.6061842896419 4.19232761859894 5.27223610877991 2.64130103588104
6.17033620525356 4.19232761859894 5.61016166210175 2.84252798557281
6.79125888819023 4.19232761859894 6.0832930803299 2.97452855110168
7.47466519687438 4.19232761859894 6.71120858192444 3.21747076511383
8.22684287629239 4.19232761859894 6.71120858192444 3.40767157077789
9.05471240899251 4.19232761859894 6.73341584205627 3.56900775432587
9.96589068764523 4.19232761859894 6.73341584205627 3.82502609491348
10.9687610949915 4.19232761859894 6.73341584205627 4.20822632312775
12.072550635956 4.19232761859894 6.73341584205627 4.25210344791412
13.2874148315868 4.19232761859894 6.73341584205627 4.53178849816322
14.6245311558961 4.19232761859894 6.73341584205627 5.40342342853546
16.0962018752773 4.19232761859894 6.73341584205627 5.59088361263275
17.7159672366814 4.19232761859894 6.73341584205627 5.75257289409637
19.4987300459514 4.19232761859894 6.73341584205627 6.28614401817322
21.4808800919766 4.19232761859894 6.73341584205627 7.04500377178192
23.6425071500281 4.19232761859894 6.73341584205627 7.59699088335037
26.0216593522121 4.19232761859894 6.73341584205627 8.53682637214661
28.6402263154973 4.19232761859894 6.73341584205627 9.35006773471832
31.5223004152183 4.19232761859894 6.73341584205627 10.2747505903244
34.6943984492749 4.19232761859894 6.73341584205627 10.3289864063263
38.1857056084627 4.19232761859894 6.73341584205627 11.2735245227814
42.0283439976073 4.19232761859894 6.73341584205627 11.2735245227814
46.2576681780564 4.19232761859894 6.73341584205627 11.2735245227814
50.9125904506965 4.19232761859894 6.73341584205627 11.2735245227814
56.0359388722924 4.19232761859894 6.73341584205627 11.2735245227814
61.674851299112 4.19232761859894 6.73341584205627 12.2676229476929
67.8812090832727 4.19232761859894 6.73341584205627 15.5296530723572
74.7121144120754 4.19232761859894 6.73341584205627 18.3791309595108
82.2304156821292 4.19232761859894 6.73344504833221 21.1747725009918
90.5052857420251 4.19232761859894 7.07680773735046 22.3651298284531
99.7056313992196 4.19232761859894 7.39250946044922 23.5411474704742
109.739037374665 4.19232761859894 7.39250946044922 23.5411474704742
120.782107840023 4.19232761859894 7.39250946044922 23.5411474704742
132.936445619368 4.19232761859894 7.73590135574341 23.5411474704742
146.313877857786 4.19232761859894 7.73590135574341 23.5411474704742
161.037484897703 4.19232761859894 7.73590135574341 23.5411474704742
177.242732691319 4.19232761859894 7.73590135574341 23.5411474704742
195.078719168039 4.19232761859894 7.73590135574341 23.5411474704742
214.709546024206 4.19232761859894 7.73590135574341 23.5411474704742
214.909512828253 4.19232761859894 7.73590135574341 23.5411474704742
