0.0194894644874591 0.586059033870697 0.00789725780487061 0.00138497352600098
0.0195076157341004 0.586059033870697 0.00789725780487061 0.00138497352600098
0.0214706726399789 0.586059033870697 0.00789725780487061 0.00138497352600098
0.0236312725192399 0.586059033870697 0.00789725780487061 0.00138497352600098
0.0260092941773403 0.586059033870697 0.00789725780487061 0.00138497352600098
0.02862661682957 0.586059033870697 0.00789725780487061 0.00138497352600098
0.0315073214028609 0.586059033870697 0.0164923965930939 0.00846648216247559
0.0346779120946542 0.586059033870697 0.0164923965930939 0.00846648216247559
0.0381675602272991 0.586059033870697 0.0164923965930939 0.00846648216247559
0.0420083726415892 0.586059033870697 0.0164923965930939 0.00846648216247559
0.0462787480746938 0.586059033870697 0.0164923965930939 0.00846648216247559
0.0509357916233132 0.586059033870697 0.0164923965930939 0.00846648216247559
0.056061474785492 0.586059033870697 0.0164923965930939 0.00846648216247559
0.0617029568985016 0.586059033870697 0.0164923965930939 0.00846648216247559
0.0679121429571029 0.586059033870697 0.0265030264854431 0.0108924210071564
0.0747461611704054 0.768446087837219 0.0485465526580811 0.0273624658584595
0.0822678885754094 0.967256665229797 0.0485465526580811 0.0302930474281311
0.0905465295431877 1.00701880455017 0.0485465526580811 0.0302930474281311
0.0996582525003081 1.9137766957283 0.0488177537918091 0.0302930474281311
0.109686890723714 1.9137766957283 0.0966230034828186 0.0321304798126221
0.120724713656792 1.9137766957283 0.0975388288497925 0.0412106513977051
0.132873275843195 2.74790793657303 0.0975388288497925 0.0489482879638672
0.146244351289115 2.74790793657303 0.127819180488586 0.0501130819320679
0.160960961850701 2.74790793657303 0.132914304733276 0.0609129369258881
0.177158509108387 2.74790793657303 0.167137112468481 0.0744706392288208
0.194986020142061 2.80583125352859 0.211973905563354 0.088387131690979
0.214807390451206 2.80583125352859 0.215456034988165 0.0940641164779663
0.23642351909587 3.39448344707489 0.240759249776602 0.103086113929749
0.260214884898814 3.51117664575577 0.283403038978577 0.120958209037781
0.286400382592417 3.51117664575577 0.286894798278809 0.127785801887512
0.315220934348083 3.56563341617584 0.331450283527374 0.147844314575195
0.346941706403675 3.56563341617584 0.366266340017319 0.159557282924652
0.381854548750803 3.56563341617584 0.418699681758881 0.177983552217484
0.420280680328535 3.62527656555176 0.4443019926548 0.204770967364311
0.462573644428912 3.84656143188477 0.501087572425604 0.22539222240448
0.509122561505755 3.84656143188477 0.548202518373728 0.243137747049332
0.560355709314554 3.93300080299377 0.620219439268112 0.269917964935303
0.616744463322841 3.98659324645996 0.680402368307114 0.300417423248291
0.678807633645181 3.98659324645996 0.759674642235041 0.327020764350891
0.74711623840516 4.04104995727539 0.843430608510971 0.359662115573883
0.822298757442146 4.06265139579773 0.931024134159088 0.398925065994263
0.90504691470005 4.17070913314819 1.02081480622292 0.443121254444122
0.997049767162749 4.17070913314819 1.1278355717659 0.495497226715088
1.0973831681079 4.17070913314819 1.24190524220467 0.53947177529335
1.207813147656 4.17070913314819 1.35606435313821 0.5999995470047
1.32935572737641 4.17070913314819 1.5180424451828 0.657353967428207
1.46312917137724 4.17070913314819 1.6518594622612 0.720567852258682
1.61036427500108 4.19232761859894 1.78145629167557 0.798791006207466
1.77241568887504 4.19232761859894 1.96125409007072 0.877142399549484
1.95077438250316 4.19232761859894 2.19864559173584 0.965443462133408
2.14708136207369 4.19232761859894 2.39459884166718 1.07257691025734
2.36314276869316 4.19232761859894 2.64080768823624 1.17109188437462
2.60094649596008 4.19232761859894 2.79507565498352 1.29272237420082
2.86268047976978 4.19232761859894 3.0953117609024 1.42027595639229
3.15075282862747 4.19232761859894 3.33751392364502 1.56389725208282
3.46781397968047 4.19232761859894 3.605309009552 1.71002092957497
3.81678108431816 4.19232761859894 3.89751243591309 1.89122664928436
4.2008648477019 4.19232761859894 4.34557437896729 2.08435916900635
4.62790519502682 4.19232761859894 4.47260439395905 2.27713716030121
5.09361260779729 4.19232761859894 4.85591399669647 2.51250576972961
5.6061842896419 4.19232761859894 5.24284410476685 2.7522155046463
6.17033620525356 4.19232761859894 5.58582353591919 2.96800088882446
6.79125888819023 4.19232761859894 6.05551469326019 3.26182520389557
7.47466519687438 4.19232761859894 6.67357635498047 3.54202449321747
8.22684287629239 4.19232761859894 6.67925214767456 3.86003267765045
9.05471240899251 4.19232761859894 6.68508291244507 4.06333541870117
9.96589068764523 4.19232761859894 6.68508291244507 4.3006546497345
10.9687610949915 4.19232761859894 6.68508291244507 4.3006546497345
12.072550635956 4.19232761859894 6.68508291244507 4.35908901691437
13.2874148315868 4.19232761859894 6.68508291244507 4.61338067054749
14.6245311558961 4.19232761859894 6.68508291244507 4.89656409621239
16.0962018752773 4.19232761859894 6.68508291244507 5.18820929527283
17.7159672366814 4.19232761859894 6.68508291244507 5.69061267375946
19.4987300459514 4.19232761859894 6.68508291244507 5.99246883392334
21.4808800919766 4.19232761859894 6.68508291244507 6.11271286010742
23.6425071500281 4.19232761859894 6.68508291244507 6.11271286010742
26.0216593522121 4.19232761859894 6.68508291244507 6.73082864284515
28.6402263154973 4.19232761859894 6.68508291244507 7.26632690429688
31.5223004152183 4.19232761859894 6.68508291244507 8.26458033919334
34.6943984492749 4.19232761859894 6.68508291244507 8.9103707075119
38.1857056084627 4.19232761859894 6.68508291244507 9.3604850769043
42.0283439976073 4.19232761859894 6.68508291244507 9.3604850769043
46.2576681780564 4.19232761859894 6.68508291244507 10.3387291431427
50.9125904506965 4.19232761859894 6.68508291244507 10.3910431861877
56.0359388722924 4.19232761859894 6.68508291244507 11.8240582942963
61.674851299112 4.19232761859894 6.68508291244507 12.8388712406158
67.8812090832727 4.19232761859894 6.68508291244507 14.3334763050079
74.7121144120754 4.19232761859894 6.68508291244507 16.595507144928
82.2304156821292 4.19232761859894 6.68508291244507 17.702556848526
90.5052857420251 4.19232761859894 6.8080677986145 19.53737449646
99.7056313992196 4.19232761859894 7.51745390892029 19.53737449646
109.739037374665 4.19232761859894 7.51745390892029 20.5504593849182
120.782107840023 4.19232761859894 7.51745390892029 22.4617686271667
132.936445619368 4.19232761859894 7.64043879508972 24.3059754371643
146.313877857786 4.19232761859894 7.64043879508972 24.3059754371643
161.037484897703 4.19232761859894 7.64043879508972 24.3059754371643
177.242732691319 4.19232761859894 7.64043879508972 24.3059754371643
195.078719168039 4.19232761859894 7.64043879508972 24.3059754371643
214.709546024206 4.19232761859894 7.64043879508972 24.3059754371643
214.909512828253 4.19232761859894 7.64043879508972 24.3059754371643
