0.0194894644874591 0.586059033870697 0.00787365436553955 3.3259391784668e-05
0.0195076157341004 0.586059033870697 0.00787365436553955 3.3259391784668e-05
0.0214706726399789 0.586059033870697 0.00787365436553955 3.3259391784668e-05
0.0236312725192399 0.586059033870697 0.00787365436553955 3.3259391784668e-05
0.0260092941773403 0.586059033870697 0.00787365436553955 3.3259391784668e-05
0.02862661682957 0.586059033870697 0.00787365436553955 3.3259391784668e-05
0.0315073214028609 0.586059033870697 0.0164386034011841 0.00155258178710938
0.0346779120946542 0.586059033870697 0.0164386034011841 0.00155258178710938
0.0381675602272991 0.586059033870697 0.0164386034011841 0.00155258178710938
0.0420083726415892 0.586059033870697 0.0164386034011841 0.00155258178710938
0.0462787480746938 0.586059033870697 0.0164386034011841 0.00155258178710938
0.0509357916233132 0.586059033870697 0.0164386034011841 0.00155258178710938
0.056061474785492 0.586059033870697 0.0164386034011841 0.00155258178710938
0.0617029568985016 0.586059033870697 0.0164386034011841 0.00155258178710938
0.0679121429571029 0.586059033870697 0.0266101956367493 0.00155258178710938
0.0747461611704054 0.768446087837219 0.0494956374168396 0.0105471312999725
0.0822678885754094 0.967256665229797 0.0494956374168396 0.0172551274299622
0.0905465295431877 1.00701880455017 0.0494956374168396 0.0172551274299622
0.0996582525003081 1.9137766957283 0.0494956374168396 0.030398428440094
0.109686890723714 1.9137766957283 0.0979991555213928 0.030398428440094
0.120724713656792 1.9137766957283 0.0986483693122864 0.0312431454658508
0.132873275843195 2.74790793657303 0.0986483693122864 0.0368200540542603
0.146244351289115 2.74790793657303 0.129610776901245 0.0486795902252197
0.160960961850701 2.74790793657303 0.134249687194824 0.0588505566120148
0.177158509108387 2.74790793657303 0.169042100198567 0.0664591491222382
0.194986020142061 2.80583125352859 0.214531183242798 0.0795561075210571
0.214807390451206 2.80583125352859 0.217414114624262 0.0802112817764282
0.23642351909587 3.39448344707489 0.241840069182217 0.0920291841030121
0.260214884898814 3.51117664575577 0.28564665466547 0.102073580026627
0.286400382592417 3.51117664575577 0.289247487671673 0.121572345495224
0.315220934348083 3.56563341617584 0.335124053061008 0.132412284612656
0.346941706403675 3.56563341617584 0.369947977364063 0.144348531961441
0.381854548750803 3.56563341617584 0.422162294387817 0.160713940858841
0.420280680328535 3.62527656555176 0.446489274501801 0.176183223724365
0.462573644428912 3.84656143188477 0.506086294539273 0.196887910366058
0.509122561505755 3.84656143188477 0.552180197089911 0.213670268654823
0.560355709314554 3.93300080299377 0.627635955810547 0.242817580699921
0.616744463322841 3.98659324645996 0.689074017107487 0.261092513799667
0.678807633645181 3.98659324645996 0.766491974471137 0.286624163389206
0.74711623840516 4.04104995727539 0.851622432470322 0.32006898522377
0.822298757442146 4.06265139579773 0.940392911434174 0.353911876678467
0.90504691470005 4.17070913314819 1.03006836771965 0.390877693891525
0.997049767162749 4.17070913314819 1.13901185244322 0.432064324617386
1.0973831681079 4.17070913314819 1.25320664048195 0.470401644706726
1.207813147656 4.17070913314819 1.36698862910271 0.518099844455719
1.32935572737641 4.17070913314819 1.53231960535049 0.578255534172058
1.46312917137724 4.17070913314819 1.66557681560516 0.635913535952568
1.61036427500108 4.19232761859894 1.7972811460495 0.699048832058907
1.77241568887504 4.19232761859894 1.98268404603004 0.767529174685478
1.95077438250316 4.19232761859894 2.21873074769974 0.853597939014435
2.14708136207369 4.19232761859894 2.41636031866074 0.921450883150101
2.36314276869316 4.19232761859894 2.66597747802734 1.01793131232262
2.60094649596008 4.19232761859894 2.81171119213104 1.12835898995399
2.86268047976978 4.19232761859894 3.11629557609558 1.22087681293488
3.15075282862747 4.19232761859894 3.3679666519165 1.35868361592293
3.46781397968047 4.19232761859894 3.62636196613312 1.47479954361916
3.81678108431816 4.19232761859894 3.92228877544403 1.63179269433022
4.2008648477019 4.19232761859894 4.37286639213562 1.80600574612617
4.62790519502682 4.19232761859894 4.49562478065491 1.94647213816643
5.09361260779729 4.19232761859894 4.87788009643555 2.15464544296265
5.6061842896419 4.19232761859894 5.26342558860779 2.40987515449524
6.17033620525356 4.19232761859894 5.60574507713318 2.54792582988739
6.79125888819023 4.19232761859894 6.07192969322205 2.71022260189056
7.47466519687438 4.19232761859894 6.68894481658936 2.82628738880157
8.22684287629239 4.19232761859894 6.6912567615509 3.13706243038177
9.05471240899251 4.19232761859894 6.69148659706116 3.13706243038177
9.96589068764523 4.19232761859894 6.69148659706116 3.14017486572266
10.9687610949915 4.19232761859894 6.69148659706116 3.63969004154205
12.072550635956 4.19232761859894 6.69148659706116 4.09081125259399
13.2874148315868 4.19232761859894 6.69148659706116 4.09081125259399
14.6245311558961 4.19232761859894 6.69148659706116 4.32385444641113
16.0962018752773 4.19232761859894 6.69148659706116 4.93568754196167
17.7159672366814 4.19232761859894 6.69148659706116 4.96305131912231
19.4987300459514 4.19232761859894 6.69148659706116 5.08912372589111
21.4808800919766 4.19232761859894 6.69148659706116 5.55754470825195
23.6425071500281 4.19232761859894 6.69148659706116 6.15482687950134
26.0216593522121 4.19232761859894 6.69148659706116 6.36195707321167
28.6402263154973 4.19232761859894 6.69148659706116 6.70219492912292
31.5223004152183 4.19232761859894 6.69148659706116 7.19527459144592
34.6943984492749 4.19232761859894 6.69148659706116 7.40240478515625
38.1857056084627 4.19232761859894 6.69148659706116 8.67965388298035
42.0283439976073 4.19232761859894 6.69148659706116 9.09516334533691
46.2576681780564 4.19232761859894 6.69148659706116 10.1356110572815
50.9125904506965 4.19232761859894 6.69148659706116 11.6199903488159
56.0359388722924 4.19232761859894 6.69148659706116 11.6199903488159
61.674851299112 4.19232761859894 6.69148659706116 11.6199903488159
67.8812090832727 4.19232761859894 6.69148659706116 11.8222186565399
74.7121144120754 4.19232761859894 6.69148659706116 14.0312120914459
82.2304156821292 4.19232761859894 6.69148659706116 17.437744140625
90.5052857420251 4.19232761859894 6.82022595405579 19.3281750679016
99.7056313992196 4.19232761859894 7.58663105964661 20.3331575393677
109.739037374665 4.19232761859894 7.58663105964661 24.6797332763672
120.782107840023 4.19232761859894 7.58663105964661 27.1690950393677
132.936445619368 4.19232761859894 7.71537041664124 29.2709302902222
146.313877857786 4.19232761859894 7.71537041664124 29.2709302902222
161.037484897703 4.19232761859894 7.71537041664124 29.2709302902222
177.242732691319 4.19232761859894 7.71537041664124 29.2709302902222
195.078719168039 4.19232761859894 7.71537041664124 29.2709302902222
214.709546024206 4.19232761859894 7.71537041664124 29.2709302902222
214.909512828253 4.19232761859894 7.71537041664124 29.2709302902222
