0.0387145280838013 0.586059033870697 0.00750702619552612 0.00159370899200439
0.0387500300966981 0.586059033870697 0.00750702619552612 0.00159370899200439
0.0425866726076336 0.586059033870697 0.00750702619552612 0.00159370899200439
0.0468031812946723 0.586059033870697 0.00750702619552612 0.00159370899200439
0.0514371667278207 0.586059033870697 0.00750702619552612 0.00159370899200439
0.0565299633015929 0.586059033870697 0.00750702619552612 0.00159370899200439
0.0621269979310704 0.586059033870697 0.00750702619552612 0.00159370899200439
0.068278195252578 0.586059033870697 0.00750702619552612 0.00159370899200439
0.0750384229432996 0.586059033870697 0.0159622728824615 0.00159370899200439
0.0824679811320132 0.586059033870697 0.0159622728824615 0.00159370899200439
0.0907162527069789 0.586059033870697 0.0304602384567261 0.00470739603042603
0.0996980736423392 0.586059033870697 0.0304602384567261 0.00470739603042603
0.109569185139287 0.586059033870697 0.0304602384567261 0.00470739603042603
0.120417635902936 0.586059033870697 0.0304602384567261 0.00470739603042603
0.132340192345309 0.586059033870697 0.0304602384567261 0.00470739603042603
0.145443201725957 0.99837489426136 0.0738688707351685 0.0185926854610443
0.159843540752169 0.99837489426136 0.0738688707351685 0.0353491306304932
0.175669658100152 0.99837489426136 0.0738688707351685 0.0353491306304932
0.193062720156276 0.99837489426136 0.0783534646034241 0.0353491306304932
0.212177870198225 2.30101633071899 0.102441787719727 0.0353491306304932
0.233185612247737 2.30101633071899 0.102441787719727 0.0471480488777161
0.25627333193868 2.30101633071899 0.118091940879822 0.0522942990064621
0.281646967966354 2.74790793657303 0.139589548110962 0.0599344372749329
0.309532849027073 2.74790793657303 0.148804426193237 0.0843513607978821
0.340179712633237 2.74790793657303 0.189741373062134 0.0843513607978821
0.373860923811385 2.74790793657303 0.200967997312546 0.0934885442256927
0.411253695994416 3.10663169622421 0.236710786819458 0.100403904914856
0.451971945990459 3.13343650102615 0.281116455793381 0.110413253307343
0.496721712052834 3.13343650102615 0.315665483474731 0.13784047961235
0.54590215479858 3.56563341617584 0.328825175762177 0.153599992394447
0.599951955758347 3.7056565284729 0.377475529909134 0.157212436199188
0.659353230344131 3.7056565284729 0.41356098651886 0.17626816034317
0.724635828240139 3.7056565284729 0.451203525066376 0.197744399309158
0.796382059575582 3.7056565284729 0.48079913854599 0.228688955307007
0.875231889036086 3.84656143188477 0.575750082731247 0.240031346678734
0.961888644244345 3.84656143188477 0.626550763845444 0.278497248888016
1.05712528932784 3.93300080299377 0.677742511034012 0.298619300127029
1.16179131963283 3.93300080299377 0.734049141407013 0.334916234016418
1.27682033908432 4.04104995727539 0.81868389248848 0.366908311843872
1.4032383877809 4.04104995727539 0.911193519830704 0.397932201623917
1.54217309410505 4.19232761859894 0.981799691915512 0.447324603796005
1.69486373298454 4.19232761859894 1.08813697099686 0.486381411552429
1.86438038854372 4.19232761859894 1.22228634357452 0.533200144767761
2.0489727885339 4.19232761859894 1.32877615094185 0.587112575769424
2.25184169172242 4.19232761859894 1.50185644626617 0.644031196832657
2.4747966556489 4.19232761859894 1.61694708094001 0.712398439645767
2.7198264022398 4.19232761859894 1.80225213989615 0.790587902069092
2.98911655688376 4.19232761859894 2.01072996854782 0.885775238275528
3.28506914385371 4.19232761859894 2.12872564792633 0.96251368522644
3.61032401197175 4.19232761859894 2.38367247581482 1.06064274907112
3.96778238163021 4.19232761859894 2.60485434532166 1.16106402873993
4.36063272320454 4.19232761859894 2.84323608875275 1.27620047330856
4.79237919768918 4.19232761859894 3.18289399147034 1.42911684513092
5.2668729132423 4.19232761859894 3.51700880751014 1.59187217056751
5.78834627644265 4.19232761859894 3.80622929334641 1.70921523869038
6.36145074466621 4.19232761859894 4.02717092633247 1.89774644374847
6.99129831632754 4.19232761859894 4.43740537762642 2.08292639255524
7.68350712907217 4.19232761859894 4.90616899728775 2.31166812777519
8.45199512379247 4.19232761859894 5.47076845169067 2.51318293809891
9.28882760400582 4.19232761859894 5.83460605144501 2.78029036521912
10.2085149119472 4.19232761859894 6.16565668582916 3.01951116323471
11.2192605084528 4.19232761859894 6.69903635978699 3.33107841014862
12.330080079446 4.19232761859894 6.74592709541321 3.65059143304825
13.5508819543863 4.19232761859894 6.77363419532776 4.01437905430794
14.8925554869521 4.19232761859894 6.77363419532776 4.35897493362427
16.3670681863003 4.19232761859894 6.77363419532776 4.70894485712051
17.9875724652967 4.19232761859894 6.77363419532776 4.89518004655838
19.7685229578944 4.19232761859894 6.77363419532776 5.6644766330719
21.7258054521118 4.19232761859894 6.77363419532776 6.42941504716873
23.8768785886714 4.19232761859894 6.77363419532776 7.05682301521301
26.2409295892292 4.19232761859894 6.77363419532776 7.95305240154266
28.8390454032626 4.19232761859894 6.77363419532776 8.53906375169754
31.6944008002223 4.19232761859894 6.77363419532776 9.57886815071106
34.8324650846968 4.19232761859894 6.77363419532776 10.1680446267128
38.3163339475004 4.19232761859894 6.77363419532776 10.37273645401
42.1100361799719 4.19232761859894 6.77363419532776 10.37273645401
46.2793530693252 4.19232761859894 6.77363419532776 10.37273645401
50.8614742424258 4.19232761859894 6.77363419532776 10.37273645401
55.8972714730444 4.19232761859894 6.77363419532776 10.37273645401
61.4316632514152 4.19232761859894 6.77363419532776 10.37273645401
67.5140154498445 4.19232761859894 6.77363419532776 10.37273645401
74.1985816582434 4.19232761859894 6.77363419532776 10.37273645401
81.5449871173038 4.19232761859894 6.77363419532776 11.1549941301346
89.6187605659235 4.19232761859894 6.77363419532776 13.0006375908852
98.4919187468734 4.19232761859894 6.77363419532776 13.2503114938736
108.243608784401 4.19232761859894 7.47494268417358 13.5452418327332
118.960814163673 4.19232761859894 7.47494268417358 14.6816501617432
130.739130609284 4.19232761859894 7.47494268417358 15.1314945220947
143.683618783529 4.19232761859894 7.47494268417358 15.1314945220947
157.909741410383 4.19232761859894 7.47494268417358 15.1314945220947
173.703536936922 4.19232761859894 7.47494268417358 20.7128825187683
190.901933233621 4.19232761859894 7.47494268417358 20.7128825187683
209.803143649102 4.19232761859894 7.47494268417358 28.2075395584106
230.575763898515 4.19232761859894 7.6548433303833 28.2268919944763
253.405082367608 4.19232761859894 7.6548433303833 28.2268919944763
278.494732854913 4.19232761859894 7.6548433303833 28.2268919944763
306.068510952025 4.19232761859894 7.6548433303833 28.2268919944763
336.372370263797 4.19232761859894 7.6548433303833 28.2268919944763
369.676616274388 4.19232761859894 7.6548433303833 28.2268919944763
370.015617281199 4.19232761859894 7.6548433303833 28.2268919944763
