0.0194894644874591 0.586059033870697 0.00900804996490479 0.00485676527023315
0.0195076157341004 0.586059033870697 0.00900804996490479 0.00485676527023315
0.0214706726399789 0.586059033870697 0.00900804996490479 0.00485676527023315
0.0236312725192399 0.586059033870697 0.00900804996490479 0.00485676527023315
0.0260092941773403 0.586059033870697 0.00900804996490479 0.00485676527023315
0.02862661682957 0.586059033870697 0.00900804996490479 0.00485676527023315
0.0315073214028609 0.586059033870697 0.0178987979888916 0.00485676527023315
0.0346779120946542 0.586059033870697 0.0178987979888916 0.00485676527023315
0.0381675602272991 0.586059033870697 0.0178987979888916 0.00485676527023315
0.0420083726415892 0.586059033870697 0.0178987979888916 0.00485676527023315
0.0462787480746938 0.586059033870697 0.0178987979888916 0.00485676527023315
0.0509357916233132 0.586059033870697 0.0178987979888916 0.00485676527023315
0.056061474785492 0.586059033870697 0.0178987979888916 0.00485676527023315
0.0617029568985016 0.586059033870697 0.0178987979888916 0.00485676527023315
0.0679121429571029 0.586059033870697 0.028846263885498 0.0141741633415222
0.0747461611704054 0.768446087837219 0.0399421453475952 0.0223439335823059
0.0822678885754094 0.967256665229797 0.0428844690322876 0.0376990139484406
0.0905465295431877 1.00701880455017 0.0474494993686676 0.0376990139484406
0.0996582525003081 1.9137766957283 0.0535544753074646 0.0443310439586639
0.109686890723714 1.9137766957283 0.0907014012336731 0.0585979968309402
0.120724713656792 1.9137766957283 0.0917829871177673 0.0585979968309402
0.132873275843195 2.74790793657303 0.0957956314086914 0.0692659616470337
0.146244351289115 2.74790793657303 0.115005254745483 0.0796749293804169
0.160960961850701 2.74790793657303 0.125466018915176 0.0843870937824249
0.177158509108387 2.74790793657303 0.160093784332275 0.0980112999677658
0.194986020142061 2.80583125352859 0.195207238197327 0.118709668517113
0.214807390451206 2.80583125352859 0.210698962211609 0.125471249222755
0.23642351909587 3.39448344707489 0.240645527839661 0.144007086753845
0.260214884898814 3.51117664575577 0.269566714763641 0.156519457697868
0.286400382592417 3.51117664575577 0.285292029380798 0.17292383313179
0.315220934348083 3.56563341617584 0.321356177330017 0.1879051476717
0.346941706403675 3.56563341617584 0.358414649963379 0.215740889310837
0.381854548750803 3.56563341617584 0.402185201644897 0.238663278520107
0.420280680328535 3.62527656555176 0.435709267854691 0.265886947512627
0.462573644428912 3.84656143188477 0.475307554006577 0.294889733195305
0.509122561505755 3.84656143188477 0.523569405078888 0.320909976959229
0.560355709314554 3.93300080299377 0.584677815437317 0.351093247532845
0.616744463322841 3.98659324645996 0.643803715705872 0.382119461894035
0.678807633645181 3.98659324645996 0.725181728601456 0.416376978158951
0.74711623840516 4.04104995727539 0.798851788043976 0.475670233368874
0.822298757442146 4.06265139579773 0.888724773656577 0.512522265315056
0.90504691470005 4.17070913314819 0.970152288675308 0.559220567345619
0.997049767162749 4.17070913314819 1.07648539543152 0.610734716057777
1.0973831681079 4.17070913314819 1.18312466144562 0.700855672359467
1.207813147656 4.17070913314819 1.31047829985619 0.744668886065483
1.32935572737641 4.17070913314819 1.43099939823151 0.813508838415146
1.46312917137724 4.17070913314819 1.59342443943024 0.879661917686462
1.61036427500108 4.19232761859894 1.7274563908577 1.00215512514114
1.77241568887504 4.19232761859894 1.88616371154785 1.08635187149048
1.95077438250316 4.19232761859894 2.08319419622421 1.19282025098801
2.14708136207369 4.19232761859894 2.27795720100403 1.27164274454117
2.36314276869316 4.19232761859894 2.5052318572998 1.4957177489996
2.60094649596008 4.19232761859894 2.7207418680191 1.66005505621433
2.86268047976978 4.19232761859894 2.96754467487335 1.77233481407166
3.15075282862747 4.19232761859894 3.13759934902191 1.93353825807571
3.46781397968047 4.19232761859894 3.46518564224243 2.06909692287445
3.81678108431816 4.19232761859894 3.73003447055817 2.21325027942657
4.2008648477019 4.19232761859894 4.14801001548767 2.38396549224854
4.62790519502682 4.19232761859894 4.29526078701019 2.51828670501709
5.09361260779729 4.19232761859894 4.70333302021027 2.76405930519104
5.6061842896419 4.19232761859894 5.06793117523193 2.94776403903961
6.17033620525356 4.19232761859894 5.43998277187347 3.25940501689911
6.79125888819023 4.19232761859894 5.91866815090179 3.25940501689911
7.47466519687438 4.19232761859894 6.5499587059021 3.25940501689911
8.22684287629239 4.19232761859894 6.5972843170166 3.46914637088776
9.05471240899251 4.19232761859894 6.71159601211548 3.78816521167755
9.96589068764523 4.19232761859894 6.71159601211548 3.92935311794281
10.9687610949915 4.19232761859894 6.71159601211548 4.2030930519104
12.072550635956 4.19232761859894 6.71159601211548 5.20799887180328
13.2874148315868 4.19232761859894 6.71159601211548 6.10506212711334
14.6245311558961 4.19232761859894 6.71159601211548 6.75810062885284
16.0962018752773 4.19232761859894 6.71159601211548 7.0311154127121
17.7159672366814 4.19232761859894 6.71159601211548 7.0311154127121
19.4987300459514 4.19232761859894 6.71159601211548 7.0311154127121
21.4808800919766 4.19232761859894 6.71159601211548 7.59330534934998
23.6425071500281 4.19232761859894 6.71159601211548 8.36280786991119
26.0216593522121 4.19232761859894 6.71159601211548 9.36877226829529
28.6402263154973 4.19232761859894 6.71159601211548 11.3277258872986
31.5223004152183 4.19232761859894 6.71159601211548 11.6159850358963
34.6943984492749 4.19232761859894 6.71159601211548 13.8746429681778
38.1857056084627 4.19232761859894 6.71159601211548 14.8006962537766
42.0283439976073 4.19232761859894 6.71159601211548 14.8006962537766
46.2576681780564 4.19232761859894 6.71159601211548 14.8006962537766
50.9125904506965 4.19232761859894 6.71159601211548 14.9877042770386
56.0359388722924 4.19232761859894 6.71159601211548 17.0011224746704
61.674851299112 4.19232761859894 6.71159601211548 17.8269968032837
67.8812090832727 4.19232761859894 6.71159601211548 20.8775196075439
74.7121144120754 4.19232761859894 6.71159601211548 24.6640381813049
82.2304156821292 4.19232761859894 6.71159601211548 27.908635020256
90.5052857420251 4.19232761859894 7.00932312011719 31.3454109430313
99.7056313992196 4.19232761859894 7.36356163024902 32.2714642286301
109.739037374665 4.19232761859894 7.36356163024902 32.2714642286301
120.782107840023 4.19232761859894 7.36356163024902 32.2714642286301
132.936445619368 4.19232761859894 7.66128873825073 32.2714642286301
146.313877857786 4.19232761859894 7.66128873825073 32.2714642286301
161.037484897703 4.19232761859894 7.66128873825073 32.2714642286301
177.242732691319 4.19232761859894 7.66128873825073 32.2714642286301
195.078719168039 4.19232761859894 7.66128873825073 32.2714642286301
214.709546024206 4.19232761859894 7.66128873825073 32.2714642286301
214.909512828253 4.19232761859894 7.66128873825073 32.2714642286301
