0.0194894644874591 0.586059033870697 0.00720006227493286 0.00501042604446411
0.0195076157341004 0.586059033870697 0.00720006227493286 0.00501042604446411
0.0214706726399789 0.586059033870697 0.00720006227493286 0.00501042604446411
0.0236312725192399 0.586059033870697 0.00720006227493286 0.00501042604446411
0.0260092941773403 0.586059033870697 0.00720006227493286 0.00501042604446411
0.02862661682957 0.586059033870697 0.00720006227493286 0.00501042604446411
0.0315073214028609 0.586059033870697 0.0156910419464111 0.00501042604446411
0.0346779120946542 0.586059033870697 0.0156910419464111 0.00501042604446411
0.0381675602272991 0.586059033870697 0.0156910419464111 0.00501042604446411
0.0420083726415892 0.586059033870697 0.0156910419464111 0.00501042604446411
0.0462787480746938 0.586059033870697 0.0295861959457397 0.00742822885513306
0.0509357916233132 0.586059033870697 0.0295861959457397 0.00742822885513306
0.056061474785492 0.586059033870697 0.0295861959457397 0.00742822885513306
0.0617029568985016 0.586059033870697 0.0295861959457397 0.00742822885513306
0.0679121429571029 0.651752918958664 0.0295861959457397 0.00742822885513306
0.0747461611704054 0.768446087837219 0.0469248294830322 0.0250182151794434
0.0822678885754094 0.967256665229797 0.0469248294830322 0.0288408696651459
0.0905465295431877 1.00701880455017 0.0469248294830322 0.0288408696651459
0.0996582525003081 1.9137766957283 0.0653372406959534 0.0321561694145203
0.109686890723714 2.30101633071899 0.0909720659255981 0.0486917793750763
0.120724713656792 2.30101633071899 0.0939673781394958 0.0543683469295502
0.132873275843195 2.74790793657303 0.0989150106906891 0.0543683469295502
0.146244351289115 2.74790793657303 0.132149701938033 0.0636368989944458
0.160960961850701 2.74790793657303 0.15667425096035 0.0753764696419239
0.177158509108387 2.74790793657303 0.164981514215469 0.0814457908272743
0.194986020142061 2.80583125352859 0.203679323196411 0.0821735560894012
0.214807390451206 3.0089550614357 0.217913068830967 0.102254688739777
0.23642351909587 3.39448344707489 0.230945533141494 0.116082191467285
0.260214884898814 3.51117664575577 0.273975685238838 0.125721126794815
0.286400382592417 3.51117664575577 0.279318243265152 0.142590060830116
0.315220934348083 3.7056565284729 0.329021826386452 0.154636740684509
0.346941706403675 3.7056565284729 0.352275215089321 0.171202063560486
0.381854548750803 3.7056565284729 0.405906975269318 0.191949278116226
0.420280680328535 3.70566511154175 0.443036666605622 0.204924687743187
0.462573644428912 3.84656143188477 0.484588107094169 0.240017861127853
0.509122561505755 3.93300080299377 0.538165397942066 0.254430145025253
0.560355709314554 3.93300080299377 0.597025856375694 0.285814017057419
0.616744463322841 4.19232761859894 0.654976464807987 0.307680130004883
0.678807633645181 4.19232761859894 0.73221812560223 0.345063477754593
0.74711623840516 4.19232761859894 0.809239417314529 0.377121523022652
0.822298757442146 4.19232761859894 0.89473682641983 0.418352127075195
0.90504691470005 4.19232761859894 0.985018283128738 0.462186753749847
0.997049767162749 4.19232761859894 1.0853765681386 0.509605094790459
1.0973831681079 4.19232761859894 1.2032627761364 0.558943006210029
1.207813147656 4.19232761859894 1.30515567213297 0.617438078857958
1.32935572737641 4.19232761859894 1.46308672428131 0.682520002126694
1.46312917137724 4.19232761859894 1.59607410430908 0.73395898938179
1.61036427500108 4.19232761859894 1.73757384717464 0.825055509805679
1.77241568887504 4.19232761859894 1.91139024496078 0.911918729543686
1.95077438250316 4.19232761859894 2.12215203046799 0.990894798189402
2.14708136207369 4.19232761859894 2.31120997667313 1.09073323011398
2.36314276869316 4.19232761859894 2.54597538709641 1.17676076292992
2.60094649596008 4.19232761859894 2.70889329910278 1.28563764691353
2.86268047976978 4.19232761859894 3.002685546875 1.39174401760101
3.15075282862747 4.19232761859894 3.24176943302155 1.50568550825119
3.46781397968047 4.19232761859894 3.50145888328552 1.7065652012825
3.81678108431816 4.19232761859894 3.79537737369537 1.84730231761932
4.2008648477019 4.19232761859894 4.23894691467285 2.00758010149002
4.62790519502682 4.19232761859894 4.43777275085449 2.14662277698517
5.09361260779729 4.19232761859894 4.75996899604797 2.37249433994293
5.6061842896419 4.19232761859894 5.13818645477295 2.55647784471512
6.17033620525356 4.19232761859894 5.49380111694336 2.79287624359131
6.79125888819023 4.19232761859894 6.07072710990906 3.04226982593536
7.47466519687438 4.19232761859894 6.56577444076538 3.20390188694
8.22684287629239 4.19232761859894 6.59067296981812 3.32516181468964
9.05471240899251 4.19232761859894 6.60084104537964 3.32516181468964
9.96589068764523 4.19232761859894 6.60084104537964 3.3880580663681
10.9687610949915 4.19232761859894 6.60084104537964 3.58818137645721
12.072550635956 4.19232761859894 6.60084104537964 3.70992863178253
13.2874148315868 4.19232761859894 6.60084104537964 3.93751689791679
14.6245311558961 4.19232761859894 6.60084104537964 4.76257693767548
16.0962018752773 4.19232761859894 6.60084104537964 5.08396017551422
17.7159672366814 4.19232761859894 6.60084104537964 5.27385115623474
19.4987300459514 4.19232761859894 6.60084104537964 5.27385115623474
21.4808800919766 4.19232761859894 6.60084104537964 5.71130037307739
23.6425071500281 4.19232761859894 6.60084104537964 5.8915456533432
26.0216593522121 4.19232761859894 6.60084104537964 6.87241926789284
28.6402263154973 4.19232761859894 6.60084104537964 7.62066650390625
31.5223004152183 4.19232761859894 6.60084104537964 8.16942703723907
34.6943984492749 4.19232761859894 6.60084104537964 8.48057794570923
38.1857056084627 4.19232761859894 6.60084104537964 8.59369659423828
42.0283439976073 4.19232761859894 6.60084104537964 8.59369659423828
46.2576681780564 4.19232761859894 6.60084104537964 8.59369659423828
50.9125904506965 4.19232761859894 6.60084104537964 8.59369659423828
56.0359388722924 4.19232761859894 6.60084104537964 8.6846034526825
61.674851299112 4.19232761859894 6.60084104537964 9.49885272979736
67.8812090832727 4.19232761859894 6.60084104537964 11.3301603794098
74.7121144120754 4.19232761859894 6.60084104537964 14.1439435482025
82.2304156821292 4.19232761859894 6.60084104537964 16.6040115356445
90.5052857420251 4.19232761859894 6.60084104537964 16.6040115356445
99.7056313992196 4.19232761859894 7.61595845222473 18.0925493240356
109.739037374665 4.19232761859894 7.61595845222473 18.5039577484131
120.782107840023 4.19232761859894 7.61595845222473 19.9924955368042
132.936445619368 4.19232761859894 7.61595845222473 19.9924955368042
146.313877857786 4.19232761859894 7.61595845222473 19.9924955368042
161.037484897703 4.19232761859894 7.61595845222473 28.0028104782104
177.242732691319 4.19232761859894 7.61595845222473 28.0028104782104
195.078719168039 4.19232761859894 7.88750004768372 36.5965070724487
214.709546024206 4.19232761859894 7.88750004768372 36.5965070724487
214.909512828253 4.19232761859894 7.88750004768372 36.5965070724487
