0.0194894644874591 0.586059033870697 0.00891017913818359 0.00217637419700623
0.0195076157341004 0.586059033870697 0.00891017913818359 0.00217637419700623
0.0214706726399789 0.586059033870697 0.00891017913818359 0.00217637419700623
0.0236312725192399 0.586059033870697 0.00891017913818359 0.00217637419700623
0.0260092941773403 0.586059033870697 0.00891017913818359 0.00217637419700623
0.02862661682957 0.586059033870697 0.00891017913818359 0.00217637419700623
0.0315073214028609 0.586059033870697 0.0177152454853058 0.01192706823349
0.0346779120946542 0.586059033870697 0.0177152454853058 0.01192706823349
0.0381675602272991 0.586059033870697 0.0177152454853058 0.01192706823349
0.0420083726415892 0.586059033870697 0.0177152454853058 0.01192706823349
0.0462787480746938 0.586059033870697 0.0317670106887817 0.01192706823349
0.0509357916233132 0.586059033870697 0.0317670106887817 0.01192706823349
0.056061474785492 0.586059033870697 0.0317670106887817 0.01192706823349
0.0617029568985016 0.586059033870697 0.0317670106887817 0.01192706823349
0.0679121429571029 0.651752918958664 0.0317670106887817 0.0305152833461761
0.0747461611704054 0.768446087837219 0.0447400063276291 0.0305152833461761
0.0822678885754094 0.967256665229797 0.0447400063276291 0.0305152833461761
0.0905465295431877 1.00701880455017 0.0470956563949585 0.0305152833461761
0.0996582525003081 1.9137766957283 0.0657712817192078 0.0395139455795288
0.109686890723714 2.30101633071899 0.0969088077545166 0.0478630661964417
0.120724713656792 2.30101633071899 0.0969088077545166 0.0494472980499268
0.132873275843195 2.74790793657303 0.102975249290466 0.0653503686189651
0.146244351289115 2.74790793657303 0.1374671459198 0.0711333453655243
0.160960961850701 2.74790793657303 0.164197161793709 0.0800763368606567
0.177158509108387 2.74790793657303 0.173550069332123 0.0800763368606567
0.194986020142061 2.80583125352859 0.207550406455994 0.0917546153068542
0.214807390451206 3.0089550614357 0.22464519739151 0.111716359853745
0.23642351909587 3.39448344707489 0.246742725372314 0.12114542722702
0.260214884898814 3.51117664575577 0.28153033554554 0.132522940635681
0.286400382592417 3.51117664575577 0.291229724884033 0.144691228866577
0.315220934348083 3.7056565284729 0.341743350028992 0.171353816986084
0.346941706403675 3.7056565284729 0.368723317980766 0.182735860347748
0.381854548750803 3.7056565284729 0.424562752246857 0.203032076358795
0.420280680328535 3.70566511154175 0.456739529967308 0.221296086907387
0.462573644428912 3.84656143188477 0.493824258446693 0.243513435125351
0.509122561505755 3.93300080299377 0.560275211930275 0.27411276102066
0.560355709314554 3.93300080299377 0.62115304172039 0.300509110093117
0.616744463322841 4.19232761859894 0.675006255507469 0.33299595117569
0.678807633645181 4.19232761859894 0.755595996975899 0.369116187095642
0.74711623840516 4.19232761859894 0.840337857604027 0.412218242883682
0.822298757442146 4.19232761859894 0.927645459771156 0.446088522672653
0.90504691470005 4.19232761859894 1.0155079215765 0.495123237371445
0.997049767162749 4.19232761859894 1.12230539321899 0.542216300964355
1.0973831681079 4.19232761859894 1.25196677446365 0.597795307636261
1.207813147656 4.19232761859894 1.36237691342831 0.666378170251846
1.32935572737641 4.19232761859894 1.50303047895432 0.734076276421547
1.46312917137724 4.19232761859894 1.65711092948914 0.786684781312943
1.61036427500108 4.19232761859894 1.80933149158955 0.862098976969719
1.77241568887504 4.19232761859894 1.96443945169449 0.971028700470924
1.95077438250316 4.19232761859894 2.1822122335434 1.04800122976303
2.14708136207369 4.19232761859894 2.37829113006592 1.14365553855896
2.36314276869316 4.19232761859894 2.61498713493347 1.24493946135044
2.60094649596008 4.19232761859894 2.80742585659027 1.38523900508881
2.86268047976978 4.19232761859894 3.08194065093994 1.52247607707977
3.15075282862747 4.19232761859894 3.33392596244812 1.64817869663239
3.46781397968047 4.19232761859894 3.5895973443985 1.84730511903763
3.81678108431816 4.19232761859894 3.87403476238251 2.06964892148972
4.2008648477019 4.19232761859894 4.30079746246338 2.27154195308685
4.62790519502682 4.19232761859894 4.58450222015381 2.46983128786087
5.09361260779729 4.19232761859894 4.85658288002014 2.714260160923
5.6061842896419 4.19232761859894 5.21200656890869 2.92969560623169
6.17033620525356 4.19232761859894 5.56262350082397 3.14984703063965
6.79125888819023 4.19232761859894 6.1736114025116 3.34095513820648
7.47466519687438 4.19232761859894 6.68089747428894 3.46786534786224
8.22684287629239 4.19232761859894 6.68748998641968 3.73036015033722
9.05471240899251 4.19232761859894 6.76913738250732 4.06536638736725
9.96589068764523 4.19232761859894 6.76913738250732 4.38288867473602
10.9687610949915 4.19232761859894 6.76913738250732 4.68764710426331
12.072550635956 4.19232761859894 6.76913738250732 4.95275235176086
13.2874148315868 4.19232761859894 6.76913738250732 5.52296590805054
14.6245311558961 4.19232761859894 6.76913738250732 6.09360074996948
16.0962018752773 4.19232761859894 6.76913738250732 6.58407282829285
17.7159672366814 4.19232761859894 6.76913738250732 6.74240279197693
19.4987300459514 4.19232761859894 6.76913738250732 7.38568633794785
21.4808800919766 4.19232761859894 6.76913738250732 8.15138663351536
23.6425071500281 4.19232761859894 6.76913738250732 8.91163796186447
26.0216593522121 4.19232761859894 6.89105582237244 9.90709376335144
28.6402263154973 4.19232761859894 6.89105582237244 9.93103802204132
31.5223004152183 4.19232761859894 6.89105582237244 11.1270389556885
34.6943984492749 4.19232761859894 6.89105582237244 11.3189539909363
38.1857056084627 4.19232761859894 6.89105582237244 12.3800609111786
42.0283439976073 4.19232761859894 6.89105582237244 12.3800609111786
46.2576681780564 4.19232761859894 6.89105582237244 12.3800609111786
50.9125904506965 4.19232761859894 6.89105582237244 12.3800609111786
56.0359388722924 4.19232761859894 6.89105582237244 12.3800609111786
61.674851299112 4.19232761859894 7.26120829582214 13.9166164398193
67.8812090832727 4.19232761859894 7.26120829582214 16.4767742156982
74.7121144120754 4.19232761859894 7.26120829582214 20.7867923378944
82.2304156821292 4.19232761859894 7.26120829582214 23.0608470439911
90.5052857420251 4.19232761859894 7.26120829582214 24.7795467525721
99.7056313992196 4.19232761859894 7.59000134468079 26.2966773509979
109.739037374665 4.19232761859894 7.59000134468079 26.2966773509979
120.782107840023 4.19232761859894 7.59000134468079 29.1494941711426
132.936445619368 4.19232761859894 7.96015381813049 29.1494941711426
146.313877857786 4.19232761859894 7.96015381813049 29.1494941711426
161.037484897703 4.19232761859894 7.96015381813049 39.8302803039551
177.242732691319 4.19232761859894 7.96015381813049 39.8302803039551
195.078719168039 4.19232761859894 7.96015381813049 52.2103412151337
214.709546024206 4.19232761859894 8.08331608772278 52.2103412151337
214.909512828253 4.19232761859894 8.08331608772278 52.2103412151337
