0.0387145280838013 0.586059033870697 0.0102128982543945 0.00857660174369812
0.0387500300966981 0.586059033870697 0.0102128982543945 0.00857660174369812
0.0425866726076336 0.586059033870697 0.0102128982543945 0.00857660174369812
0.0468031812946723 0.586059033870697 0.0102128982543945 0.00857660174369812
0.0514371667278207 0.586059033870697 0.0102128982543945 0.00857660174369812
0.0565299633015929 0.586059033870697 0.0102128982543945 0.00857660174369812
0.0621269979310704 0.586059033870697 0.0102128982543945 0.00857660174369812
0.068278195252578 0.586059033870697 0.0102128982543945 0.00857660174369812
0.0750384229432996 0.586059033870697 0.0193354487419128 0.0147014260292053
0.0824679811320132 0.586059033870697 0.0193354487419128 0.0147014260292053
0.0907162527069789 0.586059033870697 0.0193354487419128 0.0147014260292053
0.0996980736423392 0.586059033870697 0.0193354487419128 0.0147014260292053
0.109569185139287 0.586059033870697 0.0193354487419128 0.0147014260292053
0.120417635902936 0.586059033870697 0.0193354487419128 0.0147014260292053
0.132340192345309 0.586059033870697 0.0193354487419128 0.0147014260292053
0.145443201725957 0.586059033870697 0.0193354487419128 0.0147014260292053
0.159843540752169 0.967256665229797 0.0369644910097122 0.0284269154071808
0.175669658100152 0.967256665229797 0.0566806495189667 0.038564145565033
0.193062720156276 0.967256665229797 0.0905839055776596 0.038564145565033
0.212177870198225 1.85931992530823 0.0905839055776596 0.056201845407486
0.233185612247737 1.9137766957283 0.0905839055776596 0.0607860684394836
0.25627333193868 1.9137766957283 0.111451923847198 0.0620236843824387
0.281646967966354 2.74790793657303 0.15181951969862 0.0713831782341003
0.309532849027073 2.74790793657303 0.165883660316467 0.0715394020080566
0.340179712633237 2.74790793657303 0.18577852845192 0.0933629870414734
0.373860923811385 2.74790793657303 0.215101629495621 0.104125261306763
0.411253695994416 3.10663169622421 0.265813580248505 0.121977269649506
0.451971945990459 3.10663169622421 0.311593025922775 0.125344276428223
0.496721712052834 3.12219077348709 0.311593025922775 0.141346365213394
0.54590215479858 3.56563341617584 0.357411682605743 0.151787370443344
0.599951955758347 3.56563341617584 0.391975194215775 0.168213546276093
0.659353230344131 3.56563341617584 0.453377418220043 0.190297991037369
0.724635828240139 3.56563341617584 0.463857404887676 0.205857485532761
0.796382059575582 3.56563341617584 0.534474462270737 0.232979089021683
0.875231889036086 3.84656143188477 0.566239565610886 0.249419331550598
0.961888644244345 3.84656143188477 0.654563814401627 0.292130649089813
1.05712528932784 3.84656143188477 0.686449468135834 0.309498429298401
1.16179131963283 3.84656143188477 0.797608822584152 0.352876216173172
1.27682033908432 3.98659324645996 0.847443267703056 0.40479040145874
1.4032383877809 4.04104137420654 0.969705015420914 0.421812742948532
1.54217309410505 4.04104995727539 1.05101530998945 0.474705576896667
1.69486373298454 4.17070913314819 1.19066315889359 0.520234525203705
1.86438038854372 4.17070913314819 1.30617964267731 0.54929718375206
2.0489727885339 4.17070913314819 1.40333271026611 0.633288532495499
2.25184169172242 4.17070913314819 1.54914875328541 0.688581705093384
2.4747966556489 4.17070913314819 1.73590244352818 0.729726552963257
2.7198264022398 4.17070913314819 1.89944014698267 0.825527459383011
2.98911655688376 4.19232761859894 2.14653111994267 0.887891292572021
3.28506914385371 4.19232761859894 2.26584186404943 1.00822243094444
3.61032401197175 4.19232761859894 2.57720372080803 1.03876489400864
3.96778238163021 4.19232761859894 2.75640678405762 1.18587458133698
4.36063272320454 4.19232761859894 3.08124770969152 1.26014876365662
4.79237919768918 4.19232761859894 3.35536757111549 1.39052313566208
5.2668729132423 4.19232761859894 3.83831276744604 1.51885151863098
5.78834627644265 4.19232761859894 3.97906237840652 1.58628433942795
6.36145074466621 4.19232761859894 4.28866113722324 1.77418276667595
6.99129831632754 4.19232761859894 4.72136352956295 1.93051159381866
7.68350712907217 4.19232761859894 5.14098900556564 2.08222985267639
8.45199512379247 4.19232761859894 5.50851225852966 2.25960052013397
9.28882760400582 4.19232761859894 5.81123900413513 2.49813318252563
10.2085149119472 4.19232761859894 6.11944341659546 2.71137571334839
11.2192605084528 4.19232761859894 6.51322209835052 3.09975582361221
12.330080079446 4.19232761859894 6.6103538274765 3.38966932892799
13.5508819543863 4.19232761859894 6.73445725440979 3.66534614562988
14.8925554869521 4.19232761859894 6.73445725440979 3.94355231523514
16.3670681863003 4.19232761859894 6.84046292304993 4.23489683866501
17.9875724652967 4.19232761859894 6.84046292304993 4.67110896110535
19.7685229578944 4.19232761859894 6.84046292304993 5.14201021194458
21.7258054521118 4.19232761859894 6.84046292304993 5.67372965812683
23.8768785886714 4.19232761859894 7.5940101146698 6.40209770202637
26.2409295892292 4.19232761859894 7.5940101146698 7.16883164644241
28.8390454032626 4.19232761859894 7.5940101146698 7.68443882465363
31.6944008002223 4.19232761859894 7.5940101146698 8.37110385298729
34.8324650846968 4.19232761859894 7.5940101146698 9.13351118564606
38.3163339475004 4.19232761859894 7.5940101146698 9.63272881507874
42.1100361799719 4.19232761859894 7.5940101146698 10.6136727333069
46.2793530693252 4.19232761859894 7.5940101146698 11.3565053939819
50.8614742424258 4.19232761859894 7.5940101146698 11.6573491096497
55.8972714730444 4.19232761859894 7.5940101146698 11.9151556491852
61.4316632514152 4.19232761859894 7.5940101146698 11.9151556491852
67.5140154498445 4.19232761859894 7.5940101146698 16.0975303649902
74.1985816582434 4.19232761859894 7.5940101146698 17.9773262143135
81.5449871173038 4.19232761859894 7.5940101146698 17.9773262143135
89.6187605659235 4.19232761859894 7.5940101146698 22.4344582557678
98.4919187468734 4.19232761859894 7.5940101146698 26.1311740875244
108.243608784401 4.19232761859894 7.5940101146698 27.7548794746399
118.960814163673 4.19232761859894 7.5940101146698 28.0126860141754
130.739130609284 4.19232761859894 7.5940101146698 32.8324565887451
143.683618783529 4.19232761859894 7.5940101146698 32.8324565887451
157.909741410383 4.19232761859894 7.5940101146698 32.8324565887451
173.703536936922 4.19232761859894 7.5940101146698 32.8324565887451
190.901933233621 4.19232761859894 7.5940101146698 32.8324565887451
209.803143649102 4.19232761859894 7.5940101146698 34.905369758606
230.575763898515 4.19232761859894 7.96886873245239 34.905369758606
253.405082367608 4.19232761859894 7.96886873245239 34.905369758606
278.494732854913 4.19232761859894 7.96886873245239 34.905369758606
306.068510952025 4.19232761859894 7.96886873245239 34.905369758606
336.372370263797 4.19232761859894 7.96886873245239 34.905369758606
369.676616274388 4.19232761859894 7.96886873245239 34.905369758606
370.015617281199 4.19232761859894 7.96886873245239 34.905369758606
