0.0194894644874591 0.586059033870697 0.00757831335067749 0.00121921300888062
0.0195076157341004 0.586059033870697 0.00757831335067749 0.00121921300888062
0.0214706726399789 0.586059033870697 0.00757831335067749 0.00121921300888062
0.0236312725192399 0.586059033870697 0.00757831335067749 0.00121921300888062
0.0260092941773403 0.586059033870697 0.00757831335067749 0.00121921300888062
0.02862661682957 0.586059033870697 0.00757831335067749 0.00121921300888062
0.0315073214028609 0.586059033870697 0.016114354133606 0.00121921300888062
0.0346779120946542 0.586059033870697 0.016114354133606 0.00121921300888062
0.0381675602272991 0.586059033870697 0.016114354133606 0.00121921300888062
0.0420083726415892 0.586059033870697 0.016114354133606 0.00121921300888062
0.0462787480746938 0.586059033870697 0.0300571024417877 0.00121921300888062
0.0509357916233132 0.586059033870697 0.0300571024417877 0.00121921300888062
0.056061474785492 0.586059033870697 0.0300571024417877 0.00121921300888062
0.0617029568985016 0.586059033870697 0.0300571024417877 0.00121921300888062
0.0679121429571029 0.651752918958664 0.0300571024417877 0.0204101204872131
0.0747461611704054 0.768446087837219 0.0465719848871231 0.0204101204872131
0.0822678885754094 0.967256665229797 0.0465719848871231 0.0204101204872131
0.0905465295431877 1.00701880455017 0.0465719848871231 0.0329216718673706
0.0996582525003081 1.9137766957283 0.0654991865158081 0.0329216718673706
0.109686890723714 2.30101633071899 0.0924167037010193 0.0513755679130554
0.120724713656792 2.30101633071899 0.0947474241256714 0.0562892258167267
0.132873275843195 2.74790793657303 0.0993532836437225 0.0635119378566742
0.146244351289115 2.74790793657303 0.133379407227039 0.0722408443689346
0.160960961850701 2.74790793657303 0.158386155962944 0.0840072482824326
0.177158509108387 2.74790793657303 0.166954189538956 0.0906298160552979
0.194986020142061 2.80583125352859 0.204719185829163 0.103384837508202
0.214807390451206 3.0089550614357 0.219493933022022 0.108937650918961
0.23642351909587 3.39448344707489 0.234447962604463 0.125025480985641
0.260214884898814 3.51117664575577 0.27572076767683 0.142536237835884
0.286400382592417 3.51117664575577 0.28196507692337 0.152853101491928
0.315220934348083 3.7056565284729 0.332028321921825 0.173767849802971
0.346941706403675 3.7056565284729 0.356113187968731 0.187846273183823
0.381854548750803 3.7056565284729 0.410348534584045 0.206599682569504
0.420280680328535 3.70566511154175 0.446199676953256 0.232142150402069
0.462573644428912 3.84656143188477 0.487131707370281 0.253068760037422
0.509122561505755 3.93300080299377 0.543253637850285 0.27349928021431
0.560355709314554 3.93300080299377 0.602884247899055 0.308501616120338
0.616744463322841 4.19232761859894 0.660213120281696 0.343974709510803
0.678807633645181 4.19232761859894 0.737469085492194 0.379633262753487
0.74711623840516 4.19232761859894 0.816555082798004 0.414406642317772
0.822298757442146 4.19232761859894 0.901944249868393 0.450427383184433
0.90504691470005 4.19232761859894 0.991628050804138 0.501090630888939
0.997049767162749 4.19232761859894 1.09413511306047 0.549726471304893
1.0973831681079 4.19232761859894 1.21505525708199 0.598560959100723
1.207813147656 4.19232761859894 1.31886173039675 0.650363311171532
1.32935572737641 4.19232761859894 1.47330838441849 0.716956436634064
1.46312917137724 4.19232761859894 1.60692769289017 0.80241371691227
1.61036427500108 4.19232761859894 1.75463987886906 0.872284904122353
1.77241568887504 4.19232761859894 1.92339950799942 0.959543198347092
1.95077438250316 4.19232761859894 2.13733571767807 1.04336094856262
2.14708136207369 4.19232761859894 2.32579171657562 1.15375465154648
2.36314276869316 4.19232761859894 2.56225007772446 1.29190254211426
2.60094649596008 4.19232761859894 2.73240721225739 1.40446257591248
2.86268047976978 4.19232761859894 3.02162611484528 1.53181672096252
3.15075282862747 4.19232761859894 3.26375377178192 1.65292376279831
3.46781397968047 4.19232761859894 3.52218866348267 1.76917809247971
3.81678108431816 4.19232761859894 3.80849123001099 1.91755485534668
4.2008648477019 4.19232761859894 4.2552227973938 2.06285297870636
4.62790519502682 4.19232761859894 4.47157537937164 2.28276950120926
5.09361260779729 4.19232761859894 4.77789485454559 2.44343519210815
5.6061842896419 4.19232761859894 5.15536570549011 2.75532150268555
6.17033620525356 4.19232761859894 5.50322127342224 2.87154793739319
6.79125888819023 4.19232761859894 6.08941972255707 3.08690094947815
7.47466519687438 4.19232761859894 6.59030175209045 3.26972317695618
8.22684287629239 4.19232761859894 6.61239504814148 3.3090568780899
9.05471240899251 4.19232761859894 6.63502717018127 3.65190875530243
9.96589068764523 4.19232761859894 6.63502717018127 3.83766567707062
10.9687610949915 4.19232761859894 6.63502717018127 4.09345519542694
12.072550635956 4.19232761859894 6.63502717018127 4.64615654945374
13.2874148315868 4.19232761859894 6.63502717018127 4.98655390739441
14.6245311558961 4.19232761859894 6.63502717018127 5.45193576812744
16.0962018752773 4.19232761859894 6.63502717018127 6.04347562789917
17.7159672366814 4.19232761859894 6.63502717018127 6.40958023071289
19.4987300459514 4.19232761859894 6.63502717018127 6.80010461807251
21.4808800919766 4.19232761859894 6.63502717018127 7.95580577850342
23.6425071500281 4.19232761859894 6.63502717018127 8.40727138519287
26.0216593522121 4.19232761859894 6.63502717018127 8.61391544342041
28.6402263154973 4.19232761859894 6.63502717018127 9.84651660919189
31.5223004152183 4.19232761859894 6.63502717018127 10.6812896728516
34.6943984492749 4.19232761859894 6.63502717018127 11.2041165828705
38.1857056084627 4.19232761859894 6.63502717018127 13.0299339294434
42.0283439976073 4.19232761859894 6.63502717018127 13.0299339294434
46.2576681780564 4.19232761859894 6.63502717018127 13.6419310569763
50.9125904506965 4.19232761859894 6.63502717018127 15.9905753135681
56.0359388722924 4.19232761859894 6.63502717018127 17.827220916748
61.674851299112 4.19232761859894 6.63502717018127 19.7869629859924
67.8812090832727 4.19232761859894 6.63502717018127 21.7084059715271
74.7121144120754 4.19232761859894 6.63502717018127 24.2107996940613
82.2304156821292 4.19232761859894 6.63502717018127 26.7555594444275
90.5052857420251 4.19232761859894 6.63502717018127 31.4691519737244
99.7056313992196 4.19232761859894 7.50631833076477 31.4691519737244
109.739037374665 4.19232761859894 7.50631833076477 35.7900676727295
120.782107840023 4.19232761859894 7.50631833076477 40.5036602020264
132.936445619368 4.19232761859894 7.50631833076477 45.0946788787842
146.313877857786 4.19232761859894 7.50631833076477 45.0946788787842
161.037484897703 4.19232761859894 7.50631833076477 45.0946788787842
177.242732691319 4.19232761859894 7.50631833076477 45.0946788787842
195.078719168039 4.19232761859894 7.6334285736084 46.9712505340576
214.709546024206 4.19232761859894 7.6334285736084 64.9860191345215
214.909512828253 4.19232761859894 7.6334285736084 64.9860191345215
