0.0194894644874591 0.586059033870697 0.00822877883911133 0.000153660774230957
0.0195076157341004 0.586059033870697 0.00822877883911133 0.000153660774230957
0.0214706726399789 0.586059033870697 0.00822877883911133 0.000153660774230957
0.0236312725192399 0.586059033870697 0.00822877883911133 0.000153660774230957
0.0260092941773403 0.586059033870697 0.00822877883911133 0.000153660774230957
0.02862661682957 0.586059033870697 0.00822877883911133 0.000153660774230957
0.0315073214028609 0.586059033870697 0.0168985426425934 0.00269797444343567
0.0346779120946542 0.586059033870697 0.0168985426425934 0.00269797444343567
0.0381675602272991 0.586059033870697 0.0168985426425934 0.00269797444343567
0.0420083726415892 0.586059033870697 0.0168985426425934 0.00269797444343567
0.0462787480746938 0.586059033870697 0.0307794213294983 0.00996837019920349
0.0509357916233132 0.586059033870697 0.0307794213294983 0.00996837019920349
0.056061474785492 0.586059033870697 0.0307794213294983 0.00996837019920349
0.0617029568985016 0.586059033870697 0.0307794213294983 0.00996837019920349
0.0679121429571029 0.651752918958664 0.0307794213294983 0.0196735262870789
0.0747461611704054 0.768446087837219 0.0443459004163742 0.0285592973232269
0.0822678885754094 0.967256665229797 0.0443459004163742 0.0318530201911926
0.0905465295431877 1.00701880455017 0.0463947951793671 0.0337945818901062
0.0996582525003081 1.9137766957283 0.0641804337501526 0.0456767082214355
0.109686890723714 2.30101633071899 0.0928398370742798 0.0589998811483383
0.120724713656792 2.30101633071899 0.0941861867904663 0.0589998811483383
0.132873275843195 2.74790793657303 0.0993154346942902 0.0610059201717377
0.146244351289115 2.74790793657303 0.133629318326712 0.0740956962108612
0.160960961850701 2.74790793657303 0.159264102578163 0.0846860408782959
0.177158509108387 2.74790793657303 0.168320000171661 0.0912113189697266
0.194986020142061 2.80583125352859 0.202485203742981 0.106800377368927
0.214807390451206 3.0089550614357 0.219214461743832 0.114449739456177
0.23642351909587 3.39448344707489 0.238563951104879 0.131861716508865
0.260214884898814 3.51117664575577 0.275086052715778 0.148105710744858
0.286400382592417 3.51117664575577 0.283894270658493 0.157162398099899
0.315220934348083 3.7056565284729 0.331792391836643 0.174665927886963
0.346941706403675 3.7056565284729 0.358883358538151 0.197286993265152
0.381854548750803 3.7056565284729 0.411566197872162 0.216915190219879
0.420280680328535 3.70566511154175 0.445407549850643 0.24625600874424
0.462573644428912 3.84656143188477 0.483263264410198 0.266096621751785
0.509122561505755 3.93300080299377 0.544134397059679 0.299779236316681
0.560355709314554 3.93300080299377 0.602599963545799 0.330421537160873
0.616744463322841 4.19232761859894 0.65782292932272 0.357773050665855
0.678807633645181 4.19232761859894 0.735558792948723 0.402051538228989
0.74711623840516 4.19232761859894 0.81645841896534 0.431686550378799
0.822298757442146 4.19232761859894 0.900740124285221 0.475374490022659
0.90504691470005 4.19232761859894 0.988048166036606 0.530435413122177
0.997049767162749 4.19232761859894 1.09222403168678 0.586843490600586
1.0973831681079 4.19232761859894 1.21609127521515 0.644896775484085
1.207813147656 4.19232761859894 1.32405294850469 0.709939002990723
1.32935572737641 4.19232761859894 1.46613794565201 0.776045620441437
1.46312917137724 4.19232761859894 1.61167824268341 0.86221843957901
1.61036427500108 4.19232761859894 1.75993455946445 0.943657785654068
1.77241568887504 4.19232761859894 1.91302898526192 1.02918818593025
1.95077438250316 4.19232761859894 2.12931400537491 1.13091751933098
2.14708136207369 4.19232761859894 2.32044649124146 1.25267934799194
2.36314276869316 4.19232761859894 2.55257338285446 1.34414184093475
2.60094649596008 4.19232761859894 2.74095344543457 1.47371077537537
2.86268047976978 4.19232761859894 3.01679015159607 1.59984970092773
3.15075282862747 4.19232761859894 3.26475489139557 1.8305858373642
3.46781397968047 4.19232761859894 3.51703143119812 1.94188940525055
3.81678108431816 4.19232761859894 3.79676294326782 2.1752495765686
4.2008648477019 4.19232761859894 4.22951936721802 2.25915908813477
4.62790519502682 4.19232761859894 4.48151481151581 2.52658295631409
5.09361260779729 4.19232761859894 4.76305341720581 2.72694718837738
5.6061842896419 4.19232761859894 5.13973736763 3.03325438499451
6.17033620525356 4.19232761859894 5.48580944538116 3.24536418914795
6.79125888819023 4.19232761859894 6.07924497127533 3.44255006313324
7.47466519687438 4.19232761859894 6.58902549743652 3.97524523735046
8.22684287629239 4.19232761859894 6.60660743713379 4.15670728683472
9.05471240899251 4.19232761859894 6.67855095863342 4.51997137069702
9.96589068764523 4.19232761859894 6.67855095863342 4.84561944007874
10.9687610949915 4.19232761859894 6.67855095863342 5.10866165161133
12.072550635956 4.19232761859894 6.67855095863342 5.63122427463531
13.2874148315868 4.19232761859894 6.67855095863342 6.43329069018364
14.6245311558961 4.19232761859894 6.67855095863342 7.04152572154999
16.0962018752773 4.19232761859894 6.67855095863342 8.088707447052
17.7159672366814 4.19232761859894 6.67855095863342 8.86896014213562
19.4987300459514 4.19232761859894 6.67855095863342 9.37956690788269
21.4808800919766 4.19232761859894 6.67855095863342 9.67596626281738
23.6425071500281 4.19232761859894 6.67855095863342 10.5423512458801
26.0216593522121 4.19232761859894 6.71192193031311 11.5391354560852
28.6402263154973 4.19232761859894 6.71192193031311 11.6562905311584
31.5223004152183 4.19232761859894 6.71192193031311 12.5136585235596
34.6943984492749 4.19232761859894 6.71192193031311 13.0919408798218
38.1857056084627 4.19232761859894 6.71192193031311 15.0722651481628
42.0283439976073 4.19232761859894 6.71192193031311 17.0409626960754
46.2576681780564 4.19232761859894 6.71192193031311 18.2470383644104
50.9125904506965 4.19232761859894 6.71192193031311 20.490927696228
56.0359388722924 4.19232761859894 6.71192193031311 20.490927696228
61.674851299112 4.19232761859894 6.75670123100281 20.490927696228
67.8812090832727 4.19232761859894 6.75670123100281 20.490927696228
74.7121144120754 4.19232761859894 6.75670123100281 22.1153512001038
82.2304156821292 4.19232761859894 6.75670123100281 30.3243527412415
90.5052857420251 4.19232761859894 6.75670123100281 32.9550809860229
99.7056313992196 4.19232761859894 7.59124565124512 36.4055156707764
109.739037374665 4.19232761859894 7.59124565124512 40.461296081543
120.782107840023 4.19232761859894 7.59124565124512 44.3754940032959
132.936445619368 4.19232761859894 7.63602495193481 47.5249919891357
146.313877857786 4.19232761859894 7.63602495193481 47.5249919891357
161.037484897703 4.19232761859894 7.63602495193481 47.6431694030762
177.242732691319 4.19232761859894 7.63602495193481 47.6431694030762
195.078719168039 4.19232761859894 7.82613611221313 65.7706274986267
214.709546024206 4.19232761859894 7.87091541290283 78.7898101806641
214.909512828253 4.19232761859894 7.87091541290283 78.7898101806641
