0.0387145280838013 0.586059033870697 0.00716835260391235 0.00570622086524963
0.0387500300966981 0.586059033870697 0.00716835260391235 0.00570622086524963
0.0425866726076336 0.586059033870697 0.00716835260391235 0.00570622086524963
0.0468031812946723 0.586059033870697 0.00716835260391235 0.00570622086524963
0.0514371667278207 0.586059033870697 0.00716835260391235 0.00570622086524963
0.0565299633015929 0.586059033870697 0.00716835260391235 0.00570622086524963
0.0621269979310704 0.586059033870697 0.00716835260391235 0.00570622086524963
0.068278195252578 0.586059033870697 0.00716835260391235 0.00570622086524963
0.0750384229432996 0.586059033870697 0.0156261920928955 0.00570622086524963
0.0824679811320132 0.586059033870697 0.0156261920928955 0.00570622086524963
0.0907162527069789 0.586059033870697 0.0156261920928955 0.00570622086524963
0.0996980736423392 0.586059033870697 0.0156261920928955 0.00570622086524963
0.109569185139287 0.586059033870697 0.0156261920928955 0.00570622086524963
0.120417635902936 0.586059033870697 0.0156261920928955 0.00570622086524963
0.132340192345309 0.586059033870697 0.0156261920928955 0.00570622086524963
0.145443201725957 0.586059033870697 0.0156261920928955 0.00570622086524963
0.159843540752169 0.967256665229797 0.0508391261100769 0.02386075258255
0.175669658100152 0.967256665229797 0.0508391261100769 0.0385157316923141
0.193062720156276 0.967256665229797 0.0781918168067932 0.0464600324630737
0.212177870198225 1.85931992530823 0.085529088973999 0.0588901787996292
0.233185612247737 1.9137766957283 0.085529088973999 0.0588901787996292
0.25627333193868 1.9137766957283 0.10246953368187 0.0693527981638908
0.281646967966354 2.74790793657303 0.138852596282959 0.0730956196784973
0.309532849027073 2.74790793657303 0.148653149604797 0.079827681183815
0.340179712633237 2.74790793657303 0.182447195053101 0.098834216594696
0.373860923811385 2.74790793657303 0.201008766889572 0.101838171482086
0.411253695994416 3.10663169622421 0.236484825611115 0.118857800960541
0.451971945990459 3.10663169622421 0.281121224164963 0.138372868299484
0.496721712052834 3.12219077348709 0.281121224164963 0.155235767364502
0.54590215479858 3.56563341617584 0.326384842395782 0.169978216290474
0.599951955758347 3.56563341617584 0.372821241617203 0.189198151230812
0.659353230344131 3.56563341617584 0.414312273263931 0.211721651256084
0.724635828240139 3.56563341617584 0.416727721691132 0.230058804154396
0.796382059575582 3.56563341617584 0.480962842702866 0.253164365887642
0.875231889036086 3.84656143188477 0.51924791932106 0.271845430135727
0.961888644244345 3.84656143188477 0.620006859302521 0.304544925689697
1.05712528932784 3.84656143188477 0.65971764922142 0.339243568480015
1.16179131963283 3.84656143188477 0.723383605480194 0.381500452756882
1.27682033908432 3.98659324645996 0.787742376327515 0.404928103089333
1.4032383877809 4.04104137420654 0.905467718839645 0.442822933197021
1.54217309410505 4.04104995727539 0.976969629526138 0.490719482302666
1.69486373298454 4.17070913314819 1.08939850330353 0.565761208534241
1.86438038854372 4.17070913314819 1.21705216169357 0.604808703064919
2.0489727885339 4.17070913314819 1.29721242189407 0.647202849388123
2.25184169172242 4.17070913314819 1.4555715918541 0.731822550296783
2.4747966556489 4.17070913314819 1.58616256713867 0.795955613255501
2.7198264022398 4.17070913314819 1.75770226120949 0.907216608524323
2.98911655688376 4.19232761859894 1.97903788089752 0.961403414607048
3.28506914385371 4.19232761859894 2.11393758654594 1.06387422978878
3.61032401197175 4.19232761859894 2.38151025772095 1.21065455675125
3.96778238163021 4.19232761859894 2.58146822452545 1.31957356631756
4.36063272320454 4.19232761859894 2.81443259119987 1.38531310856342
4.79237919768918 4.19232761859894 3.09778615832329 1.56264680624008
5.2668729132423 4.19232761859894 3.51514884829521 1.71937543153763
5.78834627644265 4.19232761859894 3.77393305301666 1.92606121301651
6.36145074466621 4.19232761859894 3.97987559437752 2.05669730901718
6.99129831632754 4.19232761859894 4.41605278849602 2.24472624063492
7.68350712907217 4.19232761859894 4.87796801328659 2.42361348867416
8.45199512379247 4.19232761859894 5.25106972455978 2.70702761411667
9.28882760400582 4.19232761859894 5.47222685813904 3.05178666114807
10.2085149119472 4.19232761859894 6.07019662857056 3.1792631149292
11.2192605084528 4.19232761859894 6.57231521606445 3.49074852466583
12.330080079446 4.19232761859894 6.63679170608521 3.65048372745514
13.5508819543863 4.19232761859894 6.66309404373169 4.06598448753357
14.8925554869521 4.19232761859894 6.67088007926941 4.19347810745239
16.3670681863003 4.19232761859894 6.67088007926941 4.26064395904541
17.9875724652967 4.19232761859894 6.67088007926941 4.67596209049225
19.7685229578944 4.19232761859894 6.67088007926941 5.19732117652893
21.7258054521118 4.19232761859894 6.67088007926941 5.26448702812195
23.8768785886714 4.19232761859894 6.67088007926941 5.63648593425751
26.2409295892292 4.19232761859894 6.67088007926941 5.9327005147934
28.8390454032626 4.19232761859894 6.67088007926941 6.89342725276947
31.6944008002223 4.19232761859894 6.67088007926941 6.89342725276947
34.8324650846968 4.19232761859894 6.67088007926941 7.67651164531708
38.3163339475004 4.19232761859894 6.67088007926941 8.13050723075867
42.1100361799719 4.19232761859894 6.67088007926941 9.00552773475647
46.2793530693252 4.19232761859894 6.67088007926941 9.7021279335022
50.8614742424258 4.19232761859894 6.67088007926941 10.8057646751404
55.8972714730444 4.19232761859894 6.67088007926941 10.8057646751404
61.4316632514152 4.19232761859894 6.67088007926941 11.4995818138123
67.5140154498445 4.19232761859894 6.67088007926941 14.9997992515564
74.1985816582434 4.19232761859894 6.67088007926941 16.4438514709473
81.5449871173038 4.19232761859894 6.67088007926941 17.6431427598
89.6187605659235 4.19232761859894 6.67088007926941 20.6719353199005
98.4919187468734 4.19232761859894 6.67088007926941 23.8997639417648
108.243608784401 4.19232761859894 7.60428619384766 25.0706713199615
118.960814163673 4.19232761859894 7.60428619384766 25.0975153446198
130.739130609284 4.19232761859894 7.60428619384766 27.4477014541626
143.683618783529 4.19232761859894 7.60428619384766 27.4477014541626
157.909741410383 4.19232761859894 7.60428619384766 27.4477014541626
173.703536936922 4.19232761859894 7.60428619384766 27.4477014541626
190.901933233621 4.19232761859894 7.60428619384766 27.4477014541626
209.803143649102 4.19232761859894 7.60428619384766 27.4477014541626
230.575763898515 4.19232761859894 7.60428619384766 27.4477014541626
253.405082367608 4.19232761859894 7.60428619384766 27.4477014541626
278.494732854913 4.19232761859894 7.60428619384766 27.4477014541626
306.068510952025 4.19232761859894 7.60428619384766 27.4477014541626
336.372370263797 4.19232761859894 7.60428619384766 27.4477014541626
369.676616274388 4.19232761859894 7.60428619384766 27.4477014541626
370.015617281199 4.19232761859894 7.60428619384766 27.4477014541626
