0.0387145280838013 0.586059033870697 0.00692474842071533 0.00530743598937988
0.0387500300966981 0.586059033870697 0.00692474842071533 0.00530743598937988
0.0425866726076336 0.586059033870697 0.00692474842071533 0.00530743598937988
0.0468031812946723 0.586059033870697 0.00692474842071533 0.00530743598937988
0.0514371667278207 0.586059033870697 0.00692474842071533 0.00530743598937988
0.0565299633015929 0.586059033870697 0.00692474842071533 0.00530743598937988
0.0621269979310704 0.586059033870697 0.00692474842071533 0.00530743598937988
0.068278195252578 0.586059033870697 0.00692474842071533 0.00530743598937988
0.0750384229432996 0.586059033870697 0.0153872966766357 0.00530743598937988
0.0824679811320132 0.586059033870697 0.0153872966766357 0.00530743598937988
0.0907162527069789 0.586059033870697 0.0291114747524261 0.00530743598937988
0.0996980736423392 0.586059033870697 0.0291114747524261 0.00530743598937988
0.109569185139287 0.586059033870697 0.0291114747524261 0.00530743598937988
0.120417635902936 0.586059033870697 0.0291114747524261 0.00530743598937988
0.132340192345309 0.586059033870697 0.0291114747524261 0.00530743598937988
0.145443201725957 0.99837489426136 0.0638148039579391 0.0255606770515442
0.159843540752169 0.99837489426136 0.0638148039579391 0.032029926776886
0.175669658100152 0.99837489426136 0.0638148039579391 0.0367180109024048
0.193062720156276 0.99837489426136 0.0787060707807541 0.0478599071502686
0.212177870198225 2.30101633071899 0.102369844913483 0.0495599508285522
0.233185612247737 2.30101633071899 0.102369844913483 0.0600433647632599
0.25627333193868 2.30101633071899 0.119578272104263 0.0683256685733795
0.281646967966354 2.74790793657303 0.138645514845848 0.0734341740608215
0.309532849027073 2.74790793657303 0.149265170097351 0.0804345011711121
0.340179712633237 2.74790793657303 0.174855828285217 0.0865371227264404
0.373860923811385 2.74790793657303 0.201755613088608 0.103850454092026
0.411253695994416 3.10663169622421 0.237737350165844 0.111970126628876
0.451971945990459 3.13343650102615 0.282666951417923 0.122493743896484
0.496721712052834 3.13343650102615 0.302343659102917 0.140445917844772
0.54590215479858 3.56563341617584 0.327410489320755 0.156919598579407
0.599951955758347 3.7056565284729 0.368166357278824 0.169908463954926
0.659353230344131 3.7056565284729 0.417275208979845 0.187908411026001
0.724635828240139 3.7056565284729 0.44964475184679 0.203058898448944
0.796382059575582 3.7056565284729 0.483912140130997 0.229266829788685
0.875231889036086 3.84656143188477 0.56442466378212 0.247593060135841
0.961888644244345 3.84656143188477 0.613684803247452 0.281264930963516
1.05712528932784 3.93300080299377 0.672742433845997 0.311183124780655
1.16179131963283 3.93300080299377 0.732137441635132 0.343050599098206
1.27682033908432 4.04104995727539 0.794717200100422 0.374872922897339
1.4032383877809 4.04104995727539 0.901796489953995 0.417224943637848
1.54217309410505 4.19232761859894 0.97617045044899 0.453067064285278
1.69486373298454 4.19232761859894 1.09629213809967 0.500924229621887
1.86438038854372 4.19232761859894 1.21530330181122 0.547288596630096
2.0489727885339 4.19232761859894 1.31173893809319 0.600140601396561
2.25184169172242 4.19232761859894 1.47081795334816 0.672552496194839
2.4747966556489 4.19232761859894 1.59262801706791 0.719577044248581
2.7198264022398 4.19232761859894 1.77551877498627 0.800537765026093
2.98911655688376 4.19232761859894 1.96648348867893 0.878335490822792
3.28506914385371 4.19232761859894 2.11306300014257 0.97649022936821
3.61032401197175 4.19232761859894 2.38892245292664 1.08061692118645
3.96778238163021 4.19232761859894 2.56125938892365 1.16362392902374
4.36063272320454 4.19232761859894 2.82510669901967 1.27513682842255
4.79237919768918 4.19232761859894 3.16026973724365 1.38894987106323
5.2668729132423 4.19232761859894 3.52999695017934 1.55398309230804
5.78834627644265 4.19232761859894 3.74429380893707 1.69084310531616
6.36145074466621 4.19232761859894 3.99253156781197 1.86840945482254
6.99129831632754 4.19232761859894 4.40486432611942 2.01983588933945
7.68350712907217 4.19232761859894 4.85746628046036 2.23737841844559
8.45199512379247 4.19232761859894 5.36166167259216 2.47356241941452
9.28882760400582 4.19232761859894 5.65151643753052 2.68175452947617
10.2085149119472 4.19232761859894 5.95746541023254 2.96740424633026
11.2192605084528 4.19232761859894 6.41276693344116 3.25455194711685
12.330080079446 4.19232761859894 6.50146961212158 3.53348106145859
13.5508819543863 4.19232761859894 6.53361511230469 3.94727617502213
14.8925554869521 4.19232761859894 6.55568361282349 4.23573708534241
16.3670681863003 4.19232761859894 6.55568361282349 4.54565954208374
17.9875724652967 4.19232761859894 6.56248044967651 4.85133123397827
19.7685229578944 4.19232761859894 6.56248044967651 5.42980766296387
21.7258054521118 4.19232761859894 6.56248044967651 6.20779919624329
23.8768785886714 4.19232761859894 6.56248044967651 6.90220320224762
26.2409295892292 4.19232761859894 6.56248044967651 7.68255558609962
28.8390454032626 4.19232761859894 6.56248044967651 8.22557955980301
31.6944008002223 4.19232761859894 6.56248044967651 9.14544546604156
34.8324650846968 4.19232761859894 6.56248044967651 9.90747308731079
38.3163339475004 4.19232761859894 6.56248044967651 10.489636182785
42.1100361799719 4.19232761859894 6.56248044967651 10.8908815383911
46.2793530693252 4.19232761859894 6.56248044967651 10.8908815383911
50.8614742424258 4.19232761859894 6.56248044967651 10.8908815383911
55.8972714730444 4.19232761859894 6.56248044967651 11.542816400528
61.4316632514152 4.19232761859894 6.56248044967651 11.542816400528
67.5140154498445 4.19232761859894 6.56248044967651 11.542816400528
74.1985816582434 4.19232761859894 6.56248044967651 11.542816400528
81.5449871173038 4.19232761859894 6.56248044967651 12.9084184765816
89.6187605659235 4.19232761859894 6.56248044967651 15.0632412433624
98.4919187468734 4.19232761859894 6.56248044967651 15.9496310949326
108.243608784401 4.19232761859894 7.60130500793457 17.4664130210876
118.960814163673 4.19232761859894 7.60130500793457 18.3718206882477
130.739130609284 4.19232761859894 7.60130500793457 18.5528364181519
143.683618783529 4.19232761859894 7.60130500793457 18.5528364181519
157.909741410383 4.19232761859894 7.60130500793457 18.5528364181519
173.703536936922 4.19232761859894 7.60130500793457 25.1937775611877
190.901933233621 4.19232761859894 7.60130500793457 25.1937775611877
209.803143649102 4.19232761859894 7.91335439682007 34.2454323768616
230.575763898515 4.19232761859894 7.91335439682007 35.1508400440216
253.405082367608 4.19232761859894 7.91335439682007 35.1508400440216
278.494732854913 4.19232761859894 7.91335439682007 35.1508400440216
306.068510952025 4.19232761859894 7.91335439682007 35.1508400440216
336.372370263797 4.19232761859894 7.91335439682007 36.2547190189362
369.676616274388 4.19232761859894 7.91335439682007 36.2547190189362
370.015617281199 4.19232761859894 7.91335439682007 36.2547190189362
