0.0387145280838013 0.586059033870697 0.00711536407470703 0.00231122970581055
0.0387500300966981 0.586059033870697 0.00711536407470703 0.00231122970581055
0.0425866726076336 0.586059033870697 0.00711536407470703 0.00231122970581055
0.0468031812946723 0.586059033870697 0.00711536407470703 0.00231122970581055
0.0514371667278207 0.586059033870697 0.00711536407470703 0.00231122970581055
0.0565299633015929 0.586059033870697 0.00711536407470703 0.00231122970581055
0.0621269979310704 0.586059033870697 0.00711536407470703 0.00231122970581055
0.068278195252578 0.586059033870697 0.00711536407470703 0.00231122970581055
0.0750384229432996 0.586059033870697 0.0155610144138336 0.00602447986602783
0.0824679811320132 0.586059033870697 0.0155610144138336 0.00602447986602783
0.0907162527069789 0.586059033870697 0.0295340418815613 0.00602447986602783
0.0996980736423392 0.586059033870697 0.0295340418815613 0.00602447986602783
0.109569185139287 0.586059033870697 0.0295340418815613 0.00602447986602783
0.120417635902936 0.586059033870697 0.0295340418815613 0.00602447986602783
0.132340192345309 0.586059033870697 0.0295340418815613 0.00602447986602783
0.145443201725957 0.99837489426136 0.0670034885406494 0.0146508812904358
0.159843540752169 0.99837489426136 0.0670034885406494 0.0156383514404297
0.175669658100152 0.99837489426136 0.0670034885406494 0.0211991518735886
0.193062720156276 0.99837489426136 0.0784835517406464 0.0290647000074387
0.212177870198225 2.30101633071899 0.102271854877472 0.0302020013332367
0.233185612247737 2.30101633071899 0.102271854877472 0.0399761199951172
0.25627333193868 2.30101633071899 0.118903428316116 0.0451499223709106
0.281646967966354 2.74790793657303 0.138700366020203 0.0532649755477905
0.309532849027073 2.74790793657303 0.148887157440186 0.055389404296875
0.340179712633237 2.74790793657303 0.177740931510925 0.05723637342453
0.373860923811385 2.74790793657303 0.201180696487427 0.0694229006767273
0.411253695994416 3.10663169622421 0.237057387828827 0.0694229006767273
0.451971945990459 3.13343650102615 0.281747043132782 0.0965206623077393
0.496721712052834 3.13343650102615 0.30614298582077 0.103130996227264
0.54590215479858 3.56563341617584 0.326765477657318 0.11871212720871
0.599951955758347 3.7056565284729 0.370612561702728 0.12758880853653
0.659353230344131 3.7056565284729 0.415461272001266 0.144647300243378
0.724635828240139 3.7056565284729 0.449473887681961 0.155685484409332
0.796382059575582 3.7056565284729 0.482165992259979 0.161495290696621
0.875231889036086 3.84656143188477 0.567271590232849 0.184017673134804
0.961888644244345 3.84656143188477 0.616938710212708 0.214453339576721
1.05712528932784 3.93300080299377 0.673051208257675 0.236370593309402
1.16179131963283 3.93300080299377 0.730117157101631 0.253323018550873
1.27682033908432 4.04104995727539 0.792678833007812 0.283575594425201
1.4032383877809 4.04104995727539 0.903449177742004 0.305131167173386
1.54217309410505 4.19232761859894 0.976046800613403 0.342517137527466
1.69486373298454 4.19232761859894 1.091932117939 0.37365896999836
1.86438038854372 4.19232761859894 1.21558904647827 0.4241913408041
2.0489727885339 4.19232761859894 1.31044602394104 0.453597888350487
2.25184169172242 4.19232761859894 1.46967649459839 0.501179501414299
2.4747966556489 4.19232761859894 1.5881126075983 0.550775565207005
2.7198264022398 4.19232761859894 1.77381670475006 0.605155691504478
2.98911655688376 4.19232761859894 1.96141791343689 0.663970351219177
3.28506914385371 4.19232761859894 2.11208891868591 0.726278364658356
3.61032401197175 4.19232761859894 2.38364160060883 0.801106005907059
3.96778238163021 4.19232761859894 2.57084286212921 0.876343443989754
4.36063272320454 4.19232761859894 2.81834244728088 0.95359855890274
4.79237919768918 4.19232761859894 3.15655767917633 1.03427469730377
5.2668729132423 4.19232761859894 3.52020955085754 1.13463670015335
5.78834627644265 4.19232761859894 3.75835257768631 1.2415092587471
6.36145074466621 4.19232761859894 3.98285239934921 1.3898234218359
6.99129831632754 4.19232761859894 4.40891766548157 1.48540687561035
7.68350712907217 4.19232761859894 4.86434787511826 1.61017274856567
8.45199512379247 4.19232761859894 5.38749670982361 1.72752070426941
9.28882760400582 4.19232761859894 5.70049858093262 1.86144804954529
10.2085149119472 4.19232761859894 6.01264321804047 2.09339022636414
11.2192605084528 4.19232761859894 6.49220442771912 2.15147686004639
12.330080079446 4.19232761859894 6.56725811958313 2.68867707252502
13.5508819543863 4.19232761859894 6.59145712852478 2.68867707252502
14.8925554869521 4.19232761859894 6.60943174362183 2.69326186180115
16.3670681863003 4.19232761859894 6.60943174362183 2.86649185419083
17.9875724652967 4.19232761859894 6.60943174362183 3.09785270690918
19.7685229578944 4.19232761859894 6.60943174362183 3.65061789751053
21.7258054521118 4.19232761859894 6.60943174362183 4.08015418052673
23.8768785886714 4.19232761859894 6.60943174362183 4.12116080522537
26.2409295892292 4.19232761859894 6.60943174362183 4.30599784851074
28.8390454032626 4.19232761859894 6.60943174362183 4.91188740730286
31.6944008002223 4.19232761859894 6.60943174362183 4.98021864891052
34.8324650846968 4.19232761859894 6.60943174362183 5.70510894060135
38.3163339475004 4.19232761859894 6.60943174362183 6.00547629594803
42.1100361799719 4.19232761859894 6.60943174362183 6.66351187229156
46.2793530693252 4.19232761859894 6.60943174362183 6.93176424503326
50.8614742424258 4.19232761859894 6.60943174362183 7.40898704528809
55.8972714730444 4.19232761859894 6.60943174362183 7.49524509906769
61.4316632514152 4.19232761859894 6.60943174362183 8.71687316894531
67.5140154498445 4.19232761859894 6.60943174362183 9.76614952087402
74.1985816582434 4.19232761859894 6.60943174362183 10.6109466552734
81.5449871173038 4.19232761859894 6.60943174362183 11.9801559448242
89.6187605659235 4.19232761859894 6.60943174362183 13.2024059295654
98.4919187468734 4.19232761859894 6.60943174362183 14.2816199064255
108.243608784401 4.19232761859894 7.51176428794861 15.8193653821945
118.960814163673 4.19232761859894 7.51176428794861 16.5204745531082
130.739130609284 4.19232761859894 7.51176428794861 16.5204745531082
143.683618783529 4.19232761859894 7.51176428794861 16.5204745531082
157.909741410383 4.19232761859894 7.51176428794861 16.5204745531082
173.703536936922 4.19232761859894 7.51176428794861 16.5204745531082
190.901933233621 4.19232761859894 7.51176428794861 16.5204745531082
209.803143649102 4.19232761859894 7.63023996353149 16.5204745531082
230.575763898515 4.19232761859894 7.63023996353149 16.5204745531082
253.405082367608 4.19232761859894 7.63023996353149 16.5204745531082
278.494732854913 4.19232761859894 7.63023996353149 16.5204745531082
306.068510952025 4.19232761859894 7.63023996353149 16.5204745531082
336.372370263797 4.19232761859894 7.63023996353149 16.5204745531082
369.676616274388 4.19232761859894 7.63023996353149 16.5204745531082
370.015617281199 4.19232761859894 7.63023996353149 16.5204745531082
