0.0194894644874591 0.586059033870697 0.0094064474105835 0.00798332691192627
0.0195076157341004 0.586059033870697 0.0094064474105835 0.00798332691192627
0.0214706726399789 0.586059033870697 0.0094064474105835 0.00798332691192627
0.0236312725192399 0.586059033870697 0.0094064474105835 0.00798332691192627
0.0260092941773403 0.586059033870697 0.0094064474105835 0.00798332691192627
0.02862661682957 0.586059033870697 0.0094064474105835 0.00798332691192627
0.0315073214028609 0.586059033870697 0.0182382464408875 0.00798332691192627
0.0346779120946542 0.586059033870697 0.0182382464408875 0.00798332691192627
0.0381675602272991 0.586059033870697 0.0182382464408875 0.00798332691192627
0.0420083726415892 0.586059033870697 0.0182382464408875 0.00798332691192627
0.0462787480746938 0.586059033870697 0.0182382464408875 0.00798332691192627
0.0509357916233132 0.586059033870697 0.0182382464408875 0.00798332691192627
0.056061474785492 0.586059033870697 0.0182382464408875 0.00798332691192627
0.0617029568985016 0.586059033870697 0.0182382464408875 0.00798332691192627
0.0679121429571029 0.586059033870697 0.0309438109397888 0.0229238271713257
0.0747461611704054 0.768446087837219 0.0471240729093552 0.0327596664428711
0.0822678885754094 0.967256665229797 0.0471240729093552 0.0327596664428711
0.0905465295431877 1.00701880455017 0.0471635162830353 0.0327596664428711
0.0996582525003081 1.9137766957283 0.0515534281730652 0.0327596664428711
0.109686890723714 1.9137766957283 0.102814614772797 0.0450572371482849
0.120724713656792 1.9137766957283 0.102814614772797 0.047923743724823
0.132873275843195 2.74790793657303 0.102814614772797 0.0548879504203796
0.146244351289115 2.74790793657303 0.13047182559967 0.0698781907558441
0.160960961850701 2.74790793657303 0.134051993489265 0.0771916508674622
0.177158509108387 2.74790793657303 0.171621348708868 0.0969314277172089
0.194986020142061 2.80583125352859 0.216881394386292 0.101505815982819
0.214807390451206 2.80583125352859 0.227318193763494 0.122986003756523
0.23642351909587 3.39448344707489 0.255350705236197 0.129708230495453
0.260214884898814 3.51117664575577 0.291187927126884 0.148458182811737
0.286400382592417 3.51117664575577 0.299089934676886 0.163036346435547
0.315220934348083 3.56563341617584 0.34525990486145 0.182157248258591
0.346941706403675 3.56563341617584 0.380020599812269 0.203002706170082
0.381854548750803 3.56563341617584 0.436972558498383 0.222293883562088
0.420280680328535 3.62527656555176 0.4605862647295 0.254380345344543
0.462573644428912 3.84656143188477 0.512361537665129 0.273484349250793
0.509122561505755 3.84656143188477 0.566651836037636 0.297339916229248
0.560355709314554 3.93300080299377 0.646270841360092 0.331903949379921
0.616744463322841 3.98659324645996 0.701510980725288 0.363667964935303
0.678807633645181 3.98659324645996 0.785852331668139 0.406128346920013
0.74711623840516 4.04104995727539 0.875179201364517 0.44912114739418
0.822298757442146 4.06265139579773 0.961745947599411 0.496810764074326
0.90504691470005 4.17070913314819 1.05846045911312 0.545408755540848
0.997049767162749 4.17070913314819 1.16501070559025 0.601560473442078
1.0973831681079 4.17070913314819 1.28968445956707 0.651060551404953
1.207813147656 4.17070913314819 1.41331680119038 0.735668927431107
1.32935572737641 4.17070913314819 1.56154054403305 0.800254344940186
1.46312917137724 4.17070913314819 1.71790474653244 0.876926094293594
1.61036427500108 4.19232761859894 1.8494548201561 0.96160888671875
1.77241568887504 4.19232761859894 2.02326625585556 1.07430052757263
1.95077438250316 4.19232761859894 2.26415210962296 1.17309960722923
2.14708136207369 4.19232761859894 2.46287417411804 1.26467445492744
2.36314276869316 4.19232761859894 2.70977956056595 1.4401368200779
2.60094649596008 4.19232761859894 2.89282858371735 1.51500287652016
2.86268047976978 4.19232761859894 3.17649900913239 1.72745168209076
3.15075282862747 4.19232761859894 3.41448974609375 1.78076115250587
3.46781397968047 4.19232761859894 3.69208526611328 2.03973659873009
3.81678108431816 4.19232761859894 3.98811948299408 2.11936235427856
4.2008648477019 4.19232761859894 4.4139256477356 2.39090403914452
4.62790519502682 4.19232761859894 4.52442145347595 2.46340394020081
5.09361260779729 4.19232761859894 4.93114280700684 2.74180638790131
5.6061842896419 4.19232761859894 5.31519603729248 3.00462102890015
6.17033620525356 4.19232761859894 5.66292238235474 3.27226316928864
6.79125888819023 4.19232761859894 6.12578630447388 3.37339413166046
7.47466519687438 4.19232761859894 6.77389645576477 3.60131061077118
8.22684287629239 4.19232761859894 6.77389645576477 3.64117121696472
9.05471240899251 4.19232761859894 6.83613514900208 3.76383185386658
9.96589068764523 4.19232761859894 6.83613514900208 4.02944982051849
10.9687610949915 4.19232761859894 6.83613514900208 4.07442963123322
12.072550635956 4.19232761859894 6.83613514900208 4.07442963123322
13.2874148315868 4.19232761859894 6.83613514900208 4.44723916053772
14.6245311558961 4.19232761859894 6.83613514900208 4.59778785705566
16.0962018752773 4.19232761859894 6.83613514900208 4.59778785705566
17.7159672366814 4.19232761859894 6.954061627388 6.20971488952637
19.4987300459514 4.19232761859894 6.954061627388 6.20971488952637
21.4808800919766 4.19232761859894 6.954061627388 6.20971488952637
23.6425071500281 4.19232761859894 6.954061627388 6.20971488952637
26.0216593522121 4.19232761859894 6.954061627388 6.20971488952637
28.6402263154973 4.19232761859894 6.954061627388 6.20971488952637
31.5223004152183 4.19232761859894 6.954061627388 6.68974566459656
34.6943984492749 4.19232761859894 6.954061627388 6.68974566459656
38.1857056084627 4.19232761859894 6.954061627388 6.78911185264587
42.0283439976073 4.19232761859894 6.954061627388 6.78911185264587
46.2576681780564 4.19232761859894 6.954061627388 8.29108643531799
50.9125904506965 4.19232761859894 6.954061627388 8.29108643531799
56.0359388722924 4.19232761859894 6.954061627388 8.29108643531799
61.674851299112 4.19232761859894 6.954061627388 8.29108643531799
67.8812090832727 4.19232761859894 6.954061627388 8.29108643531799
74.7121144120754 4.19232761859894 6.954061627388 8.29108643531799
82.2304156821292 4.19232761859894 7.1891633272171 12.3144021034241
90.5052857420251 4.19232761859894 7.57805371284485 12.3144021034241
99.7056313992196 4.19232761859894 7.57805371284485 14.3617825508118
109.739037374665 4.19232761859894 7.57805371284485 14.3617825508118
120.782107840023 4.19232761859894 7.57805371284485 14.3617825508118
132.936445619368 4.19232761859894 8.18620920181274 14.3617825508118
146.313877857786 4.19232761859894 8.18620920181274 14.3617825508118
161.037484897703 4.19232761859894 8.18620920181274 14.3617825508118
177.242732691319 4.19232761859894 8.18620920181274 14.3617825508118
195.078719168039 4.19232761859894 8.18620920181274 14.3617825508118
214.709546024206 4.19232761859894 8.18620920181274 14.3617825508118
214.909512828253 4.19232761859894 8.18620920181274 14.3617825508118
