0.0194894644874591 0.586059033870697 0.00627720355987549 0.00804102420806885
0.0195076157341004 0.586059033870697 0.00627720355987549 0.00804102420806885
0.0214706726399789 0.586059033870697 0.00627720355987549 0.00804102420806885
0.0236312725192399 0.586059033870697 0.00627720355987549 0.00804102420806885
0.0260092941773403 0.586059033870697 0.00627720355987549 0.00804102420806885
0.02862661682957 0.586059033870697 0.00627720355987549 0.00804102420806885
0.0315073214028609 0.586059033870697 0.0145637989044189 0.00804102420806885
0.0346779120946542 0.586059033870697 0.0145637989044189 0.00804102420806885
0.0381675602272991 0.586059033870697 0.0145637989044189 0.00804102420806885
0.0420083726415892 0.586059033870697 0.0145637989044189 0.00804102420806885
0.0462787480746938 0.586059033870697 0.0145637989044189 0.00804102420806885
0.0509357916233132 0.586059033870697 0.0145637989044189 0.00804102420806885
0.056061474785492 0.586059033870697 0.0145637989044189 0.00804102420806885
0.0617029568985016 0.586059033870697 0.0145637989044189 0.00804102420806885
0.0679121429571029 0.586059033870697 0.0221098661422729 0.0154243111610413
0.0747461611704054 0.768446087837219 0.0523781776428223 0.0349805057048798
0.0822678885754094 0.967256665229797 0.0523781776428223 0.0349805057048798
0.0905465295431877 1.00701880455017 0.0523781776428223 0.0349805057048798
0.0996582525003081 1.9137766957283 0.0523781776428223 0.0349805057048798
0.109686890723714 1.9137766957283 0.093431293964386 0.0437177717685699
0.120724713656792 1.9137766957283 0.0968988537788391 0.0576713085174561
0.132873275843195 2.74790793657303 0.0968988537788391 0.0636074990034103
0.146244351289115 2.74790793657303 0.129473805427551 0.07590252161026
0.160960961850701 2.74790793657303 0.134894266724586 0.0869377255439758
0.177158509108387 2.74790793657303 0.1671013077721 0.0869377255439758
0.194986020142061 2.80583125352859 0.213038682937622 0.114136651158333
0.214807390451206 2.80583125352859 0.213038682937622 0.117702439427376
0.23642351909587 3.39448344707489 0.234233841300011 0.139383643865585
0.260214884898814 3.51117664575577 0.280905976891518 0.153705656528473
0.286400382592417 3.51117664575577 0.28692980017513 0.163036406040192
0.315220934348083 3.56563341617584 0.335288390517235 0.185426205396652
0.346941706403675 3.56563341617584 0.361474499106407 0.210125476121902
0.381854548750803 3.56563341617584 0.408364295959473 0.227504849433899
0.420280680328535 3.62527656555176 0.43576280772686 0.254230588674545
0.462573644428912 3.84656143188477 0.502815112471581 0.27924120426178
0.509122561505755 3.84656143188477 0.543892398476601 0.299255639314651
0.560355709314554 3.93300080299377 0.615757510066032 0.336932979524136
0.616744463322841 3.98659324645996 0.68480958044529 0.371373802423477
0.678807633645181 3.98659324645996 0.754172638058662 0.407026618719101
0.74711623840516 4.04104995727539 0.830496609210968 0.459161818027496
0.822298757442146 4.06265139579773 0.922196388244629 0.495961658656597
0.90504691470005 4.17070913314819 1.01405251026154 0.532853931188583
0.997049767162749 4.17070913314819 1.11663995683193 0.604195833206177
1.0973831681079 4.17070913314819 1.2254678606987 0.654131531715393
1.207813147656 4.17070913314819 1.34435188770294 0.732685849070549
1.32935572737641 4.17070913314819 1.5082933306694 0.811117708683014
1.46312917137724 4.17070913314819 1.63950914144516 0.901225551962852
1.61036427500108 4.19232761859894 1.7748411744833 0.991653561592102
1.77241568887504 4.19232761859894 1.9817088842392 1.09742227196693
1.95077438250316 4.19232761859894 2.18010503053665 1.17701935768127
2.14708136207369 4.19232761859894 2.38324499130249 1.28921389579773
2.36314276869316 4.19232761859894 2.63217103481293 1.41324692964554
2.60094649596008 4.19232761859894 2.77362418174744 1.53747493028641
2.86268047976978 4.19232761859894 3.06434082984924 1.72454184293747
3.15075282862747 4.19232761859894 3.33304274082184 1.85256499052048
3.46781397968047 4.19232761859894 3.6059821844101 2.01941514015198
3.81678108431816 4.19232761859894 3.89928567409515 2.1673863530159
4.2008648477019 4.19232761859894 4.3460168838501 2.36364531517029
4.62790519502682 4.19232761859894 4.47991323471069 2.61169075965881
5.09361260779729 4.19232761859894 4.83716773986816 2.79508709907532
5.6061842896419 4.19232761859894 5.22617197036743 2.99408459663391
6.17033620525356 4.19232761859894 5.60177087783813 3.27930116653442
6.79125888819023 4.19232761859894 6.03124713897705 3.5564911365509
7.47466519687438 4.19232761859894 6.61778402328491 3.82150864601135
8.22684287629239 4.19232761859894 6.63402271270752 4.02017188072205
9.05471240899251 4.19232761859894 6.63402271270752 4.282874584198
9.96589068764523 4.19232761859894 6.63402271270752 4.65747165679932
10.9687610949915 4.19232761859894 6.63402271270752 4.84311723709106
12.072550635956 4.19232761859894 6.63402271270752 4.84311723709106
13.2874148315868 4.19232761859894 6.63402271270752 4.84311723709106
14.6245311558961 4.19232761859894 6.63402271270752 4.84311723709106
16.0962018752773 4.19232761859894 6.63402271270752 5.40334415435791
17.7159672366814 4.19232761859894 6.63402271270752 6.3641722202301
19.4987300459514 4.19232761859894 6.63402271270752 6.3641722202301
21.4808800919766 4.19232761859894 6.63402271270752 6.3641722202301
23.6425071500281 4.19232761859894 6.63402271270752 6.74031615257263
26.0216593522121 4.19232761859894 6.63402271270752 6.74031615257263
28.6402263154973 4.19232761859894 6.63402271270752 6.84206247329712
31.5223004152183 4.19232761859894 6.63402271270752 7.32842445373535
34.6943984492749 4.19232761859894 6.63402271270752 9.41090124845505
38.1857056084627 4.19232761859894 6.63402271270752 10.9615786075592
42.0283439976073 4.19232761859894 6.63402271270752 10.9615786075592
46.2576681780564 4.19232761859894 6.63402271270752 10.9782259464264
50.9125904506965 4.19232761859894 6.63402271270752 10.9782259464264
56.0359388722924 4.19232761859894 6.63402271270752 10.9782259464264
61.674851299112 4.19232761859894 6.63402271270752 13.3115215301514
67.8812090832727 4.19232761859894 6.63402271270752 16.1695687770844
74.7121144120754 4.19232761859894 6.63402271270752 16.7576770782471
82.2304156821292 4.19232761859894 6.63402271270752 20.4074785709381
90.5052857420251 4.19232761859894 6.63402271270752 21.6129357516766
99.7056313992196 4.19232761859894 7.675452709198 24.2897474765778
109.739037374665 4.19232761859894 7.675452709198 24.2897474765778
120.782107840023 4.19232761859894 7.675452709198 24.2897474765778
132.936445619368 4.19232761859894 7.675452709198 24.2897474765778
146.313877857786 4.19232761859894 7.675452709198 24.2897474765778
161.037484897703 4.19232761859894 7.675452709198 24.2897474765778
177.242732691319 4.19232761859894 7.675452709198 24.2897474765778
195.078719168039 4.19232761859894 7.675452709198 24.2897474765778
214.709546024206 4.19232761859894 7.675452709198 24.2897474765778
214.909512828253 4.19232761859894 7.675452709198 24.2897474765778
