0.0194894644874591 0.586059033870697 0.0054900050163269 0.00902354717254639
0.0195076157341004 0.586059033870697 0.0054900050163269 0.00902354717254639
0.0214706726399789 0.586059033870697 0.0054900050163269 0.00902354717254639
0.0236312725192399 0.586059033870697 0.0054900050163269 0.00902354717254639
0.0260092941773403 0.586059033870697 0.0054900050163269 0.00902354717254639
0.02862661682957 0.586059033870697 0.0054900050163269 0.00902354717254639
0.0315073214028609 0.586059033870697 0.0135807693004608 0.00902354717254639
0.0346779120946542 0.586059033870697 0.0135807693004608 0.00902354717254639
0.0381675602272991 0.586059033870697 0.0135807693004608 0.00902354717254639
0.0420083726415892 0.586059033870697 0.0135807693004608 0.00902354717254639
0.0462787480746938 0.586059033870697 0.0278279781341553 0.00957673788070679
0.0509357916233132 0.586059033870697 0.0278279781341553 0.00957673788070679
0.056061474785492 0.586059033870697 0.0278279781341553 0.00957673788070679
0.0617029568985016 0.586059033870697 0.0278279781341553 0.00957673788070679
0.0679121429571029 0.651752918958664 0.0278279781341553 0.0232293009757996
0.0747461611704054 0.768446087837219 0.0558884143829346 0.0312631726264954
0.0822678885754094 0.967256665229797 0.0558884143829346 0.0324144959449768
0.0905465295431877 1.00701880455017 0.0558884143829346 0.0324144959449768
0.0996582525003081 1.9137766957283 0.0721632838249207 0.0373297333717346
0.109686890723714 2.30101633071899 0.094039261341095 0.0549153685569763
0.120724713656792 2.30101633071899 0.0980167388916016 0.0674208104610443
0.132873275843195 2.74790793657303 0.10510328412056 0.0765243023633957
0.146244351289115 2.74790793657303 0.135110609990079 0.0765243023633957
0.160960961850701 2.74790793657303 0.159206628799438 0.0880278944969177
0.177158509108387 2.74790793657303 0.169843517243862 0.103267192840576
0.194986020142061 2.80583125352859 0.217854738235474 0.106210559606552
0.214807390451206 3.0089550614357 0.224875643849373 0.129847392439842
0.23642351909587 3.39448344707489 0.237491518259048 0.144090563058853
0.260214884898814 3.51117664575577 0.28363436460495 0.153718948364258
0.286400382592417 3.51117664575577 0.291662715375423 0.168320655822754
0.315220934348083 3.7056565284729 0.343477092683315 0.187764301896095
0.346941706403675 3.7056565284729 0.368348352611065 0.213033974170685
0.381854548750803 3.7056565284729 0.415343284606934 0.227013692259789
0.420280680328535 3.70566511154175 0.458333128131926 0.251391008496284
0.462573644428912 3.84656143188477 0.51320344209671 0.281660676002502
0.509122561505755 3.93300080299377 0.553242899477482 0.309485018253326
0.560355709314554 3.93300080299377 0.625128917396069 0.34087860584259
0.616744463322841 4.19232761859894 0.701581805944443 0.370786130428314
0.678807633645181 4.19232761859894 0.77076867967844 0.409276932477951
0.74711623840516 4.19232761859894 0.845173336565495 0.450171247124672
0.822298757442146 4.19232761859894 0.934859730303288 0.49804599583149
0.90504691470005 4.19232761859894 1.02913519740105 0.548356711864471
0.997049767162749 4.19232761859894 1.13463664054871 0.603289127349854
1.0973831681079 4.19232761859894 1.24764510989189 0.660902455449104
1.207813147656 4.19232761859894 1.3770007789135 0.718921065330505
1.32935572737641 4.19232761859894 1.52779865264893 0.805990874767303
1.46312917137724 4.19232761859894 1.65832672268152 0.915274620056152
1.61036427500108 4.19232761859894 1.82510981708765 0.988454714417458
1.77241568887504 4.19232761859894 2.02645626664162 1.09201495349407
1.95077438250316 4.19232761859894 2.22855627536774 1.1833056807518
2.14708136207369 4.19232761859894 2.42337191104889 1.32073293626308
2.36314276869316 4.19232761859894 2.67262697219849 1.40497551858425
2.60094649596008 4.19232761859894 2.87115669250488 1.59638100862503
2.86268047976978 4.19232761859894 3.09606409072876 1.68151699006557
3.15075282862747 4.19232761859894 3.38513743877411 1.87142050266266
3.46781397968047 4.19232761859894 3.66838705539703 2.10311071574688
3.81678108431816 4.19232761859894 3.95025455951691 2.33376097679138
4.2008648477019 4.19232761859894 4.39513111114502 2.53681109845638
4.62790519502682 4.19232761859894 4.53120827674866 2.77481824159622
5.09361260779729 4.19232761859894 4.89170980453491 3.03717595338821
5.6061842896419 4.19232761859894 5.26494646072388 3.24676781892776
6.17033620525356 4.19232761859894 5.65605902671814 3.48740465939045
6.79125888819023 4.19232761859894 6.15432715415955 3.58021432161331
7.47466519687438 4.19232761859894 6.6269907951355 3.93327790498734
8.22684287629239 4.19232761859894 6.63875770568848 3.93327790498734
9.05471240899251 4.19232761859894 6.63875770568848 3.93327790498734
9.96589068764523 4.19232761859894 6.63875770568848 4.00055533647537
10.9687610949915 4.19232761859894 6.63875770568848 4.15725815296173
12.072550635956 4.19232761859894 6.63875770568848 4.43810677528381
13.2874148315868 4.19232761859894 6.63875770568848 4.87223249673843
14.6245311558961 4.19232761859894 6.63875770568848 4.94254732131958
16.0962018752773 4.19232761859894 6.63875770568848 5.18678939342499
17.7159672366814 4.19232761859894 6.63875770568848 7.13326251506805
19.4987300459514 4.19232761859894 6.63875770568848 7.13326251506805
21.4808800919766 4.19232761859894 6.63875770568848 7.13326251506805
23.6425071500281 4.19232761859894 6.63875770568848 7.13326251506805
26.0216593522121 4.19232761859894 6.63875770568848 7.13326251506805
28.6402263154973 4.19232761859894 6.63875770568848 7.1953330039978
31.5223004152183 4.19232761859894 6.63875770568848 8.15043067932129
34.6943984492749 4.19232761859894 6.63875770568848 9.11797451972961
38.1857056084627 4.19232761859894 6.63875770568848 10.0569291114807
42.0283439976073 4.19232761859894 6.63875770568848 10.0569291114807
46.2576681780564 4.19232761859894 6.63875770568848 10.0569291114807
50.9125904506965 4.19232761859894 6.63875770568848 10.5232515335083
56.0359388722924 4.19232761859894 6.63875770568848 10.5232515335083
61.674851299112 4.19232761859894 6.63875770568848 10.5232515335083
67.8812090832727 4.19232761859894 6.63875770568848 10.5232515335083
74.7121144120754 4.19232761859894 6.63875770568848 10.5232515335083
82.2304156821292 4.19232761859894 6.63875770568848 12.4756178855896
90.5052857420251 4.19232761859894 6.63875770568848 14.5856394767761
99.7056313992196 4.19232761859894 7.56665515899658 15.7246870994568
109.739037374665 4.19232761859894 7.56665515899658 15.7246870994568
120.782107840023 4.19232761859894 7.56665515899658 15.7246870994568
132.936445619368 4.19232761859894 7.56665515899658 15.7246870994568
146.313877857786 4.19232761859894 7.56665515899658 15.7246870994568
161.037484897703 4.19232761859894 7.56665515899658 16.1617085933685
177.242732691319 4.19232761859894 7.56665515899658 16.1617085933685
195.078719168039 4.19232761859894 7.65886282920837 24.9713635444641
214.709546024206 4.19232761859894 7.65886282920837 24.9713635444641
214.909512828253 4.19232761859894 7.65886282920837 24.9713635444641
