0.0387145280838013 0.586059033870697 0.00833296775817871 0.00476866960525513
0.0387500300966981 0.586059033870697 0.00833296775817871 0.00476866960525513
0.0425866726076336 0.586059033870697 0.00833296775817871 0.00476866960525513
0.0468031812946723 0.586059033870697 0.00833296775817871 0.00476866960525513
0.0514371667278207 0.586059033870697 0.00833296775817871 0.00476866960525513
0.0565299633015929 0.586059033870697 0.00833296775817871 0.00476866960525513
0.0621269979310704 0.586059033870697 0.00833296775817871 0.00476866960525513
0.068278195252578 0.586059033870697 0.00833296775817871 0.00476866960525513
0.0750384229432996 0.586059033870697 0.0169666111469269 0.00900369882583618
0.0824679811320132 0.586059033870697 0.0169666111469269 0.00900369882583618
0.0907162527069789 0.586059033870697 0.0313900709152222 0.0149551630020142
0.0996980736423392 0.586059033870697 0.0313900709152222 0.0149551630020142
0.109569185139287 0.586059033870697 0.0313900709152222 0.0149551630020142
0.120417635902936 0.586059033870697 0.0313900709152222 0.0149551630020142
0.132340192345309 0.586059033870697 0.0313900709152222 0.0149551630020142
0.145443201725957 0.99837489426136 0.0715780854225159 0.0239465832710266
0.159843540752169 0.99837489426136 0.0715780854225159 0.0239465832710266
0.175669658100152 0.99837489426136 0.0715780854225159 0.0409332513809204
0.193062720156276 0.99837489426136 0.0817170590162277 0.0428600311279297
0.212177870198225 2.30101633071899 0.105920195579529 0.0519871711730957
0.233185612247737 2.30101633071899 0.105920195579529 0.0566409975290298
0.25627333193868 2.30101633071899 0.121089369058609 0.0602137446403503
0.281646967966354 2.74790793657303 0.143183514475822 0.0728396773338318
0.309532849027073 2.74790793657303 0.15356719493866 0.08074089884758
0.340179712633237 2.74790793657303 0.186789035797119 0.0899798274040222
0.373860923811385 2.74790793657303 0.204910576343536 0.108298003673553
0.411253695994416 3.10663169622421 0.244743630290031 0.113722890615463
0.451971945990459 3.13343650102615 0.289497494697571 0.130039632320404
0.496721712052834 3.13343650102615 0.317398190498352 0.142173767089844
0.54590215479858 3.56563341617584 0.335404634475708 0.158761188387871
0.599951955758347 3.7056565284729 0.383303284645081 0.178445279598236
0.659353230344131 3.7056565284729 0.424257978796959 0.19224639236927
0.724635828240139 3.7056565284729 0.463943436741829 0.212543249130249
0.796382059575582 3.7056565284729 0.495102643966675 0.244085133075714
0.875231889036086 3.84656143188477 0.585887521505356 0.268184185028076
0.961888644244345 3.84656143188477 0.636898398399353 0.293041169643402
1.05712528932784 3.93300080299377 0.690355494618416 0.325559437274933
1.16179131963283 3.93300080299377 0.749828711152077 0.363678738474846
1.27682033908432 4.04104995727539 0.81935279071331 0.395281627774239
1.4032383877809 4.04104995727539 0.929623603820801 0.434752345085144
1.54217309410505 4.19232761859894 1.00113551318645 0.484464719891548
1.69486373298454 4.19232761859894 1.11609250307083 0.526682764291763
1.86438038854372 4.19232761859894 1.2476447224617 0.583830773830414
2.0489727885339 4.19232761859894 1.34554362297058 0.642990291118622
2.25184169172242 4.19232761859894 1.5095893740654 0.710455760359764
2.4747966556489 4.19232761859894 1.62742444872856 0.786958858370781
2.7198264022398 4.19232761859894 1.82010519504547 0.858966335654259
2.98911655688376 4.19232761859894 2.02979171276093 0.945002749562263
3.28506914385371 4.19232761859894 2.16401641070843 1.0301236063242
3.61032401197175 4.19232761859894 2.43818342685699 1.13270419836044
3.96778238163021 4.19232761859894 2.65053129196167 1.2473037391901
4.36063272320454 4.19232761859894 2.89109729230404 1.37994974851608
4.79237919768918 4.19232761859894 3.23893946409225 1.51033359766006
5.2668729132423 4.19232761859894 3.60643266141415 1.64885723590851
5.78834627644265 4.19232761859894 3.86684542894363 1.79866319894791
6.36145074466621 4.19232761859894 4.06834524869919 1.98419511318207
6.99129831632754 4.19232761859894 4.52495245635509 2.17163932323456
7.68350712907217 4.19232761859894 4.98369151353836 2.31511676311493
8.45199512379247 4.19232761859894 5.54067122936249 2.55116575956345
9.28882760400582 4.19232761859894 5.87037456035614 2.82727015018463
10.2085149119472 4.19232761859894 6.19427454471588 3.08716040849686
11.2192605084528 4.19232761859894 6.70176196098328 3.27471446990967
12.330080079446 4.19232761859894 6.75874829292297 3.56639111042023
13.5508819543863 4.19232761859894 6.77738690376282 3.7870569229126
14.8925554869521 4.19232761859894 6.77738690376282 4.07310849428177
16.3670681863003 4.19232761859894 6.77738690376282 4.4506379365921
17.9875724652967 4.19232761859894 6.77738690376282 4.65756189823151
19.7685229578944 4.19232761859894 6.77738690376282 4.85253310203552
21.7258054521118 4.19232761859894 6.77738690376282 5.07400262355804
23.8768785886714 4.19232761859894 6.77738690376282 5.18020439147949
26.2409295892292 4.19232761859894 6.77738690376282 5.38426351547241
28.8390454032626 4.19232761859894 6.77738690376282 5.63289427757263
31.6944008002223 4.19232761859894 6.77738690376282 5.97745025157928
34.8324650846968 4.19232761859894 6.77738690376282 6.636798620224
38.3163339475004 4.19232761859894 6.77738690376282 7.35468864440918
42.1100361799719 4.19232761859894 6.77738690376282 10.5108273029327
46.2793530693252 4.19232761859894 6.77738690376282 10.964079618454
50.8614742424258 4.19232761859894 6.77738690376282 13.0649929046631
55.8972714730444 4.19232761859894 6.77738690376282 13.0649929046631
61.4316632514152 4.19232761859894 6.77738690376282 13.0649929046631
67.5140154498445 4.19232761859894 6.77738690376282 18.2451972961426
74.1985816582434 4.19232761859894 6.77738690376282 18.7500700950623
81.5449871173038 4.19232761859894 6.77738690376282 21.2497146725655
89.6187605659235 4.19232761859894 7.08772945404053 24.0290725231171
98.4919187468734 4.19232761859894 7.08772945404053 28.7167710065842
108.243608784401 4.19232761859894 7.48071789741516 29.5307910442352
118.960814163673 4.19232761859894 7.48071789741516 31.2609329223633
130.739130609284 4.19232761859894 7.48071789741516 36.4411373138428
143.683618783529 4.19232761859894 7.48071789741516 36.4411373138428
157.909741410383 4.19232761859894 7.48071789741516 36.4411373138428
173.703536936922 4.19232761859894 7.48071789741516 49.5061302185059
190.901933233621 4.19232761859894 7.48071789741516 49.5061302185059
209.803143649102 4.19232761859894 7.48071789741516 60.4702098369598
230.575763898515 4.19232761859894 7.88323473930359 62.5458960533142
253.405082367608 4.19232761859894 7.88323473930359 65.5867366790771
278.494732854913 4.19232761859894 7.88323473930359 66.6594953536987
306.068510952025 4.19232761859894 7.88323473930359 66.6594953536987
336.372370263797 4.19232761859894 7.88323473930359 76.3035278320312
369.676616274388 4.19232761859894 7.88323473930359 76.3035278320312
370.015617281199 4.19232761859894 7.88323473930359 76.3035278320312
