0.0194894644874591 0.586059033870697 0.0100213885307312 0.00219672918319702
0.0195076157341004 0.586059033870697 0.0100213885307312 0.00219672918319702
0.0214706726399789 0.586059033870697 0.0100213885307312 0.00219672918319702
0.0236312725192399 0.586059033870697 0.0100213885307312 0.00219672918319702
0.0260092941773403 0.586059033870697 0.0100213885307312 0.00219672918319702
0.02862661682957 0.586059033870697 0.0100213885307312 0.00219672918319702
0.0315073214028609 0.586059033870697 0.0191258192062378 0.00393850356340408
0.0346779120946542 0.586059033870697 0.0191258192062378 0.00393850356340408
0.0381675602272991 0.586059033870697 0.0191258192062378 0.00393850356340408
0.0420083726415892 0.586059033870697 0.0191258192062378 0.00393850356340408
0.0462787480746938 0.586059033870697 0.0191258192062378 0.00393850356340408
0.0509357916233132 0.586059033870697 0.0191258192062378 0.00393850356340408
0.056061474785492 0.586059033870697 0.0191258192062378 0.00393850356340408
0.0617029568985016 0.586059033870697 0.0191258192062378 0.00393850356340408
0.0679121429571029 0.586059033870697 0.0319710373878479 0.00849825143814087
0.0747461611704054 0.768446087837219 0.0389402508735657 0.0378832221031189
0.0822678885754094 0.967256665229797 0.0455861687660217 0.0381180047988892
0.0905465295431877 1.00701880455017 0.0487905442714691 0.0472727864980698
0.0996582525003081 1.9137766957283 0.0553976595401764 0.0522429943084717
0.109686890723714 1.9137766957283 0.0948518514633179 0.0555744767189026
0.120724713656792 1.9137766957283 0.0971169769763947 0.0679773390293121
0.132873275843195 2.74790793657303 0.102604508399963 0.0679773390293121
0.146244351289115 2.74790793657303 0.119630567729473 0.0979338586330414
0.160960961850701 2.74790793657303 0.129105508327484 0.0990811884403229
0.177158509108387 2.74790793657303 0.163320899009705 0.114931546151638
0.194986020142061 2.80583125352859 0.198529362678528 0.12571394443512
0.214807390451206 2.80583125352859 0.218306655064225 0.137949720025063
0.23642351909587 3.39448344707489 0.250745767727494 0.156238205730915
0.260214884898814 3.51117664575577 0.275259636342525 0.174664601683617
0.286400382592417 3.51117664575577 0.296254403889179 0.19479213654995
0.315220934348083 3.56563341617584 0.332485355436802 0.214494034647942
0.346941706403675 3.56563341617584 0.369410328567028 0.240899205207825
0.381854548750803 3.56563341617584 0.414744317531586 0.265505328774452
0.420280680328535 3.62527656555176 0.447147727012634 0.283592075109482
0.462573644428912 3.84656143188477 0.491865128278732 0.318726301193237
0.509122561505755 3.84656143188477 0.54351133108139 0.355144754052162
0.560355709314554 3.93300080299377 0.601055204868317 0.385759249329567
0.616744463322841 3.98659324645996 0.66203361004591 0.433593809604645
0.678807633645181 3.98659324645996 0.748762376606464 0.467144310474396
0.74711623840516 4.04104995727539 0.820912063121796 0.516239479184151
0.822298757442146 4.06265139579773 0.917210226878524 0.580420464277267
0.90504691470005 4.17070913314819 0.99668675661087 0.629247412085533
0.997049767162749 4.17070913314819 1.10597592592239 0.704313784837723
1.0973831681079 4.17070913314819 1.21649415045977 0.765459269285202
1.207813147656 4.17070913314819 1.35024846345186 0.834018886089325
1.32935572737641 4.17070913314819 1.46822279691696 0.896798059344292
1.46312917137724 4.17070913314819 1.6397385597229 1.02500784397125
1.61036427500108 4.19232761859894 1.77627646923065 1.11982572078705
1.77241568887504 4.19232761859894 1.94538009166718 1.2042424082756
1.95077438250316 4.19232761859894 2.12906807661057 1.29830986261368
2.14708136207369 4.19232761859894 2.33060908317566 1.47248114645481
2.36314276869316 4.19232761859894 2.56081831455231 1.60658007860184
2.60094649596008 4.19232761859894 2.78934180736542 1.7364547252655
2.86268047976978 4.19232761859894 3.02601313591003 1.9123147726059
3.15075282862747 4.19232761859894 3.1920154094696 2.0559361577034
3.46781397968047 4.19232761859894 3.52933526039124 2.28499436378479
3.81678108431816 4.19232761859894 3.7955219745636 2.46193760633469
4.2008648477019 4.19232761859894 4.2002637386322 2.64825713634491
4.62790519502682 4.19232761859894 4.35954976081848 2.91468608379364
5.09361260779729 4.19232761859894 4.7692699432373 3.12962710857391
5.6061842896419 4.19232761859894 5.12434577941895 3.40778577327728
6.17033620525356 4.19232761859894 5.51300024986267 3.62935900688171
6.79125888819023 4.19232761859894 6.00743412971497 3.86250066757202
7.47466519687438 4.19232761859894 6.63787412643433 4.09070479869843
8.22684287629239 4.19232761859894 6.72037220001221 4.33510172367096
9.05471240899251 4.19232761859894 6.82598638534546 4.60450923442841
9.96589068764523 4.19232761859894 6.82598638534546 5.1555438041687
10.9687610949915 4.19232761859894 6.82598638534546 5.44223213195801
12.072550635956 4.19232761859894 6.82598638534546 5.79099988937378
13.2874148315868 4.19232761859894 6.82598638534546 6.29916381835938
14.6245311558961 4.19232761859894 6.82598638534546 6.78430414199829
16.0962018752773 4.19232761859894 6.82598638534546 7.33266401290894
17.7159672366814 4.19232761859894 7.45916366577148 7.40855932235718
19.4987300459514 4.19232761859894 7.45916366577148 7.59778118133545
21.4808800919766 4.19232761859894 7.45916366577148 8.22590494155884
23.6425071500281 4.19232761859894 7.45916366577148 8.24059867858887
26.0216593522121 4.19232761859894 7.45916366577148 8.37939548492432
28.6402263154973 4.19232761859894 7.45916366577148 9.61201620101929
31.5223004152183 4.19232761859894 7.45916366577148 10.2548336982727
34.6943984492749 4.19232761859894 7.45916366577148 11.7063512802124
38.1857056084627 4.19232761859894 7.45916366577148 12.2114281654358
42.0283439976073 4.19232761859894 7.45916366577148 14.1604113578796
46.2576681780564 4.19232761859894 7.45916366577148 15.2809443473816
50.9125904506965 4.19232761859894 7.45916366577148 15.2809443473816
56.0359388722924 4.19232761859894 7.45916366577148 15.2809443473816
61.674851299112 4.19232761859894 7.45916366577148 15.9105486869812
67.8812090832727 4.19232761859894 7.45916366577148 17.3045080304146
74.7121144120754 4.19232761859894 7.45916366577148 21.0806784629822
82.2304156821292 4.19232761859894 7.45916366577148 25.675763130188
90.5052857420251 4.19232761859894 7.53540182113647 25.675763130188
99.7056313992196 4.19232761859894 7.62096786499023 27.3194627761841
109.739037374665 4.19232761859894 7.62096786499023 27.3194627761841
120.782107840023 4.19232761859894 7.62096786499023 27.3194627761841
132.936445619368 4.19232761859894 8.33038330078125 27.3194627761841
146.313877857786 4.19232761859894 8.33038330078125 27.3194627761841
161.037484897703 4.19232761859894 8.33038330078125 27.3194627761841
177.242732691319 4.19232761859894 8.33038330078125 27.3194627761841
195.078719168039 4.19232761859894 8.33038330078125 27.3194627761841
214.709546024206 4.19232761859894 8.33038330078125 27.3194627761841
214.909512828253 4.19232761859894 8.33038330078125 27.3194627761841
