0.0387145280838013 0.586059033870697 0.00844442844390869 0.0020606517791748
0.0387500300966981 0.586059033870697 0.00844442844390869 0.0020606517791748
0.0425866726076336 0.586059033870697 0.00844442844390869 0.0020606517791748
0.0468031812946723 0.586059033870697 0.00844442844390869 0.0020606517791748
0.0514371667278207 0.586059033870697 0.00844442844390869 0.0020606517791748
0.0565299633015929 0.586059033870697 0.00844442844390869 0.0020606517791748
0.0621269979310704 0.586059033870697 0.00844442844390869 0.0020606517791748
0.068278195252578 0.586059033870697 0.00844442844390869 0.0020606517791748
0.0750384229432996 0.586059033870697 0.0171502828598022 0.00565576553344727
0.0824679811320132 0.586059033870697 0.0171502828598022 0.00565576553344727
0.0907162527069789 0.586059033870697 0.0312325656414032 0.00565576553344727
0.0996980736423392 0.586059033870697 0.0312325656414032 0.00565576553344727
0.109569185139287 0.586059033870697 0.0312325656414032 0.00565576553344727
0.120417635902936 0.586059033870697 0.0312325656414032 0.00565576553344727
0.132340192345309 0.586059033870697 0.0312325656414032 0.00565576553344727
0.145443201725957 0.99837489426136 0.0677674412727356 0.0245713591575623
0.159843540752169 0.99837489426136 0.0677674412727356 0.0291142761707306
0.175669658100152 0.99837489426136 0.0677674412727356 0.0301801860332489
0.193062720156276 0.99837489426136 0.082794725894928 0.0301801860332489
0.212177870198225 2.30101633071899 0.106894910335541 0.0366127490997314
0.233185612247737 2.30101633071899 0.106894910335541 0.0529108643531799
0.25627333193868 2.30101633071899 0.122245788574219 0.0529108643531799
0.281646967966354 2.74790793657303 0.143875777721405 0.0616032481193542
0.309532849027073 2.74790793657303 0.155141115188599 0.0723439455032349
0.340179712633237 2.74790793657303 0.180580854415894 0.0750521272420883
0.373860923811385 2.74790793657303 0.206206798553467 0.0819298624992371
0.411253695994416 3.10663169622421 0.247396402060986 0.0919440984725952
0.451971945990459 3.13343650102615 0.292265057563782 0.108486890792847
0.496721712052834 3.13343650102615 0.313550479710102 0.11491322517395
0.54590215479858 3.56563341617584 0.33789536356926 0.129213690757751
0.599951955758347 3.7056565284729 0.381927192211151 0.142872452735901
0.659353230344131 3.7056565284729 0.428237043321133 0.161935269832611
0.724635828240139 3.7056565284729 0.467127867043018 0.17204761505127
0.796382059575582 3.7056565284729 0.50008761882782 0.191736489534378
0.875231889036086 3.84656143188477 0.584960758686066 0.20942534506321
0.961888644244345 3.84656143188477 0.63563272356987 0.231634616851807
1.05712528932784 3.93300080299377 0.69236746430397 0.270340204238892
1.16179131963283 3.93300080299377 0.756431803107262 0.28388175368309
1.27682033908432 4.04104995727539 0.818807654082775 0.308149218559265
1.4032383877809 4.04104995727539 0.931570887565613 0.351535648107529
1.54217309410505 4.19232761859894 1.00507354736328 0.374239861965179
1.69486373298454 4.19232761859894 1.12594717741013 0.419323205947876
1.86438038854372 4.19232761859894 1.25215619802475 0.463613331317902
2.0489727885339 4.19232761859894 1.35299384593964 0.513522624969482
2.25184169172242 4.19232761859894 1.51812416315079 0.570241451263428
2.4747966556489 4.19232761859894 1.64048353582621 0.613562941551208
2.7198264022398 4.19232761859894 1.82999014854431 0.666493803262711
2.98911655688376 4.19232761859894 2.0235989689827 0.748877853155136
3.28506914385371 4.19232761859894 2.17277198284864 0.832324206829071
3.61032401197175 4.19232761859894 2.45383912324905 0.91337063908577
3.96778238163021 4.19232761859894 2.64931881427765 1.00291857123375
4.36063272320454 4.19232761859894 2.91354375472292 1.09856194257736
4.79237919768918 4.19232761859894 3.25756335258484 1.22152116894722
5.2668729132423 4.19232761859894 3.63444071402773 1.31426438689232
5.78834627644265 4.19232761859894 3.86230337619781 1.50563406944275
6.36145074466621 4.19232761859894 4.09330081939697 1.57098388671875
6.99129831632754 4.19232761859894 4.53680241107941 1.70943993330002
7.68350712907217 4.19232761859894 4.98695141077042 1.84469968080521
8.45199512379247 4.19232761859894 5.52330541610718 2.00382679700851
9.28882760400582 4.19232761859894 5.81840431690216 2.22307229042053
10.2085149119472 4.19232761859894 6.13231790065765 2.46517133712769
11.2192605084528 4.19232761859894 6.6068971157074 2.73689693212509
12.330080079446 4.19232761859894 6.67643570899963 2.95386737585068
13.5508819543863 4.19232761859894 6.6886932849884 3.23161828517914
14.8925554869521 4.19232761859894 6.69193458557129 3.50717884302139
16.3670681863003 4.19232761859894 6.72600030899048 3.93815580010414
17.9875724652967 4.19232761859894 6.72791719436646 4.34699749946594
19.7685229578944 4.19232761859894 6.72791719436646 4.67637068033218
21.7258054521118 4.19232761859894 6.72791719436646 5.01472783088684
23.8768785886714 4.19232761859894 6.72791719436646 5.49965572357178
26.2409295892292 4.19232761859894 6.72791719436646 5.93418967723846
28.8390454032626 4.19232761859894 6.72791719436646 6.65473163127899
31.6944008002223 4.19232761859894 6.72791719436646 7.25006031990051
34.8324650846968 4.19232761859894 6.72791719436646 7.72606730461121
38.3163339475004 4.19232761859894 6.72791719436646 8.49329030513763
42.1100361799719 4.19232761859894 6.72791719436646 9.31559681892395
46.2793530693252 4.19232761859894 6.72791719436646 10.1805263161659
50.8614742424258 4.19232761859894 6.72791719436646 11.326688349247
55.8972714730444 4.19232761859894 6.72791719436646 12.3748483657837
61.4316632514152 4.19232761859894 6.72791719436646 13.093460559845
67.5140154498445 4.19232761859894 6.72791719436646 13.7618627548218
74.1985816582434 4.19232761859894 6.72791719436646 15.8952314853668
81.5449871173038 4.19232761859894 6.72791719436646 18.2527894973755
89.6187605659235 4.19232761859894 7.12825107574463 19.8009021282196
98.4919187468734 4.19232761859894 7.12825107574463 22.838291823864
108.243608784401 4.19232761859894 7.62741446495056 24.3741540908813
118.960814163673 4.19232761859894 7.62741446495056 26.8996089696884
130.739130609284 4.19232761859894 7.62741446495056 28.6013860702515
143.683618783529 4.19232761859894 7.62741446495056 31.1080846786499
157.909741410383 4.19232761859894 7.62741446495056 33.4534015655518
173.703536936922 4.19232761859894 7.62741446495056 37.3315839767456
190.901933233621 4.19232761859894 7.62741446495056 39.8924465179443
209.803143649102 4.19232761859894 7.76375126838684 47.1522414684296
230.575763898515 4.19232761859894 8.05976271629333 50.7433242797852
253.405082367608 4.19232761859894 8.05976271629333 54.6778059005737
278.494732854913 4.19232761859894 8.05976271629333 57.0231227874756
306.068510952025 4.19232761859894 8.05976271629333 57.0231227874756
336.372370263797 4.19232761859894 8.19609951972961 72.2476558685303
369.676616274388 4.19232761859894 8.19609951972961 72.2476558685303
370.015617281199 4.19232761859894 8.19609951972961 72.2476558685303
