0.0194894644874591 0.586059033870697 0.00926887989044189 0.00187051296234131
0.0195076157341004 0.586059033870697 0.00926887989044189 0.00187051296234131
0.0214706726399789 0.586059033870697 0.00926887989044189 0.00187051296234131
0.0236312725192399 0.586059033870697 0.00926887989044189 0.00187051296234131
0.0260092941773403 0.586059033870697 0.00926887989044189 0.00187051296234131
0.02862661682957 0.586059033870697 0.00926887989044189 0.00187051296234131
0.0315073214028609 0.586059033870697 0.0181970000267029 0.00504410266876221
0.0346779120946542 0.586059033870697 0.0181970000267029 0.00504410266876221
0.0381675602272991 0.586059033870697 0.0181970000267029 0.00504410266876221
0.0420083726415892 0.586059033870697 0.0181970000267029 0.00504410266876221
0.0462787480746938 0.586059033870697 0.0181970000267029 0.00504410266876221
0.0509357916233132 0.586059033870697 0.0181970000267029 0.00504410266876221
0.056061474785492 0.586059033870697 0.0181970000267029 0.00504410266876221
0.0617029568985016 0.586059033870697 0.0181970000267029 0.00504410266876221
0.0679121429571029 0.586059033870697 0.0296959280967712 0.0203700065612793
0.0747461611704054 0.768446087837219 0.0398990362882614 0.0292825698852539
0.0822678885754094 0.967256665229797 0.0436031222343445 0.0301432460546494
0.0905465295431877 1.00701880455017 0.047921359539032 0.0301432460546494
0.0996582525003081 1.9137766957283 0.053898423910141 0.0307089760899544
0.109686890723714 1.9137766957283 0.0921950340270996 0.0575036332011223
0.120724713656792 1.9137766957283 0.0929390788078308 0.0575036332011223
0.132873275843195 2.74790793657303 0.0976511836051941 0.0640833377838135
0.146244351289115 2.74790793657303 0.115867137908936 0.0721650198101997
0.160960961850701 2.74790793657303 0.126878201961517 0.0748189985752106
0.177158509108387 2.74790793657303 0.161205053329468 0.0979209616780281
0.194986020142061 2.80583125352859 0.196560859680176 0.102018937468529
0.214807390451206 2.80583125352859 0.213028369471431 0.121663987636566
0.23642351909587 3.39448344707489 0.243783531710505 0.127952553331852
0.260214884898814 3.51117664575577 0.271781876683235 0.146940372884274
0.286400382592417 3.51117664575577 0.288561154156923 0.165472567081451
0.315220934348083 3.56563341617584 0.325048387050629 0.176362536847591
0.346941706403675 3.56563341617584 0.361898884177208 0.207135111093521
0.381854548750803 3.56563341617584 0.406222820281982 0.224881142377853
0.420280680328535 3.62527656555176 0.439292892813683 0.264341711997986
0.462573644428912 3.84656143188477 0.480692099779844 0.276236027479172
0.509122561505755 3.84656143188477 0.529843688011169 0.302640050649643
0.560355709314554 3.93300080299377 0.590222954750061 0.340752087533474
0.616744463322841 3.98659324645996 0.650209859013557 0.370524048805237
0.678807633645181 3.98659324645996 0.732902811840177 0.414416462182999
0.74711623840516 4.04104995727539 0.806877225637436 0.447180368006229
0.822298757442146 4.06265139579773 0.898247706703842 0.494556605815887
0.90504691470005 4.17070913314819 0.97833126783371 0.549496732652187
0.997049767162749 4.17070913314819 1.08665516972542 0.608108557760715
1.0973831681079 4.17070913314819 1.19490347802639 0.648635923862457
1.207813147656 4.17070913314819 1.32381444051862 0.723796516656876
1.32935572737641 4.17070913314819 1.44242632389069 0.773024916648865
1.46312917137724 4.17070913314819 1.60915005207062 0.854200594127178
1.61036427500108 4.19232761859894 1.74402928352356 0.97287654876709
1.77241568887504 4.19232761859894 1.90597957372665 1.03785586357117
1.95077438250316 4.19232761859894 2.1000462770462 1.13439112901688
2.14708136207369 4.19232761859894 2.29718160629272 1.28437190502882
2.36314276869316 4.19232761859894 2.52507770061493 1.35598679631948
2.60094649596008 4.19232761859894 2.74263942241669 1.5512028336525
2.86268047976978 4.19232761859894 2.9892772436142 1.64221411943436
3.15075282862747 4.19232761859894 3.15799677371979 1.82262474298477
3.46781397968047 4.19232761859894 3.48829698562622 1.96138823032379
3.81678108431816 4.19232761859894 3.7548828125 2.15601056814194
4.2008648477019 4.19232761859894 4.16805696487427 2.40157234668732
4.62790519502682 4.19232761859894 4.31090569496155 2.47377574443817
5.09361260779729 4.19232761859894 4.7234480381012 2.69042992591858
5.6061842896419 4.19232761859894 5.0909743309021 2.87318527698517
6.17033620525356 4.19232761859894 5.46386528015137 3.16308510303497
6.79125888819023 4.19232761859894 5.94609022140503 3.35947203636169
7.47466519687438 4.19232761859894 6.5781717300415 3.83394742012024
8.22684287629239 4.19232761859894 6.63283467292786 4.18914639949799
9.05471240899251 4.19232761859894 6.74660181999207 4.70329689979553
9.96589068764523 4.19232761859894 6.74660181999207 4.81559884548187
10.9687610949915 4.19232761859894 6.74660181999207 5.35192775726318
12.072550635956 4.19232761859894 6.74660181999207 5.62033843994141
13.2874148315868 4.19232761859894 6.74660181999207 5.75207853317261
14.6245311558961 4.19232761859894 6.74660181999207 6.14022862911224
16.0962018752773 4.19232761859894 6.74660181999207 6.6057550907135
17.7159672366814 4.19232761859894 6.82611846923828 7.25438594818115
19.4987300459514 4.19232761859894 6.82611846923828 7.9499135017395
21.4808800919766 4.19232761859894 6.82611846923828 7.9499135017395
23.6425071500281 4.19232761859894 6.82611846923828 8.41931700706482
26.0216593522121 4.19232761859894 6.82611846923828 9.76429843902588
28.6402263154973 4.19232761859894 6.82611846923828 10.1083033084869
31.5223004152183 4.19232761859894 6.82611846923828 10.8595809936523
34.6943984492749 4.19232761859894 6.82611846923828 12.9483194351196
38.1857056084627 4.19232761859894 6.82611846923828 16.0376868247986
42.0283439976073 4.19232761859894 6.82611846923828 17.852071762085
46.2576681780564 4.19232761859894 6.82611846923828 18.8752975463867
50.9125904506965 4.19232761859894 6.82611846923828 20.9994220733643
56.0359388722924 4.19232761859894 6.82611846923828 20.9994220733643
61.674851299112 4.19232761859894 6.82611846923828 20.9994220733643
67.8812090832727 4.19232761859894 6.82611846923828 22.0012989044189
74.7121144120754 4.19232761859894 6.82611846923828 24.7731065750122
82.2304156821292 4.19232761859894 6.82611846923828 32.6351261138916
90.5052857420251 4.19232761859894 7.18632864952087 34.9129476547241
99.7056313992196 4.19232761859894 7.63956141471863 39.1851263046265
109.739037374665 4.19232761859894 7.63956141471863 39.9939975738525
120.782107840023 4.19232761859894 7.63956141471863 44.9697761535645
132.936445619368 4.19232761859894 8.07928824424744 49.2419548034668
146.313877857786 4.19232761859894 8.07928824424744 49.2419548034668
161.037484897703 4.19232761859894 8.07928824424744 49.2419548034668
177.242732691319 4.19232761859894 8.07928824424744 49.2419548034668
195.078719168039 4.19232761859894 8.07928824424744 49.2419548034668
214.709546024206 4.19232761859894 8.07928824424744 49.2419548034668
214.909512828253 4.19232761859894 8.07928824424744 49.2419548034668
