0.0387145280838013 0.586059033870697 0.00792026519775391 0.0012490451335907
0.0387500300966981 0.586059033870697 0.00792026519775391 0.0012490451335907
0.0425866726076336 0.586059033870697 0.00792026519775391 0.0012490451335907
0.0468031812946723 0.586059033870697 0.00792026519775391 0.0012490451335907
0.0514371667278207 0.586059033870697 0.00792026519775391 0.0012490451335907
0.0565299633015929 0.586059033870697 0.00792026519775391 0.0012490451335907
0.0621269979310704 0.586059033870697 0.00792026519775391 0.0012490451335907
0.068278195252578 0.586059033870697 0.00792026519775391 0.0012490451335907
0.0750384229432996 0.586059033870697 0.0165381133556366 0.0012490451335907
0.0824679811320132 0.586059033870697 0.0165381133556366 0.0012490451335907
0.0907162527069789 0.586059033870697 0.0165381133556366 0.0012490451335907
0.0996980736423392 0.586059033870697 0.0165381133556366 0.0012490451335907
0.109569185139287 0.586059033870697 0.0165381133556366 0.0012490451335907
0.120417635902936 0.586059033870697 0.0165381133556366 0.0012490451335907
0.132340192345309 0.586059033870697 0.0165381133556366 0.0012490451335907
0.145443201725957 0.586059033870697 0.0165381133556366 0.0012490451335907
0.159843540752169 0.967256665229797 0.0469264388084412 0.00829899311065674
0.175669658100152 0.967256665229797 0.049367368221283 0.0128770172595978
0.193062720156276 0.967256665229797 0.0813284814357758 0.0144709050655365
0.212177870198225 1.85931992530823 0.0867714881896973 0.0200022161006927
0.233185612247737 1.9137766957283 0.0867714881896973 0.0200022161006927
0.25627333193868 1.9137766957283 0.0958925485610962 0.0212248861789703
0.281646967966354 2.74790793657303 0.14201956987381 0.0242817997932434
0.309532849027073 2.74790793657303 0.152976036071777 0.0282502174377441
0.340179712633237 2.74790793657303 0.177951395511627 0.0297356247901917
0.373860923811385 2.74790793657303 0.204505383968353 0.0366469621658325
0.411253695994416 3.10663169622421 0.24387139081955 0.0419847667217255
0.451971945990459 3.10663169622421 0.288773059844971 0.0505293607711792
0.496721712052834 3.12219077348709 0.288773059844971 0.0563088953495026
0.54590215479858 3.56563341617584 0.334100723266602 0.0618277937173843
0.599951955758347 3.56563341617584 0.377067267894745 0.0624951124191284
0.659353230344131 3.56563341617584 0.424161702394485 0.0744871497154236
0.724635828240139 3.56563341617584 0.424273550510406 0.0811609178781509
0.796382059575582 3.56563341617584 0.494086563587189 0.0896725654602051
0.875231889036086 3.84656143188477 0.520498275756836 0.0932334065437317
0.961888644244345 3.84656143188477 0.627853035926819 0.105202823877335
1.05712528932784 3.84656143188477 0.654623448848724 0.115772798657417
1.16179131963283 3.84656143188477 0.739194989204407 0.136912554502487
1.27682033908432 3.98659324645996 0.80018150806427 0.144979029893875
1.4032383877809 4.04104137420654 0.920855045318604 0.160823419690132
1.54217309410505 4.04104995727539 0.994607508182526 0.177285075187683
1.69486373298454 4.17070913314819 1.11488264799118 0.203328371047974
1.86438038854372 4.17070913314819 1.23869699239731 0.21573269367218
2.0489727885339 4.17070913314819 1.3103621006012 0.237330287694931
2.25184169172242 4.17070913314819 1.4469348192215 0.258680731058121
2.4747966556489 4.17070913314819 1.62311832606792 0.284760534763336
2.7198264022398 4.17070913314819 1.77724480442703 0.318489104509354
2.98911655688376 4.19232761859894 2.00248801708221 0.353983849287033
3.28506914385371 4.19232761859894 2.15091061592102 0.374035447835922
3.61032401197175 4.19232761859894 2.43003332614899 0.427847683429718
3.96778238163021 4.19232761859894 2.61754608154297 0.473392605781555
4.36063272320454 4.19232761859894 2.88105869106948 0.49281507730484
4.79237919768918 4.19232761859894 3.16054701805115 0.564081937074661
5.2668729132423 4.19232761859894 3.59588455967605 0.619274139404297
5.78834627644265 4.19232761859894 3.82030266523361 0.655494913458824
6.36145074466621 4.19232761859894 4.05624747276306 0.709423899650574
6.99129831632754 4.19232761859894 4.48944102227688 0.788683861494064
7.68350712907217 4.19232761859894 4.9396538734436 0.847483605146408
8.45199512379247 4.19232761859894 5.31056362390518 0.937042266130447
9.28882760400582 4.19232761859894 5.52047419548035 1.06451749801636
10.2085149119472 4.19232761859894 6.06991147994995 1.10469377040863
11.2192605084528 4.19232761859894 6.53992414474487 1.16045105457306
12.330080079446 4.19232761859894 6.61501979827881 1.22198736667633
13.5508819543863 4.19232761859894 6.63147735595703 1.22675406932831
14.8925554869521 4.19232761859894 6.64445996284485 1.32581400871277
16.3670681863003 4.19232761859894 6.65387892723083 1.42919036746025
17.9875724652967 4.19232761859894 6.67033648490906 1.52924707531929
19.7685229578944 4.19232761859894 6.67033648490906 1.73782408237457
21.7258054521118 4.19232761859894 6.67033648490906 1.77136564254761
23.8768785886714 4.19232761859894 6.67033648490906 1.77136564254761
26.2409295892292 4.19232761859894 6.67033648490906 1.77136564254761
28.8390454032626 4.19232761859894 6.67033648490906 1.84890669584274
31.6944008002223 4.19232761859894 6.67033648490906 1.95205008983612
34.8324650846968 4.19232761859894 6.67033648490906 2.10818028450012
38.3163339475004 4.19232761859894 6.67033648490906 2.20089140534401
42.1100361799719 4.19232761859894 6.67033648490906 2.80812510848045
46.2793530693252 4.19232761859894 6.67033648490906 3.09667459130287
50.8614742424258 4.19232761859894 6.67033648490906 3.52207899093628
55.8972714730444 4.19232761859894 6.67033648490906 3.52207899093628
61.4316632514152 4.19232761859894 6.67033648490906 3.52207899093628
67.5140154498445 4.19232761859894 6.67033648490906 4.75705862045288
74.1985816582434 4.19232761859894 6.67033648490906 5.29941344261169
81.5449871173038 4.19232761859894 6.67033648490906 5.79654735326767
89.6187605659235 4.19232761859894 6.67033648490906 6.79959437251091
98.4919187468734 4.19232761859894 6.67033648490906 7.56711333990097
108.243608784401 4.19232761859894 7.54273724555969 8.11909687519073
118.960814163673 4.19232761859894 7.54273724555969 8.11909687519073
130.739130609284 4.19232761859894 7.54273724555969 8.46562683582306
143.683618783529 4.19232761859894 7.54273724555969 8.46562683582306
157.909741410383 4.19232761859894 7.54273724555969 8.46562683582306
173.703536936922 4.19232761859894 7.54273724555969 8.46562683582306
190.901933233621 4.19232761859894 7.54273724555969 8.46562683582306
209.803143649102 4.19232761859894 7.54273724555969 8.46562683582306
230.575763898515 4.19232761859894 7.54273724555969 8.46562683582306
253.405082367608 4.19232761859894 7.54273724555969 8.46562683582306
278.494732854913 4.19232761859894 7.54273724555969 8.46562683582306
306.068510952025 4.19232761859894 7.54273724555969 8.46562683582306
336.372370263797 4.19232761859894 7.54273724555969 8.46562683582306
369.676616274388 4.19232761859894 7.54273724555969 8.46562683582306
370.015617281199 4.19232761859894 7.54273724555969 8.46562683582306
