0.0194894644874591 0.586059033870697 0.00808262825012207 0.00157111883163452
0.0195076157341004 0.586059033870697 0.00808262825012207 0.00157111883163452
0.0214706726399789 0.586059033870697 0.00808262825012207 0.00157111883163452
0.0236312725192399 0.586059033870697 0.00808262825012207 0.00157111883163452
0.0260092941773403 0.586059033870697 0.00808262825012207 0.00157111883163452
0.02862661682957 0.586059033870697 0.00808262825012207 0.00157111883163452
0.0315073214028609 0.586059033870697 0.0167067646980286 0.00195160880684853
0.0346779120946542 0.586059033870697 0.0167067646980286 0.00195160880684853
0.0381675602272991 0.586059033870697 0.0167067646980286 0.00195160880684853
0.0420083726415892 0.586059033870697 0.0167067646980286 0.00195160880684853
0.0462787480746938 0.586059033870697 0.0167067646980286 0.00195160880684853
0.0509357916233132 0.586059033870697 0.0167067646980286 0.00195160880684853
0.056061474785492 0.586059033870697 0.0167067646980286 0.00195160880684853
0.0617029568985016 0.586059033870697 0.0167067646980286 0.00195160880684853
0.0679121429571029 0.586059033870697 0.0267724990844727 0.00612875819206238
0.0747461611704054 0.768446087837219 0.0462950021028519 0.0150245055556297
0.0822678885754094 0.967256665229797 0.0462950021028519 0.0150245055556297
0.0905465295431877 1.00701880455017 0.0462950021028519 0.019384503364563
0.0996582525003081 1.9137766957283 0.0498835444450378 0.019384503364563
0.109686890723714 1.9137766957283 0.0946750640869141 0.0240713953971863
0.120724713656792 1.9137766957283 0.0958423018455505 0.0298368334770203
0.132873275843195 2.74790793657303 0.0958423018455505 0.0300837494432926
0.146244351289115 2.74790793657303 0.124100565910339 0.0374460816383362
0.160960961850701 2.74790793657303 0.130343303084373 0.0423004031181335
0.177158509108387 2.74790793657303 0.164087772369385 0.0506833717226982
0.194986020142061 2.80583125352859 0.206918954849243 0.053081214427948
0.214807390451206 2.80583125352859 0.212531331926584 0.0619478076696396
0.23642351909587 3.39448344707489 0.23960417881608 0.0694373548030853
0.260214884898814 3.51117664575577 0.278876408934593 0.0755384862422943
0.286400382592417 3.51117664575577 0.283739153295755 0.0882364027202129
0.315220934348083 3.56563341617584 0.325989097356796 0.0944183468818665
0.346941706403675 3.56563341617584 0.361623659729958 0.105762980878353
0.381854548750803 3.56563341617584 0.412737727165222 0.119018658995628
0.420280680328535 3.62527656555176 0.440622910857201 0.130568936467171
0.462573644428912 3.84656143188477 0.491745102684945 0.142497479915619
0.509122561505755 3.84656143188477 0.53999550268054 0.158262357115746
0.560355709314554 3.93300080299377 0.607316553592682 0.172619879245758
0.616744463322841 3.98659324645996 0.668433412909508 0.190972425043583
0.678807633645181 3.98659324645996 0.746707183308899 0.215826973319054
0.74711623840516 4.04104995727539 0.828834146261215 0.229243069887161
0.822298757442146 4.06265139579773 0.913881003856659 0.256020314991474
0.90504691470005 4.17070913314819 1.00306603312492 0.281575262546539
0.997049767162749 4.17070913314819 1.10826979577541 0.312813051044941
1.0973831681079 4.17070913314819 1.22213403880596 0.339854791760445
1.207813147656 4.17070913314819 1.33957789465785 0.381110846996307
1.32935572737641 4.17070913314819 1.49061518907547 0.416657105088234
1.46312917137724 4.17070913314819 1.63100355863571 0.464831039309502
1.61036427500108 4.19232761859894 1.75869172811508 0.510386914014816
1.77241568887504 4.19232761859894 1.9254857301712 0.550517663359642
1.95077438250316 4.19232761859894 2.16253983974457 0.604790687561035
2.14708136207369 4.19232761859894 2.35306632518768 0.680424928665161
2.36314276869316 4.19232761859894 2.5906029343605 0.732454597949982
2.60094649596008 4.19232761859894 2.76762962341309 0.801992774009705
2.86268047976978 4.19232761859894 3.05344939231873 0.880795806646347
3.15075282862747 4.19232761859894 3.27556931972504 0.995662957429886
3.46781397968047 4.19232761859894 3.55729413032532 1.09750843048096
3.81678108431816 4.19232761859894 3.84317791461945 1.19383406639099
4.2008648477019 4.19232761859894 4.28399658203125 1.31336146593094
4.62790519502682 4.19232761859894 4.4181569814682 1.45897781848907
5.09361260779729 4.19232761859894 4.80699670314789 1.58199280500412
5.6061842896419 4.19232761859894 5.18680667877197 1.74107557535172
6.17033620525356 4.19232761859894 5.53033053874969 1.8927848637104
6.79125888819023 4.19232761859894 6.00927555561066 2.07154875993729
7.47466519687438 4.19232761859894 6.62881970405579 2.2743484377861
8.22684287629239 4.19232761859894 6.64233160018921 2.44413655996323
9.05471240899251 4.19232761859894 6.68492817878723 2.64729017019272
9.96589068764523 4.19232761859894 6.68492817878723 2.89647549390793
10.9687610949915 4.19232761859894 6.68492817878723 3.19014137983322
12.072550635956 4.19232761859894 6.68492817878723 3.44486922025681
13.2874148315868 4.19232761859894 6.68492817878723 3.68037009239197
14.6245311558961 4.19232761859894 6.68492817878723 3.95465540885925
16.0962018752773 4.19232761859894 6.68492817878723 4.03890234231949
17.7159672366814 4.19232761859894 6.68492817878723 4.03890234231949
19.4987300459514 4.19232761859894 6.68492817878723 4.22960501909256
21.4808800919766 4.19232761859894 6.68492817878723 4.91004246473312
23.6425071500281 4.19232761859894 6.68492817878723 5.58865344524384
26.0216593522121 4.19232761859894 6.68492817878723 6.03115874528885
28.6402263154973 4.19232761859894 6.68492817878723 6.60621765255928
31.5223004152183 4.19232761859894 6.68492817878723 7.49506694078445
34.6943984492749 4.19232761859894 6.68492817878723 7.49506694078445
38.1857056084627 4.19232761859894 6.68492817878723 7.49506694078445
42.0283439976073 4.19232761859894 6.68492817878723 8.40752410888672
46.2576681780564 4.19232761859894 6.68492817878723 9.87143230438232
50.9125904506965 4.19232761859894 6.68492817878723 9.87143230438232
56.0359388722924 4.19232761859894 6.68492817878723 9.87143230438232
61.674851299112 4.19232761859894 6.68492817878723 9.87143230438232
67.8812090832727 4.19232761859894 6.68492817878723 9.87143230438232
74.7121144120754 4.19232761859894 6.68492817878723 9.87143230438232
82.2304156821292 4.19232761859894 6.68492817878723 14.8229780197144
90.5052857420251 4.19232761859894 6.68492817878723 14.8229780197144
99.7056313992196 4.19232761859894 7.47069549560547 17.3044147491455
109.739037374665 4.19232761859894 7.47069549560547 17.3044147491455
120.782107840023 4.19232761859894 7.47069549560547 17.3044147491455
132.936445619368 4.19232761859894 7.47069549560547 17.3044147491455
146.313877857786 4.19232761859894 7.47069549560547 17.3044147491455
161.037484897703 4.19232761859894 7.47069549560547 17.3044147491455
177.242732691319 4.19232761859894 7.47069549560547 17.3044147491455
195.078719168039 4.19232761859894 7.47069549560547 17.3044147491455
214.709546024206 4.19232761859894 7.47069549560547 17.3044147491455
214.909512828253 4.19232761859894 7.47069549560547 17.3044147491455
