0.0387145280838013 0.586059033870697 0.0100986361503601 0.0078965425491333
0.0387500300966981 0.586059033870697 0.0100986361503601 0.0078965425491333
0.0425866726076336 0.586059033870697 0.0100986361503601 0.0078965425491333
0.0468031812946723 0.586059033870697 0.0100986361503601 0.0078965425491333
0.0514371667278207 0.586059033870697 0.0100986361503601 0.0078965425491333
0.0565299633015929 0.586059033870697 0.0100986361503601 0.0078965425491333
0.0621269979310704 0.586059033870697 0.0100986361503601 0.0078965425491333
0.068278195252578 0.586059033870697 0.0100986361503601 0.0078965425491333
0.0750384229432996 0.586059033870697 0.0191393196582794 0.0116784870624542
0.0824679811320132 0.586059033870697 0.0191393196582794 0.0116784870624542
0.0907162527069789 0.586059033870697 0.0191393196582794 0.0116784870624542
0.0996980736423392 0.586059033870697 0.0191393196582794 0.0116784870624542
0.109569185139287 0.586059033870697 0.0191393196582794 0.0116784870624542
0.120417635902936 0.586059033870697 0.0191393196582794 0.0116784870624542
0.132340192345309 0.586059033870697 0.0191393196582794 0.0116784870624542
0.145443201725957 0.586059033870697 0.0191393196582794 0.0116784870624542
0.159843540752169 0.967256665229797 0.0415603518486023 0.0304728150367737
0.175669658100152 0.967256665229797 0.0546318590641022 0.0304728150367737
0.193062720156276 0.967256665229797 0.0890534520149231 0.0331116318702698
0.212177870198225 1.85931992530823 0.0898087322711945 0.0493705868721008
0.233185612247737 1.9137766957283 0.0898087322711945 0.0597139000892639
0.25627333193868 1.9137766957283 0.109372854232788 0.0597139000892639
0.281646967966354 2.74790793657303 0.150654494762421 0.0680136680603027
0.309532849027073 2.74790793657303 0.163906931877136 0.0742271095514297
0.340179712633237 2.74790793657303 0.184114158153534 0.087343692779541
0.373860923811385 2.74790793657303 0.213248372077942 0.0919231474399567
0.411253695994416 3.10663169622421 0.262208526954055 0.102136611938477
0.451971945990459 3.10663169622421 0.307596266269684 0.126903295516968
0.496721712052834 3.12219077348709 0.307596266269684 0.126903295516968
0.54590215479858 3.56563341617584 0.3536277115345 0.141659498214722
0.599951955758347 3.56563341617584 0.39336371421814 0.161851570010185
0.659353230344131 3.56563341617584 0.447510071098804 0.182801142334938
0.724635828240139 3.56563341617584 0.457974139600992 0.193929255008698
0.796382059575582 3.56563341617584 0.5271857380867 0.212520003318787
0.875231889036086 3.84656143188477 0.559430003166199 0.250095948576927
0.961888644244345 3.84656143188477 0.65565213561058 0.259478509426117
1.05712528932784 3.84656143188477 0.684406697750092 0.291496962308884
1.16179131963283 3.84656143188477 0.787763029336929 0.302657246589661
1.27682033908432 3.98659324645996 0.840935170650482 0.364097520709038
1.4032383877809 4.04104137420654 0.966072499752045 0.36565825343132
1.54217309410505 4.04104995727539 1.04304856061935 0.420750930905342
1.69486373298454 4.17070913314819 1.17625468969345 0.448554709553719
1.86438038854372 4.17070913314819 1.29889452457428 0.492923483252525
2.0489727885339 4.17070913314819 1.3908052444458 0.545724242925644
2.25184169172242 4.17070913314819 1.53235003352165 0.587192043662071
2.4747966556489 4.17070913314819 1.71631870046258 0.630758628249168
2.7198264022398 4.17070913314819 1.87831366807222 0.689771100878716
2.98911655688376 4.19232761859894 2.11937934160233 0.753171935677528
3.28506914385371 4.19232761859894 2.25186998397112 0.80928099155426
3.61032401197175 4.19232761859894 2.55292370915413 0.991989225149155
3.96778238163021 4.19232761859894 2.73656380176544 1.09142357110977
4.36063272320454 4.19232761859894 3.04844475537539 1.19540858268738
4.79237919768918 4.19232761859894 3.33383280038834 1.31228649616241
5.2668729132423 4.19232761859894 3.79697490483522 1.40300658345222
5.78834627644265 4.19232761859894 3.97716754674911 1.53910838067532
6.36145074466621 4.19232761859894 4.24903094768524 1.66152632236481
6.99129831632754 4.19232761859894 4.69933375716209 1.77483981847763
7.68350712907217 4.19232761859894 5.12942397594452 1.96563047170639
8.45199512379247 4.19232761859894 5.50414645671844 2.01037138700485
9.28882760400582 4.19232761859894 5.74151694774628 2.15104216337204
10.2085149119472 4.19232761859894 6.19343245029449 2.50304633378983
11.2192605084528 4.19232761859894 6.62750935554504 2.53766542673111
12.330080079446 4.19232761859894 6.70680022239685 2.89440733194351
13.5508819543863 4.19232761859894 6.75648188591003 3.34250575304031
14.8925554869521 4.19232761859894 6.75648188591003 3.34250575304031
16.3670681863003 4.19232761859894 6.86375737190247 3.47280979156494
17.9875724652967 4.19232761859894 6.86375737190247 3.66264760494232
19.7685229578944 4.19232761859894 6.86375737190247 4.16861402988434
21.7258054521118 4.19232761859894 6.86375737190247 4.71592503786087
23.8768785886714 4.19232761859894 7.53950786590576 6.60052764415741
26.2409295892292 4.19232761859894 7.53950786590576 6.60052764415741
28.8390454032626 4.19232761859894 7.53950786590576 6.60052764415741
31.6944008002223 4.19232761859894 7.53950786590576 7.07066236436367
34.8324650846968 4.19232761859894 7.53950786590576 7.74740558862686
38.3163339475004 4.19232761859894 7.53950786590576 7.95674461126328
42.1100361799719 4.19232761859894 7.53950786590576 8.59355986118317
46.2793530693252 4.19232761859894 7.53950786590576 8.59355986118317
50.8614742424258 4.19232761859894 7.53950786590576 8.59355986118317
55.8972714730444 4.19232761859894 7.53950786590576 8.59355986118317
61.4316632514152 4.19232761859894 7.53950786590576 8.82430171966553
67.5140154498445 4.19232761859894 7.53950786590576 9.62914204597473
74.1985816582434 4.19232761859894 7.53950786590576 9.62914204597473
81.5449871173038 4.19232761859894 7.53950786590576 9.62914204597473
89.6187605659235 4.19232761859894 7.53950786590576 9.62914204597473
98.4919187468734 4.19232761859894 7.53950786590576 9.62914204597473
108.243608784401 4.19232761859894 7.54203081130981 9.62914204597473
118.960814163673 4.19232761859894 7.54203081130981 9.62914204597473
130.739130609284 4.19232761859894 7.76124930381775 9.62914204597473
143.683618783529 4.19232761859894 7.76124930381775 9.62914204597473
157.909741410383 4.19232761859894 7.76124930381775 12.2402100563049
173.703536936922 4.19232761859894 7.76124930381775 12.2402100563049
190.901933233621 4.19232761859894 7.76124930381775 12.2402100563049
209.803143649102 4.19232761859894 7.76124930381775 12.2402100563049
230.575763898515 4.19232761859894 8.4395227432251 12.2402100563049
253.405082367608 4.19232761859894 8.4395227432251 12.2402100563049
278.494732854913 4.19232761859894 8.4395227432251 12.2402100563049
306.068510952025 4.19232761859894 8.4395227432251 12.2402100563049
336.372370263797 4.19232761859894 8.4395227432251 12.2402100563049
369.676616274388 4.19232761859894 8.4395227432251 12.2402100563049
370.015617281199 4.19232761859894 8.4395227432251 12.2402100563049
