0.0194894644874591 0.586059033870697 0.00741481781005859 0.00586274266242981
0.0195076157341004 0.586059033870697 0.00741481781005859 0.00586274266242981
0.0214706726399789 0.586059033870697 0.00741481781005859 0.00586274266242981
0.0236312725192399 0.586059033870697 0.00741481781005859 0.00586274266242981
0.0260092941773403 0.586059033870697 0.00741481781005859 0.00586274266242981
0.02862661682957 0.586059033870697 0.00741481781005859 0.00586274266242981
0.0315073214028609 0.586059033870697 0.016002357006073 0.00586274266242981
0.0346779120946542 0.586059033870697 0.016002357006073 0.00586274266242981
0.0381675602272991 0.586059033870697 0.016002357006073 0.00586274266242981
0.0420083726415892 0.586059033870697 0.016002357006073 0.00586274266242981
0.0462787480746938 0.586059033870697 0.016002357006073 0.00586274266242981
0.0509357916233132 0.586059033870697 0.016002357006073 0.00586274266242981
0.056061474785492 0.586059033870697 0.016002357006073 0.00586274266242981
0.0617029568985016 0.586059033870697 0.016002357006073 0.00586274266242981
0.0679121429571029 0.586059033870697 0.0245079398155212 0.0104646682739258
0.0747461611704054 0.768446087837219 0.0438129305839539 0.0266616940498352
0.0822678885754094 0.967256665229797 0.0438129305839539 0.0281514525413513
0.0905465295431877 1.00701880455017 0.0457450151443481 0.0344622731208801
0.0996582525003081 1.9137766957283 0.0497955679893494 0.0376672148704529
0.109686890723714 1.9137766957283 0.0877995491027832 0.0529963374137878
0.120724713656792 1.9137766957283 0.0912702083587646 0.0544885993003845
0.132873275843195 2.74790793657303 0.0912702083587646 0.0544885993003845
0.146244351289115 2.74790793657303 0.116858124732971 0.0808459371328354
0.160960961850701 2.74790793657303 0.125805921852589 0.0854513794183731
0.177158509108387 2.74790793657303 0.158210158348083 0.0962114930152893
0.194986020142061 2.80583125352859 0.196563839912415 0.110779285430908
0.214807390451206 2.80583125352859 0.202644353732467 0.119234338402748
0.23642351909587 3.39448344707489 0.228968566283584 0.128463208675385
0.260214884898814 3.51117664575577 0.267713949084282 0.146006390452385
0.286400382592417 3.51117664575577 0.272547518834472 0.169147923588753
0.315220934348083 3.56563341617584 0.31130712479353 0.181655496358871
0.346941706403675 3.56563341617584 0.347940616309643 0.198544546961784
0.381854548750803 3.56563341617584 0.392792224884033 0.222434937953949
0.420280680328535 3.62527656555176 0.425454035401344 0.246962666511536
0.462573644428912 3.84656143188477 0.470838837325573 0.263147085905075
0.509122561505755 3.84656143188477 0.51969351619482 0.309505969285965
0.560355709314554 3.93300080299377 0.578707596287131 0.324230834841728
0.616744463322841 3.98659324645996 0.638031370937824 0.35749976336956
0.678807633645181 3.98659324645996 0.713615068234503 0.406467705965042
0.74711623840516 4.04104995727539 0.787895739078522 0.425732389092445
0.822298757442146 4.06265139579773 0.869916796684265 0.480340480804443
0.90504691470005 4.17070913314819 0.960257232189178 0.53000745177269
0.997049767162749 4.17070913314819 1.05752667784691 0.605969816446304
1.0973831681079 4.17070913314819 1.16661889851093 0.668672859668732
1.207813147656 4.17070913314819 1.27990264445543 0.726321905851364
1.32935572737641 4.17070913314819 1.42391085624695 0.776634037494659
1.46312917137724 4.17070913314819 1.55967575311661 0.842048346996307
1.61036427500108 4.19232761859894 1.68955206871033 0.946526676416397
1.77241568887504 4.19232761859894 1.83685022592545 1.01919573545456
1.95077438250316 4.19232761859894 2.06918340921402 1.12450617551804
2.14708136207369 4.19232761859894 2.25515472888947 1.19206839799881
2.36314276869316 4.19232761859894 2.48209512233734 1.33584117889404
2.60094649596008 4.19232761859894 2.66778784990311 1.4663602411747
2.86268047976978 4.19232761859894 2.94381010532379 1.58071005344391
3.15075282862747 4.19232761859894 3.13996815681458 1.72636115550995
3.46781397968047 4.19232761859894 3.43775963783264 1.79485878348351
3.81678108431816 4.19232761859894 3.71714091300964 1.88864994049072
4.2008648477019 4.19232761859894 4.1559317111969 2.04778945446014
4.62790519502682 4.19232761859894 4.31157231330872 2.33236026763916
5.09361260779729 4.19232761859894 4.69409012794495 2.42928171157837
5.6061842896419 4.19232761859894 5.06559205055237 2.65324258804321
6.17033620525356 4.19232761859894 5.42819690704346 2.80388975143433
6.79125888819023 4.19232761859894 5.90746021270752 3.00804662704468
7.47466519687438 4.19232761859894 6.51018333435059 3.26038575172424
8.22684287629239 4.19232761859894 6.54494118690491 3.64313364028931
9.05471240899251 4.19232761859894 6.59372162818909 3.91386163234711
9.96589068764523 4.19232761859894 6.59372162818909 4.53729915618896
10.9687610949915 4.19232761859894 6.59372162818909 4.8809015750885
12.072550635956 4.19232761859894 6.59372162818909 4.8809015750885
13.2874148315868 4.19232761859894 6.59372162818909 4.8809015750885
14.6245311558961 4.19232761859894 6.59372162818909 4.92190599441528
16.0962018752773 4.19232761859894 6.59372162818909 6.20431780815125
17.7159672366814 4.19232761859894 6.59372162818909 6.38445353507996
19.4987300459514 4.19232761859894 6.59372162818909 6.38445353507996
21.4808800919766 4.19232761859894 6.59372162818909 6.38445353507996
23.6425071500281 4.19232761859894 6.59372162818909 6.5062620639801
26.0216593522121 4.19232761859894 6.59372162818909 6.5062620639801
28.6402263154973 4.19232761859894 6.59372162818909 6.5062620639801
31.5223004152183 4.19232761859894 6.59372162818909 8.59987473487854
34.6943984492749 4.19232761859894 6.59372162818909 8.59987473487854
38.1857056084627 4.19232761859894 6.59372162818909 8.79220128059387
42.0283439976073 4.19232761859894 6.59372162818909 8.79220128059387
46.2576681780564 4.19232761859894 6.59372162818909 8.79220128059387
50.9125904506965 4.19232761859894 6.59372162818909 9.13152551651001
56.0359388722924 4.19232761859894 6.59372162818909 11.9274001121521
61.674851299112 4.19232761859894 6.59372162818909 12.3602859973907
67.8812090832727 4.19232761859894 6.59372162818909 12.9407138824463
74.7121144120754 4.19232761859894 6.59372162818909 14.9109968841076
82.2304156821292 4.19232761859894 6.59372162818909 17.2678034305573
90.5052857420251 4.19232761859894 6.59372162818909 17.2678034305573
99.7056313992196 4.19232761859894 7.59417057037354 18.512467622757
109.739037374665 4.19232761859894 7.59417057037354 18.512467622757
120.782107840023 4.19232761859894 7.59417057037354 18.512467622757
132.936445619368 4.19232761859894 7.59417057037354 18.512467622757
146.313877857786 4.19232761859894 7.59417057037354 18.512467622757
161.037484897703 4.19232761859894 7.59417057037354 18.512467622757
177.242732691319 4.19232761859894 7.59417057037354 18.512467622757
195.078719168039 4.19232761859894 7.59417057037354 18.512467622757
214.709546024206 4.19232761859894 7.59417057037354 18.512467622757
214.909512828253 4.19232761859894 7.59417057037354 18.512467622757
