0.0194894644874591 0.586059033870697 0.00775504112243652 0.0036902129650116
0.0195076157341004 0.586059033870697 0.00775504112243652 0.0036902129650116
0.0214706726399789 0.586059033870697 0.00775504112243652 0.0036902129650116
0.0236312725192399 0.586059033870697 0.00775504112243652 0.0036902129650116
0.0260092941773403 0.586059033870697 0.00775504112243652 0.0036902129650116
0.02862661682957 0.586059033870697 0.00775504112243652 0.0036902129650116
0.0315073214028609 0.586059033870697 0.0162704586982727 0.0036902129650116
0.0346779120946542 0.586059033870697 0.0162704586982727 0.0036902129650116
0.0381675602272991 0.586059033870697 0.0162704586982727 0.0036902129650116
0.0420083726415892 0.586059033870697 0.0162704586982727 0.0036902129650116
0.0462787480746938 0.586059033870697 0.0305660367012024 0.00853794813156128
0.0509357916233132 0.586059033870697 0.0305660367012024 0.00853794813156128
0.056061474785492 0.586059033870697 0.0305660367012024 0.00853794813156128
0.0617029568985016 0.586059033870697 0.0305660367012024 0.00853794813156128
0.0679121429571029 0.651752918958664 0.0305660367012024 0.016796201467514
0.0747461611704054 0.768446087837219 0.0515772551298141 0.0229613184928894
0.0822678885754094 0.967256665229797 0.0515772551298141 0.0295209586620331
0.0905465295431877 1.00701880455017 0.0515772551298141 0.032555103302002
0.0996582525003081 1.9137766957283 0.0713579654693604 0.0388315320014954
0.109686890723714 2.30101633071899 0.0999744534492493 0.0504193305969238
0.120724713656792 2.30101633071899 0.100329637527466 0.0563781261444092
0.132873275843195 2.74790793657303 0.103038877248764 0.0634537935256958
0.146244351289115 2.74790793657303 0.140326853841543 0.0634537935256958
0.160960961850701 2.74790793657303 0.166894927620888 0.0772250294685364
0.177158509108387 2.74790793657303 0.175114423036575 0.0845678597688675
0.194986020142061 2.80583125352859 0.219281196594238 0.0975320935249329
0.214807390451206 3.0089550614357 0.230786740779877 0.104344561696053
0.23642351909587 3.39448344707489 0.243120964616537 0.116565436124802
0.260214884898814 3.51117664575577 0.289762005209923 0.131499797105789
0.286400382592417 3.51117664575577 0.298780590295792 0.147001251578331
0.315220934348083 3.7056565284729 0.350927695631981 0.159232676029205
0.346941706403675 3.7056565284729 0.375892773270607 0.183350056409836
0.381854548750803 3.7056565284729 0.433927237987518 0.194616004824638
0.420280680328535 3.70566511154175 0.470193099230528 0.220603883266449
0.462573644428912 3.84656143188477 0.51487634703517 0.247709393501282
0.509122561505755 3.93300080299377 0.574598390609026 0.267219066619873
0.560355709314554 3.93300080299377 0.640726432204247 0.296013548970222
0.616744463322841 4.19232761859894 0.705129250884056 0.326120972633362
0.678807633645181 4.19232761859894 0.780068144202232 0.351772725582123
0.74711623840516 4.19232761859894 0.865584462881088 0.393912106752396
0.822298757442146 4.19232761859894 0.957528814673424 0.435058623552322
0.90504691470005 4.19232761859894 1.04683521389961 0.489987224340439
0.997049767162749 4.19232761859894 1.15797628462315 0.516011536121368
1.0973831681079 4.19232761859894 1.28374469280243 0.575236409902573
1.207813147656 4.19232761859894 1.3922543823719 0.651058554649353
1.32935572737641 4.19232761859894 1.55857139825821 0.714666664600372
1.46312917137724 4.19232761859894 1.69738479331136 0.768433272838593
1.61036427500108 4.19232761859894 1.8417502194643 0.879467189311981
1.77241568887504 4.19232761859894 2.04411312937737 0.91335529088974
1.95077438250316 4.19232761859894 2.25399363040924 1.00668376684189
2.14708136207369 4.19232761859894 2.45677971839905 1.07974317669868
2.36314276869316 4.19232761859894 2.71373176574707 1.17435744404793
2.60094649596008 4.19232761859894 2.85322570800781 1.2914542555809
2.86268047976978 4.19232761859894 3.16117525100708 1.39512386918068
3.15075282862747 4.19232761859894 3.42527711391449 1.56782418489456
3.46781397968047 4.19232761859894 3.67067623138428 1.70677149295807
3.81678108431816 4.19232761859894 3.97190165519714 1.85538351535797
4.2008648477019 4.19232761859894 4.42959260940552 1.99927926063538
4.62790519502682 4.19232761859894 4.64360785484314 2.2497011423111
5.09361260779729 4.19232761859894 4.92216873168945 2.39559864997864
5.6061842896419 4.19232761859894 5.31228113174438 2.58543658256531
6.17033620525356 4.19232761859894 5.65817403793335 2.84672510623932
6.79125888819023 4.19232761859894 6.22322392463684 3.05052316188812
7.47466519687438 4.19232761859894 6.72700214385986 3.05370616912842
8.22684287629239 4.19232761859894 6.72700214385986 3.19985246658325
9.05471240899251 4.19232761859894 6.72700214385986 3.70325446128845
9.96589068764523 4.19232761859894 6.72700214385986 3.76721954345703
10.9687610949915 4.19232761859894 6.72700214385986 4.04596328735352
12.072550635956 4.19232761859894 6.72700214385986 4.49439871311188
13.2874148315868 4.19232761859894 6.72700214385986 5.38915756344795
14.6245311558961 4.19232761859894 6.72700214385986 6.21091628074646
16.0962018752773 4.19232761859894 6.72700214385986 6.67246103286743
17.7159672366814 4.19232761859894 6.72700214385986 6.67246103286743
19.4987300459514 4.19232761859894 6.72700214385986 6.67246103286743
21.4808800919766 4.19232761859894 6.72700214385986 7.09473633766174
23.6425071500281 4.19232761859894 6.72700214385986 7.76723885536194
26.0216593522121 4.19232761859894 6.72700214385986 8.66817104816437
28.6402263154973 4.19232761859894 6.72700214385986 9.6434280872345
31.5223004152183 4.19232761859894 6.72700214385986 10.498885512352
34.6943984492749 4.19232761859894 6.72700214385986 11.9523397684097
38.1857056084627 4.19232761859894 6.72700214385986 12.6126346588135
42.0283439976073 4.19232761859894 6.72700214385986 12.6126346588135
46.2576681780564 4.19232761859894 6.72700214385986 12.6126346588135
50.9125904506965 4.19232761859894 6.72700214385986 12.6126346588135
56.0359388722924 4.19232761859894 6.72700214385986 14.0153932571411
61.674851299112 4.19232761859894 6.73849391937256 15.297381401062
67.8812090832727 4.19232761859894 6.73849391937256 18.4299855232239
74.7121144120754 4.19232761859894 6.73849391937256 22.2020745277405
82.2304156821292 4.19232761859894 6.73849391937256 25.1024465560913
90.5052857420251 4.19232761859894 6.96518707275391 26.4700073301792
99.7056313992196 4.19232761859894 7.42987632751465 27.8838624954224
109.739037374665 4.19232761859894 7.42987632751465 29.3784828186035
120.782107840023 4.19232761859894 7.42987632751465 32.1598987579346
132.936445619368 4.19232761859894 7.66806125640869 32.1598987579346
146.313877857786 4.19232761859894 7.66806125640869 32.1598987579346
161.037484897703 4.19232761859894 7.66806125640869 44.6497106552124
177.242732691319 4.19232761859894 7.66806125640869 44.6497106552124
195.078719168039 4.19232761859894 7.66806125640869 57.2623453140259
214.709546024206 4.19232761859894 7.66806125640869 57.2623453140259
214.909512828253 4.19232761859894 7.66806125640869 57.2623453140259
