0.0194894644874591 0.586059033870697 0.00993716716766357 0.00408953428268433
0.0195076157341004 0.586059033870697 0.00993716716766357 0.00408953428268433
0.0214706726399789 0.586059033870697 0.00993716716766357 0.00408953428268433
0.0236312725192399 0.586059033870697 0.00993716716766357 0.00408953428268433
0.0260092941773403 0.586059033870697 0.00993716716766357 0.00408953428268433
0.02862661682957 0.586059033870697 0.00993716716766357 0.00408953428268433
0.0315073214028609 0.586059033870697 0.0190399289131165 0.00408953428268433
0.0346779120946542 0.586059033870697 0.0190399289131165 0.00408953428268433
0.0381675602272991 0.586059033870697 0.0190399289131165 0.00408953428268433
0.0420083726415892 0.586059033870697 0.0190399289131165 0.00408953428268433
0.0462787480746938 0.586059033870697 0.0324683487415314 0.00408953428268433
0.0509357916233132 0.586059033870697 0.0324683487415314 0.00408953428268433
0.056061474785492 0.586059033870697 0.0324683487415314 0.00408953428268433
0.0617029568985016 0.586059033870697 0.0324683487415314 0.00408953428268433
0.0679121429571029 0.651752918958664 0.0324683487415314 0.0158612430095673
0.0747461611704054 0.768446087837219 0.0355575084686279 0.0288333594799042
0.0822678885754094 0.967256665229797 0.0464461445808411 0.0288333594799042
0.0905465295431877 1.00701880455017 0.0489456951618195 0.0288333594799042
0.0996582525003081 1.9137766957283 0.0642203981988132 0.0308845639228821
0.109686890723714 2.30101633071899 0.0962439477443695 0.0474394857883453
0.120724713656792 2.30101633071899 0.0962439477443695 0.0643523931503296
0.132873275843195 2.74790793657303 0.109902948141098 0.0728090405464172
0.146244351289115 2.74790793657303 0.130795653909445 0.0728090405464172
0.160960961850701 2.74790793657303 0.156620264053345 0.0769930183887482
0.177158509108387 2.74790793657303 0.167209029197693 0.0922248959541321
0.194986020142061 2.80583125352859 0.190439224243164 0.109048575162888
0.214807390451206 3.0089550614357 0.212595906108618 0.111278563737869
0.23642351909587 3.39448344707489 0.244947668164968 0.129589051008224
0.260214884898814 3.51117664575577 0.268756598234177 0.153200298547745
0.286400382592417 3.51117664575577 0.291153613477945 0.16443058848381
0.315220934348083 3.7056565284729 0.325940489768982 0.186463236808777
0.346941706403675 3.7056565284729 0.360152594745159 0.191818177700043
0.381854548750803 3.7056565284729 0.402698993682861 0.226643323898315
0.420280680328535 3.70566511154175 0.436621606349945 0.247319921851158
0.462573644428912 3.84656143188477 0.479657828807831 0.273558288812637
0.509122561505755 3.93300080299377 0.54222247749567 0.295935124158859
0.560355709314554 3.93300080299377 0.58188933134079 0.324745029211044
0.616744463322841 4.19232761859894 0.644374988973141 0.359719961881638
0.678807633645181 4.19232761859894 0.727005992084742 0.401216089725494
0.74711623840516 4.19232761859894 0.811179853975773 0.448261797428131
0.822298757442146 4.19232761859894 0.889756713062525 0.507447600364685
0.90504691470005 4.19232761859894 0.96886083483696 0.543681919574738
0.997049767162749 4.19232761859894 1.06852599978447 0.598957777023315
1.0973831681079 4.19232761859894 1.18276366591454 0.652235433459282
1.207813147656 4.19232761859894 1.30620519071817 0.724551856517792
1.32935572737641 4.19232761859894 1.42813801765442 0.81860363483429
1.46312917137724 4.19232761859894 1.58586812019348 0.879462540149689
1.61036427500108 4.19232761859894 1.72883144021034 0.959808230400085
1.77241568887504 4.19232761859894 1.88787460327148 1.07206243276596
1.95077438250316 4.19232761859894 2.07348266243935 1.16577434539795
2.14708136207369 4.19232761859894 2.24872314929962 1.30422925949097
2.36314276869316 4.19232761859894 2.4709255695343 1.3298054933548
2.60094649596008 4.19232761859894 2.71577668190002 1.45236694812775
2.86268047976978 4.19232761859894 2.93430936336517 1.57332324981689
3.15075282862747 4.19232761859894 3.2063285112381 1.75517117977142
3.46781397968047 4.19232761859894 3.42732012271881 1.75565159320831
3.81678108431816 4.19232761859894 3.68304455280304 1.90857046842575
4.2008648477019 4.19232761859894 4.07845854759216 1.97212880849838
4.62790519502682 4.19232761859894 4.4402471780777 2.08829021453857
5.09361260779729 4.19232761859894 4.70890927314758 2.17078769207001
5.6061842896419 4.19232761859894 5.01532089710236 2.35223126411438
6.17033620525356 4.19232761859894 5.44192695617676 2.35223126411438
6.79125888819023 4.19232761859894 6.08563125133514 2.62863302230835
7.47466519687438 4.19232761859894 6.5526237487793 2.74394011497498
8.22684287629239 4.19232761859894 6.69868230819702 2.75616216659546
9.05471240899251 4.19232761859894 6.79865312576294 2.90770375728607
9.96589068764523 4.19232761859894 6.79865312576294 3.0230108499527
10.9687610949915 4.19232761859894 6.79865312576294 3.21674537658691
12.072550635956 4.19232761859894 6.79865312576294 3.21674537658691
13.2874148315868 4.19232761859894 6.79865312576294 3.49581611156464
14.6245311558961 4.19232761859894 6.79865312576294 3.49581611156464
16.0962018752773 4.19232761859894 6.79865312576294 3.50136935710907
17.7159672366814 4.19232761859894 7.35142135620117 3.595294713974
19.4987300459514 4.19232761859894 7.35142135620117 3.68961489200592
21.4808800919766 4.19232761859894 7.35142135620117 3.70511269569397
23.6425071500281 4.19232761859894 7.35142135620117 4.13688197731972
26.0216593522121 4.19232761859894 7.35142135620117 4.83814764022827
28.6402263154973 4.19232761859894 7.35142135620117 5.18939757347107
31.5223004152183 4.19232761859894 7.35142135620117 5.77286696434021
34.6943984492749 4.19232761859894 7.35142135620117 6.36653256416321
38.1857056084627 4.19232761859894 7.35142135620117 6.73883748054504
42.0283439976073 4.19232761859894 7.35142135620117 7.34733247756958
46.2576681780564 4.19232761859894 7.35142135620117 8.0036199092865
50.9125904506965 4.19232761859894 7.35142135620117 8.0036199092865
56.0359388722924 4.19232761859894 7.35142135620117 8.0036199092865
61.674851299112 4.19232761859894 7.62068939208984 8.0036199092865
67.8812090832727 4.19232761859894 7.62068939208984 8.0036199092865
74.7121144120754 4.19232761859894 7.62068939208984 9.21037936210632
82.2304156821292 4.19232761859894 7.62068939208984 12.4323496818542
90.5052857420251 4.19232761859894 7.62068939208984 12.4323496818542
99.7056313992196 4.19232761859894 7.62068939208984 13.1920402050018
109.739037374665 4.19232761859894 7.62068939208984 15.5291314125061
120.782107840023 4.19232761859894 7.62068939208984 17.6207699775696
132.936445619368 4.19232761859894 7.81199789047241 17.6207699775696
146.313877857786 4.19232761859894 7.81199789047241 17.6207699775696
161.037484897703 4.19232761859894 7.81199789047241 17.6207699775696
177.242732691319 4.19232761859894 7.81199789047241 17.6207699775696
195.078719168039 4.19232761859894 7.81199789047241 22.4919104576111
214.709546024206 4.19232761859894 7.96282839775085 27.2046227455139
214.909512828253 4.19232761859894 7.96282839775085 27.2046227455139
