0.0194894644874591 0.586059033870697 0.0100986361503601 0.0078965425491333
0.0195076157341004 0.586059033870697 0.0100986361503601 0.0078965425491333
0.0214706726399789 0.586059033870697 0.0100986361503601 0.0078965425491333
0.0236312725192399 0.586059033870697 0.0100986361503601 0.0078965425491333
0.0260092941773403 0.586059033870697 0.0100986361503601 0.0078965425491333
0.02862661682957 0.586059033870697 0.0100986361503601 0.0078965425491333
0.0315073214028609 0.586059033870697 0.0191393196582794 0.0116784870624542
0.0346779120946542 0.586059033870697 0.0191393196582794 0.0116784870624542
0.0381675602272991 0.586059033870697 0.0191393196582794 0.0116784870624542
0.0420083726415892 0.586059033870697 0.0191393196582794 0.0116784870624542
0.0462787480746938 0.586059033870697 0.0191393196582794 0.0116784870624542
0.0509357916233132 0.586059033870697 0.0191393196582794 0.0116784870624542
0.056061474785492 0.586059033870697 0.0191393196582794 0.0116784870624542
0.0617029568985016 0.586059033870697 0.0191393196582794 0.0116784870624542
0.0679121429571029 0.586059033870697 0.0324101448059082 0.0304728150367737
0.0747461611704054 0.768446087837219 0.0415603518486023 0.0304728150367737
0.0822678885754094 0.967256665229797 0.045054018497467 0.0304728150367737
0.0905465295431877 1.00701880455017 0.0485284328460693 0.0304728150367737
0.0996582525003081 1.9137766957283 0.0546318590641022 0.0331116318702698
0.109686890723714 1.9137766957283 0.0988336205482483 0.041313499212265
0.120724713656792 1.9137766957283 0.0988336205482483 0.0495774745941162
0.132873275843195 2.74790793657303 0.10286545753479 0.059872567653656
0.146244351289115 2.74790793657303 0.122092247009277 0.0757980942726135
0.160960961850701 2.74790793657303 0.131310403347015 0.0757980942726135
0.177158509108387 2.74790793657303 0.166945934295654 0.0872382074594498
0.194986020142061 2.80583125352859 0.205887198448181 0.0940289497375488
0.214807390451206 2.80583125352859 0.223090892657638 0.103261530399323
0.23642351909587 3.39448344707489 0.255281275138259 0.12659677863121
0.260214884898814 3.51117664575577 0.282411225140095 0.128188490867615
0.286400382592417 3.51117664575577 0.300254935398698 0.14665362238884
0.315220934348083 3.56563341617584 0.340070359408855 0.158829033374786
0.346941706403675 3.56563341617584 0.37620684877038 0.18249523639679
0.381854548750803 3.56563341617584 0.42600804567337 0.198113813996315
0.420280680328535 3.62527656555176 0.455126166343689 0.216149643063545
0.462573644428912 3.84656143188477 0.502731150016189 0.241098076105118
0.509122561505755 3.84656143188477 0.555561363697052 0.265571340918541
0.560355709314554 3.93300080299377 0.619929373264313 0.292777359485626
0.616744463322841 3.98659324645996 0.677760355174541 0.326442778110504
0.678807633645181 3.98659324645996 0.764859911054373 0.354716911911964
0.74711623840516 4.04104995727539 0.84610652923584 0.394713625311852
0.822298757442146 4.06265139579773 0.938006335869431 0.432553067803383
0.90504691470005 4.17070913314819 1.02536603808403 0.482972666621208
0.997049767162749 4.17070913314819 1.13488042354584 0.519648984074593
1.0973831681079 4.17070913314819 1.25134375691414 0.578429207205772
1.207813147656 4.17070913314819 1.38367687910795 0.652429550886154
1.32935572737641 4.17070913314819 1.50517249107361 0.683069959282875
1.46312917137724 4.17070913314819 1.68025368452072 0.768522307276726
1.61036427500108 4.19232761859894 1.81428050994873 0.847584962844849
1.77241568887504 4.19232761859894 1.98923641443253 0.903538644313812
1.95077438250316 4.19232761859894 2.18912988901138 0.997020378708839
2.14708136207369 4.19232761859894 2.39155220985413 1.08303773403168
2.36314276869316 4.19232761859894 2.62745523452759 1.17619615793228
2.60094649596008 4.19232761859894 2.84487676620483 1.35127739608288
2.86268047976978 4.19232761859894 3.09545135498047 1.38618697226048
3.15075282862747 4.19232761859894 3.28420650959015 1.5485872477293
3.46781397968047 4.19232761859894 3.60436975955963 1.77189791202545
3.81678108431816 4.19232761859894 3.88172519207001 1.85757040977478
4.2008648477019 4.19232761859894 4.28934931755066 1.96679440140724
4.62790519502682 4.19232761859894 4.41315281391144 2.17095923423767
5.09361260779729 4.19232761859894 4.84384536743164 2.30066585540771
5.6061842896419 4.19232761859894 5.20825266838074 2.39069980382919
6.17033620525356 4.19232761859894 5.58514034748077 2.66389071941376
6.79125888819023 4.19232761859894 6.06128251552582 2.80282354354858
7.47466519687438 4.19232761859894 6.70680022239685 2.80282354354858
8.22684287629239 4.19232761859894 6.75648188591003 3.34250575304031
9.05471240899251 4.19232761859894 6.86375737190247 3.34250575304031
9.96589068764523 4.19232761859894 6.86375737190247 3.47280979156494
10.9687610949915 4.19232761859894 6.86375737190247 3.48304265737534
12.072550635956 4.19232761859894 6.86375737190247 4.15422117710114
13.2874148315868 4.19232761859894 6.86375737190247 4.15422117710114
14.6245311558961 4.19232761859894 6.86375737190247 4.36174714565277
16.0962018752773 4.19232761859894 6.86375737190247 4.36174714565277
17.7159672366814 4.19232761859894 7.53950786590576 6.60052764415741
19.4987300459514 4.19232761859894 7.53950786590576 6.60052764415741
21.4808800919766 4.19232761859894 7.53950786590576 6.60052764415741
23.6425071500281 4.19232761859894 7.53950786590576 6.60052764415741
26.0216593522121 4.19232761859894 7.53950786590576 6.95926773548126
28.6402263154973 4.19232761859894 7.53950786590576 7.19000959396362
31.5223004152183 4.19232761859894 7.53950786590576 8.59355986118317
34.6943984492749 4.19232761859894 7.53950786590576 8.82430171966553
38.1857056084627 4.19232761859894 7.53950786590576 9.62914204597473
42.0283439976073 4.19232761859894 7.53950786590576 9.62914204597473
46.2576681780564 4.19232761859894 7.53950786590576 9.62914204597473
50.9125904506965 4.19232761859894 7.53950786590576 9.62914204597473
56.0359388722924 4.19232761859894 7.53950786590576 9.62914204597473
61.674851299112 4.19232761859894 7.53950786590576 9.62914204597473
67.8812090832727 4.19232761859894 7.53950786590576 9.62914204597473
74.7121144120754 4.19232761859894 7.53950786590576 9.62914204597473
82.2304156821292 4.19232761859894 7.53950786590576 9.62914204597473
90.5052857420251 4.19232761859894 7.76124930381775 12.2402100563049
99.7056313992196 4.19232761859894 7.76124930381775 12.2402100563049
109.739037374665 4.19232761859894 7.76124930381775 12.2402100563049
120.782107840023 4.19232761859894 7.76124930381775 12.2402100563049
132.936445619368 4.19232761859894 8.4395227432251 12.2402100563049
146.313877857786 4.19232761859894 8.4395227432251 12.2402100563049
161.037484897703 4.19232761859894 8.4395227432251 12.2402100563049
177.242732691319 4.19232761859894 8.4395227432251 12.2402100563049
195.078719168039 4.19232761859894 8.4395227432251 12.2402100563049
214.709546024206 4.19232761859894 8.4395227432251 12.2402100563049
214.909512828253 4.19232761859894 8.4395227432251 12.2402100563049
