0.0387145280838013 0.586059033870697 0.00809842348098755 0.00200009346008301
0.0387500300966981 0.586059033870697 0.00809842348098755 0.00200009346008301
0.0425866726076336 0.586059033870697 0.00809842348098755 0.00200009346008301
0.0468031812946723 0.586059033870697 0.00809842348098755 0.00200009346008301
0.0514371667278207 0.586059033870697 0.00809842348098755 0.00200009346008301
0.0565299633015929 0.586059033870697 0.00809842348098755 0.00200009346008301
0.0621269979310704 0.586059033870697 0.00809842348098755 0.00200009346008301
0.068278195252578 0.586059033870697 0.00809842348098755 0.00200009346008301
0.0750384229432996 0.586059033870697 0.0167132616043091 0.00216875970363617
0.0824679811320132 0.586059033870697 0.0167132616043091 0.00216875970363617
0.0907162527069789 0.586059033870697 0.0167132616043091 0.00216875970363617
0.0996980736423392 0.586059033870697 0.0167132616043091 0.00216875970363617
0.109569185139287 0.586059033870697 0.0167132616043091 0.00216875970363617
0.120417635902936 0.586059033870697 0.0167132616043091 0.00216875970363617
0.132340192345309 0.586059033870697 0.0167132616043091 0.00216875970363617
0.145443201725957 0.586059033870697 0.0167132616043091 0.00216875970363617
0.159843540752169 0.967256665229797 0.0468913316726685 0.030122384428978
0.175669658100152 0.967256665229797 0.0496490001678467 0.0363969206809998
0.193062720156276 0.967256665229797 0.0818115770816803 0.0363969206809998
0.212177870198225 1.85931992530823 0.0867658257484436 0.0562559068202972
0.233185612247737 1.9137766957283 0.0867658257484436 0.0562559068202972
0.25627333193868 1.9137766957283 0.0963867008686066 0.0562559068202972
0.281646967966354 2.74790793657303 0.142531275749207 0.0674651563167572
0.309532849027073 2.74790793657303 0.153469920158386 0.0758994221687317
0.340179712633237 2.74790793657303 0.178391873836517 0.084130197763443
0.373860923811385 2.74790793657303 0.204743057489395 0.104713678359985
0.411253695994416 3.10663169622421 0.244812197983265 0.106003612279892
0.451971945990459 3.10663169622421 0.289689749479294 0.1184441447258
0.496721712052834 3.12219077348709 0.289689749479294 0.143092632293701
0.54590215479858 3.56563341617584 0.335027188062668 0.153033554553986
0.599951955758347 3.56563341617584 0.378160744905472 0.166707038879395
0.659353230344131 3.56563341617584 0.425086207687855 0.19246232509613
0.724635828240139 3.56563341617584 0.426079694181681 0.203078925609589
0.796382059575582 3.56563341617584 0.495562583208084 0.221277087926865
0.875231889036086 3.84656143188477 0.522537738084793 0.256239704787731
0.961888644244345 3.84656143188477 0.629512876272202 0.275779455900192
1.05712528932784 3.84656143188477 0.656424313783646 0.301179647445679
1.16179131963283 3.84656143188477 0.741281479597092 0.338047027587891
1.27682033908432 3.98659324645996 0.801919996738434 0.368948638439178
1.4032383877809 4.04104137420654 0.923279076814651 0.414715178310871
1.54217309410505 4.04104995727539 0.99692764878273 0.451302625238895
1.69486373298454 4.17070913314819 1.11747717857361 0.49721747636795
1.86438038854372 4.17070913314819 1.24163794517517 0.546299397945404
2.0489727885339 4.17070913314819 1.31465792655945 0.593692064285278
2.25184169172242 4.17070913314819 1.45103508234024 0.674763113260269
2.4747966556489 4.17070913314819 1.62732817977667 0.725618571043015
2.7198264022398 4.17070913314819 1.7818515598774 0.799124531447887
2.98911655688376 4.19232761859894 2.00727620720863 0.903071828186512
3.28506914385371 4.19232761859894 2.1554891243577 0.958873152732849
3.61032401197175 4.19232761859894 2.43533903360367 1.06497311592102
3.96778238163021 4.19232761859894 2.62458515167236 1.16016018390656
4.36063272320454 4.19232761859894 2.88887301553041 1.27782386541367
4.79237919768918 4.19232761859894 3.16971537470818 1.42454978823662
5.2668729132423 4.19232761859894 3.60500541795045 1.54754376411438
5.78834627644265 4.19232761859894 3.82923054695129 1.71908622980118
6.36145074466621 4.19232761859894 4.06424710154533 1.88381860405207
6.99129831632754 4.19232761859894 4.49989548325539 2.03977957367897
7.68350712907217 4.19232761859894 4.94928514957428 2.2455016374588
8.45199512379247 4.19232761859894 5.31996291875839 2.4872385263443
9.28882760400582 4.19232761859894 5.53136825561523 2.69015091657639
10.2085149119472 4.19232761859894 6.08060717582703 2.93602830171585
11.2192605084528 4.19232761859894 6.5512375831604 3.1188759803772
12.330080079446 4.19232761859894 6.62439632415771 3.43825364112854
13.5508819543863 4.19232761859894 6.6401801109314 3.91460686922073
14.8925554869521 4.19232761859894 6.65110945701599 4.35225927829742
16.3670681863003 4.19232761859894 6.66467833518982 4.65768980979919
17.9875724652967 4.19232761859894 6.6804621219635 5.02055883407593
19.7685229578944 4.19232761859894 6.6804621219635 5.3675000667572
21.7258054521118 4.19232761859894 6.6804621219635 5.69272780418396
23.8768785886714 4.19232761859894 6.6804621219635 5.93509364128113
26.2409295892292 4.19232761859894 6.6804621219635 6.16684007644653
28.8390454032626 4.19232761859894 6.6804621219635 6.48439025878906
31.6944008002223 4.19232761859894 6.6804621219635 7.3764111995697
34.8324650846968 4.19232761859894 6.6804621219635 7.3764111995697
38.3163339475004 4.19232761859894 6.6804621219635 8.31211471557617
42.1100361799719 4.19232761859894 6.6804621219635 11.0313429832458
46.2793530693252 4.19232761859894 6.6804621219635 11.963365316391
50.8614742424258 4.19232761859894 6.6804621219635 13.2616415023804
55.8972714730444 4.19232761859894 6.6804621219635 13.2616415023804
61.4316632514152 4.19232761859894 6.6804621219635 13.9982423782349
67.5140154498445 4.19232761859894 6.6804621219635 17.4266347885132
74.1985816582434 4.19232761859894 6.6804621219635 19.0918102264404
81.5449871173038 4.19232761859894 6.6804621219635 21.5737562179565
89.6187605659235 4.19232761859894 6.6804621219635 25.2250068187714
98.4919187468734 4.19232761859894 6.6804621219635 28.609320640564
108.243608784401 4.19232761859894 7.41151595115662 30.2153060436249
118.960814163673 4.19232761859894 7.41151595115662 31.424877166748
130.739130609284 4.19232761859894 7.41151595115662 31.424877166748
143.683618783529 4.19232761859894 7.41151595115662 33.6088442802429
157.909741410383 4.19232761859894 7.41151595115662 33.7598466873169
173.703536936922 4.19232761859894 7.41151595115662 33.7598466873169
190.901933233621 4.19232761859894 7.41151595115662 37.2292547225952
209.803143649102 4.19232761859894 7.41151595115662 41.394248008728
230.575763898515 4.19232761859894 7.43921542167664 41.6736688613892
253.405082367608 4.19232761859894 7.43921542167664 41.6736688613892
278.494732854913 4.19232761859894 7.43921542167664 41.6736688613892
306.068510952025 4.19232761859894 7.43921542167664 41.6736688613892
336.372370263797 4.19232761859894 7.43921542167664 41.6736688613892
369.676616274388 4.19232761859894 7.43921542167664 41.6736688613892
370.015617281199 4.19232761859894 7.43921542167664 41.6736688613892
