0.0194894644874591 0.586059033870697 0.00795650482177734 0.00252002477645874
0.0195076157341004 0.586059033870697 0.00795650482177734 0.00252002477645874
0.0214706726399789 0.586059033870697 0.00795650482177734 0.00252002477645874
0.0236312725192399 0.586059033870697 0.00795650482177734 0.00252002477645874
0.0260092941773403 0.586059033870697 0.00795650482177734 0.00252002477645874
0.02862661682957 0.586059033870697 0.00795650482177734 0.00252002477645874
0.0315073214028609 0.586059033870697 0.0165517926216125 0.00443021953105927
0.0346779120946542 0.586059033870697 0.0165517926216125 0.00443021953105927
0.0381675602272991 0.586059033870697 0.0165517926216125 0.00443021953105927
0.0420083726415892 0.586059033870697 0.0165517926216125 0.00443021953105927
0.0462787480746938 0.586059033870697 0.0306940078735352 0.00443021953105927
0.0509357916233132 0.586059033870697 0.0306940078735352 0.00443021953105927
0.056061474785492 0.586059033870697 0.0306940078735352 0.00443021953105927
0.0617029568985016 0.586059033870697 0.0306940078735352 0.00443021953105927
0.0679121429571029 0.651752918958664 0.0306940078735352 0.0116679668426514
0.0747461611704054 0.768446087837219 0.0491538196802139 0.0157192349433899
0.0822678885754094 0.967256665229797 0.0491538196802139 0.019602008163929
0.0905465295431877 1.00701880455017 0.0491538196802139 0.0300385355949402
0.0996582525003081 1.9137766957283 0.0690296292304993 0.0313814431428909
0.109686890723714 2.30101633071899 0.097772479057312 0.0390438437461853
0.120724713656792 2.30101633071899 0.0984567403793335 0.0426883697509766
0.132873275843195 2.74790793657303 0.101367473602295 0.0450277738273144
0.146244351289115 2.74790793657303 0.13829243183136 0.0537308901548386
0.160960961850701 2.74790793657303 0.164707705378532 0.0633535236120224
0.177158509108387 2.74790793657303 0.173226803541183 0.0658807307481766
0.194986020142061 2.80583125352859 0.213998198509216 0.0755447149276733
0.214807390451206 3.0089550614357 0.227323725819588 0.0811874866485596
0.23642351909587 3.39448344707489 0.242181599140167 0.0927496254444122
0.260214884898814 3.51117664575577 0.285366162657738 0.104336529970169
0.286400382592417 3.51117664575577 0.292797565460205 0.119006022810936
0.315220934348083 3.7056565284729 0.345205679535866 0.12729874253273
0.346941706403675 3.7056565284729 0.369272574782372 0.145777724683285
0.381854548750803 3.7056565284729 0.427211701869965 0.155875593423843
0.420280680328535 3.70566511154175 0.462734207510948 0.175174340605736
0.462573644428912 3.84656143188477 0.504979179007933 0.189970806241035
0.509122561505755 3.93300080299377 0.565538331866264 0.210080027580261
0.560355709314554 3.93300080299377 0.629204466938972 0.235759392380714
0.616744463322841 4.19232761859894 0.687142297625542 0.256880760192871
0.678807633645181 4.19232761859894 0.766414329409599 0.284106343984604
0.74711623840516 4.19232761859894 0.850454807281494 0.31860177218914
0.822298757442146 4.19232761859894 0.940210029482841 0.349327430129051
0.90504691470005 4.19232761859894 1.02851343154907 0.383205056190491
0.997049767162749 4.19232761859894 1.13713355362415 0.418668538331985
1.0973831681079 4.19232761859894 1.26339852809906 0.468587890267372
1.207813147656 4.19232761859894 1.36921906471252 0.512257128953934
1.32935572737641 4.19232761859894 1.53020757436752 0.560016348958015
1.46312917137724 4.19232761859894 1.66370785236359 0.619475215673447
1.61036427500108 4.19232761859894 1.81784646213055 0.685640096664429
1.77241568887504 4.19232761859894 2.0024465918541 0.755200922489166
1.95077438250316 4.19232761859894 2.21527284383774 0.826927900314331
2.14708136207369 4.19232761859894 2.41277474164963 0.910318434238434
2.36314276869316 4.19232761859894 2.66162669658661 0.994166739284992
2.60094649596008 4.19232761859894 2.81105077266693 1.104342661798
2.86268047976978 4.19232761859894 3.11394441127777 1.21853965520859
3.15075282862747 4.19232761859894 3.36184275150299 1.34635204076767
3.46781397968047 4.19232761859894 3.62573003768921 1.48818261921406
3.81678108431816 4.19232761859894 3.91905462741852 1.63242262601852
4.2008648477019 4.19232761859894 4.36926102638245 1.78342723846436
4.62790519502682 4.19232761859894 4.59701919555664 1.96210859715939
5.09361260779729 4.19232761859894 4.87558341026306 2.15898959338665
5.6061842896419 4.19232761859894 5.26152181625366 2.37451827526093
6.17033620525356 4.19232761859894 5.60347414016724 2.59765940904617
6.79125888819023 4.19232761859894 6.18430304527283 2.81974053382874
7.47466519687438 4.19232761859894 6.69063663482666 3.1093517690897
8.22684287629239 4.19232761859894 6.69344067573547 3.40000630915165
9.05471240899251 4.19232761859894 6.69447779655457 3.75613737106323
9.96589068764523 4.19232761859894 6.69447779655457 4.09927979111671
10.9687610949915 4.19232761859894 6.69447779655457 4.5499117821455
12.072550635956 4.19232761859894 6.69447779655457 4.96863800287247
13.2874148315868 4.19232761859894 6.69447779655457 5.44988000392914
14.6245311558961 4.19232761859894 6.69447779655457 5.96883994340897
16.0962018752773 4.19232761859894 6.69447779655457 6.46139681339264
17.7159672366814 4.19232761859894 6.69447779655457 7.14060366153717
19.4987300459514 4.19232761859894 6.69447779655457 7.77603733539581
21.4808800919766 4.19232761859894 6.69447779655457 8.37339293956757
23.6425071500281 4.19232761859894 6.69447779655457 9.03946959972382
26.0216593522121 4.19232761859894 6.69447779655457 10.0954463481903
28.6402263154973 4.19232761859894 6.69447779655457 11.1136223077774
31.5223004152183 4.19232761859894 6.69447779655457 12.009485065937
34.6943984492749 4.19232761859894 6.69447779655457 13.2247970104218
38.1857056084627 4.19232761859894 6.69447779655457 14.2666231393814
42.0283439976073 4.19232761859894 6.69447779655457 14.2666231393814
46.2576681780564 4.19232761859894 6.69447779655457 16.3826084136963
50.9125904506965 4.19232761859894 6.69447779655457 18.1637229919434
56.0359388722924 4.19232761859894 6.69447779655457 20.1092991828918
61.674851299112 4.19232761859894 6.83044576644897 22.2750034332275
67.8812090832727 4.19232761859894 6.83044576644897 24.7143845558167
74.7121144120754 4.19232761859894 6.83044576644897 27.6928606629372
82.2304156821292 4.19232761859894 6.83044576644897 30.6608766317368
90.5052857420251 4.19232761859894 6.96059775352478 32.1305681467056
99.7056313992196 4.19232761859894 7.54523754119873 32.1305681467056
109.739037374665 4.19232761859894 7.54523754119873 32.1305681467056
120.782107840023 4.19232761859894 7.54523754119873 32.4751039743423
132.936445619368 4.19232761859894 7.81135749816895 33.5564239025116
146.313877857786 4.19232761859894 7.81135749816895 33.5564239025116
161.037484897703 4.19232761859894 7.81135749816895 33.5564239025116
177.242732691319 4.19232761859894 7.81135749816895 33.5564239025116
195.078719168039 4.19232761859894 7.81135749816895 33.5564239025116
214.709546024206 4.19232761859894 7.84511590003967 36.1797590255737
214.909512828253 4.19232761859894 7.84511590003967 36.1797590255737
