0.0387145280838013 0.586059033870697 0.00720006227493286 0.00501042604446411
0.0387500300966981 0.586059033870697 0.00720006227493286 0.00501042604446411
0.0425866726076336 0.586059033870697 0.00720006227493286 0.00501042604446411
0.0468031812946723 0.586059033870697 0.00720006227493286 0.00501042604446411
0.0514371667278207 0.586059033870697 0.00720006227493286 0.00501042604446411
0.0565299633015929 0.586059033870697 0.00720006227493286 0.00501042604446411
0.0621269979310704 0.586059033870697 0.00720006227493286 0.00501042604446411
0.068278195252578 0.586059033870697 0.00720006227493286 0.00501042604446411
0.0750384229432996 0.586059033870697 0.0156910419464111 0.00501042604446411
0.0824679811320132 0.586059033870697 0.0156910419464111 0.00501042604446411
0.0907162527069789 0.586059033870697 0.0156910419464111 0.00501042604446411
0.0996980736423392 0.586059033870697 0.0156910419464111 0.00501042604446411
0.109569185139287 0.586059033870697 0.0156910419464111 0.00501042604446411
0.120417635902936 0.586059033870697 0.0156910419464111 0.00501042604446411
0.132340192345309 0.586059033870697 0.0156910419464111 0.00501042604446411
0.145443201725957 0.586059033870697 0.0156910419464111 0.00501042604446411
0.159843540752169 0.967256665229797 0.0469248294830322 0.0288408696651459
0.175669658100152 0.967256665229797 0.0482788681983948 0.0288408696651459
0.193062720156276 0.967256665229797 0.0792249888181686 0.0321561694145203
0.212177870198225 1.85931992530823 0.0860745310783386 0.0321561694145203
0.233185612247737 1.9137766957283 0.0860745310783386 0.0459830760955811
0.25627333193868 1.9137766957283 0.0933992564678192 0.0514520108699799
0.281646967966354 2.74790793657303 0.139389917254448 0.0514520108699799
0.309532849027073 2.74790793657303 0.150030612945557 0.0646790862083435
0.340179712633237 2.74790793657303 0.175110340118408 0.0646790862083435
0.373860923811385 2.74790793657303 0.202204972505569 0.0814457908272743
0.411253695994416 3.10663169622421 0.238938264548779 0.0894173383712769
0.451971945990459 3.10663169622421 0.283802181482315 0.0911899507045746
0.496721712052834 3.12219077348709 0.283802181482315 0.103759825229645
0.54590215479858 3.56563341617584 0.328715920448303 0.120793253183365
0.599951955758347 3.56563341617584 0.370798915624619 0.135837346315384
0.659353230344131 3.56563341617584 0.418305270373821 0.139870852231979
0.724635828240139 3.56563341617584 0.418305270373821 0.180815517902374
0.796382059575582 3.56563341617584 0.485728770494461 0.19203507900238
0.875231889036086 3.84656143188477 0.509727865457535 0.212843552231789
0.961888644244345 3.84656143188477 0.617771655321121 0.252632558345795
1.05712528932784 3.84656143188477 0.644058510661125 0.268136858940125
1.16179131963283 3.84656143188477 0.730111956596375 0.294189214706421
1.27682033908432 3.98659324645996 0.78889387845993 0.333700098097324
1.4032383877809 4.04104137420654 0.906481057405472 0.381863117218018
1.54217309410505 4.04104995727539 0.980297237634659 0.405120670795441
1.69486373298454 4.17070913314819 1.09924721717834 0.45133937895298
1.86438038854372 4.17070913314819 1.22052729129791 0.514022320508957
2.0489727885339 4.17070913314819 1.2897832095623 0.585692882537842
2.25184169172242 4.17070913314819 1.42384275794029 0.634497821331024
2.4747966556489 4.17070913314819 1.59834878146648 0.68267448246479
2.7198264022398 4.17070913314819 1.75349218398333 0.784183923155069
2.98911655688376 4.19232761859894 1.97251458466053 0.809585250914097
3.28506914385371 4.19232761859894 2.12121149152517 0.874682225286961
3.61032401197175 4.19232761859894 2.39664191007614 0.985491752624512
3.96778238163021 4.19232761859894 2.57595074176788 1.03587514534593
4.36063272320454 4.19232761859894 2.83575620502234 1.16147926449776
4.79237919768918 4.19232761859894 3.10829284787178 1.2110296189785
5.2668729132423 4.19232761859894 3.54178323596716 1.31140145659447
5.78834627644265 4.19232761859894 3.7650859951973 1.40104955434799
6.36145074466621 4.19232761859894 4.00373294949532 1.5204108953476
6.99129831632754 4.19232761859894 4.42521919310093 1.61820632219315
7.68350712907217 4.19232761859894 4.87669903039932 1.76055288314819
8.45199512379247 4.19232761859894 5.24375951290131 1.91423666477203
9.28882760400582 4.19232761859894 5.44871926307678 2.07576847076416
10.2085149119472 4.19232761859894 5.99576473236084 2.25304251909256
11.2192605084528 4.19232761859894 6.46099901199341 2.48570454120636
12.330080079446 4.19232761859894 6.54380226135254 2.65223944187164
13.5508819543863 4.19232761859894 6.56870079040527 2.88782292604446
14.8925554869521 4.19232761859894 6.59067296981812 3.25348329544067
16.3670681863003 4.19232761859894 6.59067296981812 3.42364692687988
17.9875724652967 4.19232761859894 6.60084104537964 3.65805733203888
19.7685229578944 4.19232761859894 6.60084104537964 4.0043643116951
21.7258054521118 4.19232761859894 6.60084104537964 4.34068581461906
23.8768785886714 4.19232761859894 6.60084104537964 4.96445918083191
26.2409295892292 4.19232761859894 6.60084104537964 5.51713049411774
28.8390454032626 4.19232761859894 6.60084104537964 5.90545904636383
31.6944008002223 4.19232761859894 6.60084104537964 6.49489159882069
34.8324650846968 4.19232761859894 6.60084104537964 7.19520869851112
38.3163339475004 4.19232761859894 6.60084104537964 7.89355754852295
42.1100361799719 4.19232761859894 6.60084104537964 8.16942703723907
46.2793530693252 4.19232761859894 6.60084104537964 8.29068696498871
50.8614742424258 4.19232761859894 6.60084104537964 8.40380561351776
55.8972714730444 4.19232761859894 6.60084104537964 8.48057794570923
61.4316632514152 4.19232761859894 6.60084104537964 8.59369659423828
67.5140154498445 4.19232761859894 6.60084104537964 9.49885272979736
74.1985816582434 4.19232761859894 6.60084104537964 11.3301603794098
81.5449871173038 4.19232761859894 6.60084104537964 14.1439435482025
89.6187605659235 4.19232761859894 6.60084104537964 15.9634182453156
98.4919187468734 4.19232761859894 6.60084104537964 17.3446184396744
108.243608784401 4.19232761859894 7.61595845222473 17.9026583433151
118.960814163673 4.19232761859894 7.61595845222473 18.0925493240356
130.739130609284 4.19232761859894 7.61595845222473 18.0925493240356
143.683618783529 4.19232761859894 7.61595845222473 18.0925493240356
157.909741410383 4.19232761859894 7.61595845222473 18.0925493240356
173.703536936922 4.19232761859894 7.61595845222473 18.0925493240356
190.901933233621 4.19232761859894 7.61595845222473 18.0925493240356
209.803143649102 4.19232761859894 7.61595845222473 18.0925493240356
230.575763898515 4.19232761859894 7.61595845222473 18.0925493240356
253.405082367608 4.19232761859894 7.61595845222473 18.0925493240356
278.494732854913 4.19232761859894 7.61595845222473 18.0925493240356
306.068510952025 4.19232761859894 7.61595845222473 18.0925493240356
336.372370263797 4.19232761859894 7.61595845222473 18.0925493240356
369.676616274388 4.19232761859894 7.61595845222473 18.0925493240356
370.015617281199 4.19232761859894 7.61595845222473 18.0925493240356
