0.0387145280838013 0.586059033870697 0.00778234004974365 0.00173276662826538
0.0387500300966981 0.586059033870697 0.00778234004974365 0.00173276662826538
0.0425866726076336 0.586059033870697 0.00778234004974365 0.00173276662826538
0.0468031812946723 0.586059033870697 0.00778234004974365 0.00173276662826538
0.0514371667278207 0.586059033870697 0.00778234004974365 0.00173276662826538
0.0565299633015929 0.586059033870697 0.00778234004974365 0.00173276662826538
0.0621269979310704 0.586059033870697 0.00778234004974365 0.00173276662826538
0.068278195252578 0.586059033870697 0.00778234004974365 0.00173276662826538
0.0750384229432996 0.586059033870697 0.0163016319274902 0.00616168975830078
0.0824679811320132 0.586059033870697 0.0163016319274902 0.00616168975830078
0.0907162527069789 0.586059033870697 0.0163016319274902 0.00616168975830078
0.0996980736423392 0.586059033870697 0.0163016319274902 0.00616168975830078
0.109569185139287 0.586059033870697 0.0163016319274902 0.00616168975830078
0.120417635902936 0.586059033870697 0.0163016319274902 0.00616168975830078
0.132340192345309 0.586059033870697 0.0163016319274902 0.00616168975830078
0.145443201725957 0.586059033870697 0.0163016319274902 0.00616168975830078
0.159843540752169 0.967256665229797 0.0508942604064941 0.0184117257595062
0.175669658100152 0.967256665229797 0.0508942604064941 0.0347639322280884
0.193062720156276 0.967256665229797 0.0797921419143677 0.0381833612918854
0.212177870198225 1.85931992530823 0.0859056115150452 0.0565706491470337
0.233185612247737 1.9137766957283 0.0859056115150452 0.0580632090568542
0.25627333193868 1.9137766957283 0.104624152183533 0.0671487897634506
0.281646967966354 2.74790793657303 0.140667200088501 0.0671487897634506
0.309532849027073 2.74790793657303 0.150811672210693 0.074095606803894
0.340179712633237 2.74790793657303 0.184541344642639 0.101149335503578
0.373860923811385 2.74790793657303 0.20247220993042 0.101149335503578
0.411253695994416 3.10663169622421 0.240109257400036 0.118393301963806
0.451971945990459 3.10663169622421 0.284607648849487 0.129605859518051
0.496721712052834 3.12219077348709 0.284607648849487 0.135919332504272
0.54590215479858 3.56563341617584 0.330108284950256 0.155575037002563
0.599951955758347 3.56563341617584 0.377529084682465 0.165376365184784
0.659353230344131 3.56563341617584 0.418184958398342 0.188753128051758
0.724635828240139 3.56563341617584 0.420908086001873 0.212273001670837
0.796382059575582 3.56563341617584 0.486929535865784 0.232284784317017
0.875231889036086 3.84656143188477 0.526660054922104 0.253096699714661
0.961888644244345 3.84656143188477 0.62749457359314 0.276780247688293
1.05712528932784 3.84656143188477 0.667945623397827 0.315330177545547
1.16179131963283 3.84656143188477 0.729437977075577 0.342334568500519
1.27682033908432 3.98659324645996 0.79558402299881 0.383346080780029
1.4032383877809 4.04104137420654 0.915762543678284 0.424189507961273
1.54217309410505 4.04104995727539 0.986803650856018 0.480029106140137
1.69486373298454 4.17070913314819 1.09991651773453 0.504455208778381
1.86438038854372 4.17070913314819 1.22970688343048 0.562150686979294
2.0489727885339 4.17070913314819 1.31320679187775 0.627210527658463
2.25184169172242 4.17070913314819 1.47376680374146 0.662457227706909
2.4747966556489 4.17070913314819 1.60324897617102 0.770519286394119
2.7198264022398 4.17070913314819 1.77723246067762 0.822098851203918
2.98911655688376 4.19232761859894 2.00192415714264 0.889075726270676
3.28506914385371 4.19232761859894 2.134042493999 0.982156872749329
3.61032401197175 4.19232761859894 2.40392881631851 1.04962113499641
3.96778238163021 4.19232761859894 2.611288189888 1.17290258407593
4.36063272320454 4.19232761859894 2.84622561186552 1.3294857442379
4.79237919768918 4.19232761859894 3.13461095094681 1.43925538659096
5.2668729132423 4.19232761859894 3.55208384245634 1.59024795889854
5.78834627644265 4.19232761859894 3.81306862831116 1.69905632734299
6.36145074466621 4.19232761859894 4.01485699415207 1.90624982118607
6.99129831632754 4.19232761859894 4.46100446581841 2.00164306163788
7.68350712907217 4.19232761859894 4.91947877407074 2.13116717338562
8.45199512379247 4.19232761859894 5.2966456413269 2.41284513473511
9.28882760400582 4.19232761859894 5.52238607406616 2.67640495300293
10.2085149119472 4.19232761859894 6.12269198894501 2.88858306407928
11.2192605084528 4.19232761859894 6.6269257068634 3.29564452171326
12.330080079446 4.19232761859894 6.68618559837341 3.66736316680908
13.5508819543863 4.19232761859894 6.70823073387146 3.85745239257812
14.8925554869521 4.19232761859894 6.70823073387146 4.24308156967163
16.3670681863003 4.19232761859894 6.70823073387146 4.41592693328857
17.9875724652967 4.19232761859894 6.70823073387146 5.1242151260376
19.7685229578944 4.19232761859894 6.70823073387146 5.46188068389893
21.7258054521118 4.19232761859894 6.70823073387146 6.08112025260925
23.8768785886714 4.19232761859894 6.70823073387146 6.42997312545776
26.2409295892292 4.19232761859894 6.70823073387146 7.14904582500458
28.8390454032626 4.19232761859894 6.70823073387146 7.73415502905846
31.6944008002223 4.19232761859894 6.70823073387146 8.59664785861969
34.8324650846968 4.19232761859894 6.70823073387146 9.21544885635376
38.3163339475004 4.19232761859894 6.70823073387146 9.97447919845581
42.1100361799719 4.19232761859894 6.70823073387146 11.0432224273682
46.2793530693252 4.19232761859894 6.70823073387146 12.0032774209976
50.8614742424258 4.19232761859894 6.70823073387146 13.2529006302357
55.8972714730444 4.19232761859894 6.70823073387146 14.5302852392197
61.4316632514152 4.19232761859894 6.70823073387146 15.7922601699829
67.5140154498445 4.19232761859894 6.70823073387146 16.3248174190521
74.1985816582434 4.19232761859894 6.70823073387146 17.1740598678589
81.5449871173038 4.19232761859894 6.70823073387146 21.5899868011475
89.6187605659235 4.19232761859894 6.70823073387146 21.944938659668
98.4919187468734 4.19232761859894 6.70823073387146 25.2303462028503
108.243608784401 4.19232761859894 7.57300925254822 27.9537224769592
118.960814163673 4.19232761859894 7.57300925254822 31.1583398282528
130.739130609284 4.19232761859894 7.57300925254822 33.498877286911
143.683618783529 4.19232761859894 7.57300925254822 33.498877286911
157.909741410383 4.19232761859894 7.57300925254822 33.498877286911
173.703536936922 4.19232761859894 7.57300925254822 33.498877286911
190.901933233621 4.19232761859894 7.57300925254822 33.498877286911
209.803143649102 4.19232761859894 7.57300925254822 33.498877286911
230.575763898515 4.19232761859894 7.81987357139587 34.2205383777618
253.405082367608 4.19232761859894 7.81987357139587 34.2205383777618
278.494732854913 4.19232761859894 7.81987357139587 34.2205383777618
306.068510952025 4.19232761859894 7.81987357139587 34.2205383777618
336.372370263797 4.19232761859894 7.81987357139587 34.2205383777618
369.676616274388 4.19232761859894 7.81987357139587 34.2205383777618
370.015617281199 4.19232761859894 7.81987357139587 34.2205383777618
