0.0387145280838013 0.586059033870697 0.00721216201782227 0.00195467472076416
0.0387500300966981 0.586059033870697 0.00721216201782227 0.00195467472076416
0.0425866726076336 0.586059033870697 0.00721216201782227 0.00195467472076416
0.0468031812946723 0.586059033870697 0.00721216201782227 0.00195467472076416
0.0514371667278207 0.586059033870697 0.00721216201782227 0.00195467472076416
0.0565299633015929 0.586059033870697 0.00721216201782227 0.00195467472076416
0.0621269979310704 0.586059033870697 0.00721216201782227 0.00195467472076416
0.068278195252578 0.586059033870697 0.00721216201782227 0.00195467472076416
0.0750384229432996 0.586059033870697 0.0156912207603455 0.00963497161865234
0.0824679811320132 0.586059033870697 0.0156912207603455 0.00963497161865234
0.0907162527069789 0.586059033870697 0.0156912207603455 0.00963497161865234
0.0996980736423392 0.586059033870697 0.0156912207603455 0.00963497161865234
0.109569185139287 0.586059033870697 0.0156912207603455 0.00963497161865234
0.120417635902936 0.586059033870697 0.0156912207603455 0.00963497161865234
0.132340192345309 0.586059033870697 0.0156912207603455 0.00963497161865234
0.145443201725957 0.586059033870697 0.0156912207603455 0.00963497161865234
0.159843540752169 0.967256665229797 0.0477495044469833 0.0258719921112061
0.175669658100152 0.967256665229797 0.0478761494159698 0.0323179364204407
0.193062720156276 0.967256665229797 0.0788887292146683 0.0323179364204407
0.212177870198225 1.85931992530823 0.0857224464416504 0.0376177430152893
0.233185612247737 1.9137766957283 0.0857224464416504 0.044715404510498
0.25627333193868 1.9137766957283 0.0954690873622894 0.0521392822265625
0.281646967966354 2.74790793657303 0.139061883091927 0.0643787980079651
0.309532849027073 2.74790793657303 0.149425029754639 0.0660391598939896
0.340179712633237 2.74790793657303 0.17665708065033 0.0819287598133087
0.373860923811385 2.74790793657303 0.201570898294449 0.0829344093799591
0.411253695994416 3.10663169622421 0.237989373505116 0.0978894233703613
0.451971945990459 3.10663169622421 0.282667905092239 0.107103273272514
0.496721712052834 3.12219077348709 0.282667905092239 0.122304856777191
0.54590215479858 3.56563341617584 0.327659457921982 0.140864193439484
0.599951955758347 3.56563341617584 0.370665580034256 0.156148850917816
0.659353230344131 3.56563341617584 0.416664607822895 0.168517470359802
0.724635828240139 3.56563341617584 0.416664607822895 0.185122817754745
0.796382059575582 3.56563341617584 0.483782798051834 0.204894736409187
0.875231889036086 3.84656143188477 0.509235024452209 0.22572648525238
0.961888644244345 3.84656143188477 0.617181390523911 0.254378914833069
1.05712528932784 3.84656143188477 0.646720662713051 0.279358930885792
1.16179131963283 3.84656143188477 0.727167129516602 0.308519572019577
1.27682033908432 3.98659324645996 0.787306308746338 0.350845247507095
1.4032383877809 4.04104137420654 0.904697269201279 0.38728055357933
1.54217309410505 4.04104995727539 0.977657288312912 0.417881667613983
1.69486373298454 4.17070913314819 1.09494453668594 0.455410897731781
1.86438038854372 4.17070913314819 1.21763294935226 0.50694066286087
2.0489727885339 4.17070913314819 1.28494539856911 0.565409481525421
2.25184169172242 4.17070913314819 1.42047643661499 0.619532436132431
2.4747966556489 4.17070913314819 1.59238310158253 0.682069450616837
2.7198264022398 4.17070913314819 1.74743054434657 0.744916349649429
2.98911655688376 4.19232761859894 1.96477310359478 0.82551583647728
3.28506914385371 4.19232761859894 2.11562386900187 0.911343678832054
3.61032401197175 4.19232761859894 2.38883060216904 0.999223440885544
3.96778238163021 4.19232761859894 2.57307434082031 1.11442881822586
4.36063272320454 4.19232761859894 2.82595233246684 1.2026572227478
4.79237919768918 4.19232761859894 3.10036608576775 1.31915086507797
5.2668729132423 4.19232761859894 3.52974156662822 1.47883349657059
5.78834627644265 4.19232761859894 3.76042717695236 1.597212433815
6.36145074466621 4.19232761859894 3.99105671048164 1.7289622426033
6.99129831632754 4.19232761859894 4.41449229419231 1.90810978412628
7.68350712907217 4.19232761859894 4.86875778436661 2.10397899150848
8.45199512379247 4.19232761859894 5.23662531375885 2.30766248703003
9.28882760400582 4.19232761859894 5.44587004184723 2.5384429693222
10.2085149119472 4.19232761859894 6.00406646728516 2.8024645447731
11.2192605084528 4.19232761859894 6.475182056427 3.03535288572311
12.330080079446 4.19232761859894 6.55655431747437 3.33625429868698
13.5508819543863 4.19232761859894 6.57851362228394 3.67754802107811
14.8925554869521 4.19232761859894 6.59996795654297 3.99027013778687
16.3670681863003 4.19232761859894 6.59996795654297 4.39932548999786
17.9875724652967 4.19232761859894 6.59996795654297 4.7390308380127
19.7685229578944 4.19232761859894 6.59996795654297 5.00468492507935
21.7258054521118 4.19232761859894 6.59996795654297 5.68527150154114
23.8768785886714 4.19232761859894 6.59996795654297 6.33095836639404
26.2409295892292 4.19232761859894 6.59996795654297 7.0301780179143
28.8390454032626 4.19232761859894 6.59996795654297 7.75733405351639
31.6944008002223 4.19232761859894 6.59996795654297 8.47891676425934
34.8324650846968 4.19232761859894 6.59996795654297 9.33244425058365
38.3163339475004 4.19232761859894 6.59996795654297 9.83206367492676
42.1100361799719 4.19232761859894 6.59996795654297 10.124006986618
46.2793530693252 4.19232761859894 6.59996795654297 10.2601282596588
50.8614742424258 4.19232761859894 6.59996795654297 10.3646376132965
55.8972714730444 4.19232761859894 6.59996795654297 10.3646376132965
61.4316632514152 4.19232761859894 6.59996795654297 10.3646376132965
67.5140154498445 4.19232761859894 6.59996795654297 12.3497648239136
74.1985816582434 4.19232761859894 6.59996795654297 13.0967707633972
81.5449871173038 4.19232761859894 6.59996795654297 16.925529062748
89.6187605659235 4.19232761859894 6.59996795654297 19.3127937316895
98.4919187468734 4.19232761859894 6.59996795654297 21.4097307920456
108.243608784401 4.19232761859894 7.51445412635803 22.7144024372101
118.960814163673 4.19232761859894 7.51445412635803 22.7144024372101
130.739130609284 4.19232761859894 7.51445412635803 22.7144024372101
143.683618783529 4.19232761859894 7.51445412635803 22.7144024372101
157.909741410383 4.19232761859894 7.51445412635803 22.7144024372101
173.703536936922 4.19232761859894 7.51445412635803 22.7144024372101
190.901933233621 4.19232761859894 7.51445412635803 22.7144024372101
209.803143649102 4.19232761859894 7.51445412635803 22.7144024372101
230.575763898515 4.19232761859894 7.51445412635803 22.7144024372101
253.405082367608 4.19232761859894 7.51445412635803 22.7144024372101
278.494732854913 4.19232761859894 7.51445412635803 22.7144024372101
306.068510952025 4.19232761859894 7.51445412635803 22.7144024372101
336.372370263797 4.19232761859894 7.51445412635803 22.7144024372101
369.676616274388 4.19232761859894 7.51445412635803 22.7144024372101
370.015617281199 4.19232761859894 7.51445412635803 22.7144024372101
