0.0194894644874591 0.586059033870697 0.00846153497695923 0.00489199161529541
0.0195076157341004 0.586059033870697 0.00846153497695923 0.00489199161529541
0.0214706726399789 0.586059033870697 0.00846153497695923 0.00489199161529541
0.0236312725192399 0.586059033870697 0.00846153497695923 0.00489199161529541
0.0260092941773403 0.586059033870697 0.00846153497695923 0.00489199161529541
0.02862661682957 0.586059033870697 0.00846153497695923 0.00489199161529541
0.0315073214028609 0.586059033870697 0.0171413123607635 0.00489199161529541
0.0346779120946542 0.586059033870697 0.0171413123607635 0.00489199161529541
0.0381675602272991 0.586059033870697 0.0171413123607635 0.00489199161529541
0.0420083726415892 0.586059033870697 0.0171413123607635 0.00489199161529541
0.0462787480746938 0.586059033870697 0.0312806665897369 0.00489199161529541
0.0509357916233132 0.586059033870697 0.0312806665897369 0.00489199161529541
0.056061474785492 0.586059033870697 0.0312806665897369 0.00489199161529541
0.0617029568985016 0.586059033870697 0.0312806665897369 0.00489199161529541
0.0679121429571029 0.651752918958664 0.0312806665897369 0.00990676879882812
0.0747461611704054 0.768446087837219 0.0468060523271561 0.0238343477249146
0.0822678885754094 0.967256665229797 0.0468060523271561 0.0238343477249146
0.0905465295431877 1.00701880455017 0.0468060523271561 0.0296924561262131
0.0996582525003081 1.9137766957283 0.0674075484275818 0.0296924561262131
0.109686890723714 2.30101633071899 0.0973535776138306 0.0351617634296417
0.120724713656792 2.30101633071899 0.0975778698921204 0.0455338954925537
0.132873275843195 2.74790793657303 0.101015150547028 0.0491417348384857
0.146244351289115 2.74790793657303 0.137889448553324 0.0549007654190063
0.160960961850701 2.74790793657303 0.164319679141045 0.0599710941314697
0.177158509108387 2.74790793657303 0.173275023698807 0.0677904486656189
0.194986020142061 2.80583125352859 0.210532188415527 0.073406457901001
0.214807390451206 3.0089550614357 0.225759528577328 0.0888132154941559
0.23642351909587 3.39448344707489 0.24449158180505 0.100923418998718
0.260214884898814 3.51117664575577 0.28310339897871 0.112833231687546
0.286400382592417 3.51117664575577 0.291249483823776 0.118596315383911
0.315220934348083 3.7056565284729 0.342903457581997 0.131360679864883
0.346941706403675 3.7056565284729 0.367519907653332 0.149237185716629
0.381854548750803 3.7056565284729 0.42573481798172 0.16109311580658
0.420280680328535 3.70566511154175 0.459314187988639 0.185981184244156
0.462573644428912 3.84656143188477 0.49914859700948 0.205389022827148
0.509122561505755 3.93300080299377 0.562604855746031 0.223918050527573
0.560355709314554 3.93300080299377 0.624825075268745 0.244619131088257
0.616744463322841 4.19232761859894 0.6797891035676 0.27347469329834
0.678807633645181 4.19232761859894 0.760401144623756 0.292099118232727
0.74711623840516 4.19232761859894 0.84445795416832 0.329642936587334
0.822298757442146 4.19232761859894 0.93342187255621 0.359959974884987
0.90504691470005 4.19232761859894 1.02035193145275 0.412721559405327
0.997049767162749 4.19232761859894 1.1277799680829 0.450570195913315
1.0973831681079 4.19232761859894 1.257080078125 0.48744323849678
1.207813147656 4.19232761859894 1.36394540220499 0.544020920991898
1.32935572737641 4.19232761859894 1.51532274484634 0.590154856443405
1.46312917137724 4.19232761859894 1.6598271727562 0.64233610033989
1.61036427500108 4.19232761859894 1.81234852969646 0.712345838546753
1.77241568887504 4.19232761859894 1.98185715079308 0.783333271741867
1.95077438250316 4.19232761859894 2.19751745462418 0.852150037884712
2.14708136207369 4.19232761859894 2.39049053192139 0.94855235517025
2.36314276869316 4.19232761859894 2.63233834505081 1.03841605782509
2.60094649596008 4.19232761859894 2.80889928340912 1.16091454029083
2.86268047976978 4.19232761859894 3.0955046415329 1.30092161893845
3.15075282862747 4.19232761859894 3.34222340583801 1.42355954647064
3.46781397968047 4.19232761859894 3.60352146625519 1.57592925429344
3.81678108431816 4.19232761859894 3.89256358146667 1.72389057278633
4.2008648477019 4.19232761859894 4.3307192325592 1.8950702548027
4.62790519502682 4.19232761859894 4.58769178390503 2.08090880513191
5.09361260779729 4.19232761859894 4.86110591888428 2.30166485905647
5.6061842896419 4.19232761859894 5.23151755332947 2.53686273097992
6.17033620525356 4.19232761859894 5.57167625427246 2.74459981918335
6.79125888819023 4.19232761859894 6.1642005443573 2.98744058609009
7.47466519687438 4.19232761859894 6.67796516418457 3.1919481754303
8.22684287629239 4.19232761859894 6.68371415138245 3.42314374446869
9.05471240899251 4.19232761859894 6.73365759849548 3.65122282505035
9.96589068764523 4.19232761859894 6.73365759849548 3.87228214740753
10.9687610949915 4.19232761859894 6.73365759849548 4.18713331222534
12.072550635956 4.19232761859894 6.73365759849548 4.41437387466431
13.2874148315868 4.19232761859894 6.73365759849548 4.8129940032959
14.6245311558961 4.19232761859894 6.73365759849548 5.15487384796143
16.0962018752773 4.19232761859894 6.73365759849548 5.50756978988647
17.7159672366814 4.19232761859894 6.73365759849548 5.75908255577087
19.4987300459514 4.19232761859894 6.73365759849548 6.28080201148987
21.4808800919766 4.19232761859894 6.73365759849548 6.28080201148987
23.6425071500281 4.19232761859894 6.73365759849548 6.67251205444336
26.0216593522121 4.19232761859894 6.74455952644348 7.32407879829407
28.6402263154973 4.19232761859894 6.74455952644348 8.2533130645752
31.5223004152183 4.19232761859894 6.74455952644348 9.10908806324005
34.6943984492749 4.19232761859894 6.74455952644348 10.1231696605682
38.1857056084627 4.19232761859894 6.74455952644348 11.1664464473724
42.0283439976073 4.19232761859894 6.74455952644348 11.1664464473724
46.2576681780564 4.19232761859894 6.74455952644348 13.2654395103455
50.9125904506965 4.19232761859894 6.74455952644348 13.2654395103455
56.0359388722924 4.19232761859894 6.74455952644348 13.2654395103455
61.674851299112 4.19232761859894 7.02278780937195 13.2654395103455
67.8812090832727 4.19232761859894 7.02278780937195 13.2654395103455
74.7121144120754 4.19232761859894 7.02278780937195 13.2654395103455
82.2304156821292 4.19232761859894 7.02278780937195 20.4849524497986
90.5052857420251 4.19232761859894 7.02278780937195 20.4849524497986
99.7056313992196 4.19232761859894 7.46175742149353 24.0658478736877
109.739037374665 4.19232761859894 7.46175742149353 24.0658478736877
120.782107840023 4.19232761859894 7.46175742149353 24.0658478736877
132.936445619368 4.19232761859894 7.739985704422 24.0658478736877
146.313877857786 4.19232761859894 7.739985704422 24.0658478736877
161.037484897703 4.19232761859894 7.739985704422 27.7434606552124
177.242732691319 4.19232761859894 7.739985704422 27.7434606552124
195.078719168039 4.19232761859894 7.739985704422 41.0089001655579
214.709546024206 4.19232761859894 7.739985704422 41.0089001655579
214.909512828253 4.19232761859894 7.739985704422 41.0089001655579
