0.0194894644874591 0.586059033870697 0.00616973638534546 0.00473743677139282
0.0195076157341004 0.586059033870697 0.00616973638534546 0.00473743677139282
0.0214706726399789 0.586059033870697 0.00616973638534546 0.00473743677139282
0.0236312725192399 0.586059033870697 0.00616973638534546 0.00473743677139282
0.0260092941773403 0.586059033870697 0.00616973638534546 0.00473743677139282
0.02862661682957 0.586059033870697 0.00616973638534546 0.00473743677139282
0.0315073214028609 0.586059033870697 0.0143293738365173 0.00473743677139282
0.0346779120946542 0.586059033870697 0.0143293738365173 0.00473743677139282
0.0381675602272991 0.586059033870697 0.0143293738365173 0.00473743677139282
0.0420083726415892 0.586059033870697 0.0143293738365173 0.00473743677139282
0.0462787480746938 0.586059033870697 0.0143293738365173 0.00473743677139282
0.0509357916233132 0.586059033870697 0.0143293738365173 0.00473743677139282
0.056061474785492 0.586059033870697 0.0143293738365173 0.00473743677139282
0.0617029568985016 0.586059033870697 0.0143293738365173 0.00473743677139282
0.0679121429571029 0.586059033870697 0.0221803188323975 0.00473743677139282
0.0747461611704054 0.768446087837219 0.0564095228910446 0.0392197370529175
0.0822678885754094 0.967256665229797 0.0564095228910446 0.0392197370529175
0.0905465295431877 1.00701880455017 0.0564095228910446 0.0392197370529175
0.0996582525003081 1.9137766957283 0.0564095228910446 0.0392197370529175
0.109686890723714 1.9137766957283 0.0984205603599548 0.0519416183233261
0.120724713656792 1.9137766957283 0.100814461708069 0.0538970530033112
0.132873275843195 2.74790793657303 0.100814461708069 0.0664460211992264
0.146244351289115 2.74790793657303 0.1369549036026 0.0703554302453995
0.160960961850701 2.74790793657303 0.140058472752571 0.0792804658412933
0.177158509108387 2.74790793657303 0.174204165115952 0.0903737545013428
0.194986020142061 2.80583125352859 0.223020553588867 0.105297684669495
0.214807390451206 2.80583125352859 0.223020553588867 0.117016911506653
0.23642351909587 3.39448344707489 0.241923496127129 0.131008088588715
0.260214884898814 3.51117664575577 0.290091678500175 0.139924913644791
0.286400382592417 3.51117664575577 0.297738769557327 0.162918597459793
0.315220934348083 3.56563341617584 0.350311942398548 0.17870506644249
0.346941706403675 3.56563341617584 0.37555143982172 0.201587975025177
0.381854548750803 3.56563341617584 0.422232329845428 0.228084661066532
0.420280680328535 3.62527656555176 0.453067369759083 0.236708864569664
0.462573644428912 3.84656143188477 0.522813782095909 0.266768246889114
0.509122561505755 3.84656143188477 0.562147863209248 0.293389678001404
0.560355709314554 3.93300080299377 0.64071200042963 0.318533480167389
0.616744463322841 3.98659324645996 0.719030573964119 0.365638911724091
0.678807633645181 3.98659324645996 0.789977185428143 0.3924820125103
0.74711623840516 4.04104995727539 0.864478230476379 0.429524302482605
0.822298757442146 4.06265139579773 0.958964288234711 0.473485350608826
0.90504691470005 4.17070913314819 1.05399487912655 0.548061579465866
0.997049767162749 4.17070913314819 1.15994440764189 0.598307862877846
1.0973831681079 4.17070913314819 1.27770698070526 0.652157962322235
1.207813147656 4.17070913314819 1.40451872348785 0.722400486469269
1.32935572737641 4.17070913314819 1.5654708147049 0.797255665063858
1.46312917137724 4.17070913314819 1.69578564167023 0.854689359664917
1.61036427500108 4.19232761859894 1.8634095042944 0.92678239941597
1.77241568887504 4.19232761859894 2.06613689661026 1.03146505355835
1.95077438250316 4.19232761859894 2.258296251297 1.1315758228302
2.14708136207369 4.19232761859894 2.47201120853424 1.25527527928352
2.36314276869316 4.19232761859894 2.73641157150269 1.38418436050415
2.60094649596008 4.19232761859894 2.87976747751236 1.42959767580032
2.86268047976978 4.19232761859894 3.16473853588104 1.5572926402092
3.15075282862747 4.19232761859894 3.45639431476593 1.74493366479874
3.46781397968047 4.19232761859894 3.72408556938171 1.8623281121254
3.81678108431816 4.19232761859894 4.01032912731171 1.96120476722717
4.2008648477019 4.19232761859894 4.46403884887695 2.08827239274979
4.62790519502682 4.19232761859894 4.58279061317444 2.35419982671738
5.09361260779729 4.19232761859894 4.9445915222168 2.41920429468155
5.6061842896419 4.19232761859894 5.33306813240051 2.68221086263657
6.17033620525356 4.19232761859894 5.70974588394165 2.85692304372787
6.79125888819023 4.19232761859894 6.11447429656982 3.14494866132736
7.47466519687438 4.19232761859894 6.70382952690125 3.31297373771667
8.22684287629239 4.19232761859894 6.70476818084717 3.39960968494415
9.05471240899251 4.19232761859894 6.70476818084717 3.78123754262924
9.96589068764523 4.19232761859894 6.70476818084717 4.10673385858536
10.9687610949915 4.19232761859894 6.70476818084717 4.40149116516113
12.072550635956 4.19232761859894 6.70476818084717 4.87433922290802
13.2874148315868 4.19232761859894 6.70476818084717 5.40867739915848
14.6245311558961 4.19232761859894 6.70476818084717 5.7693407535553
16.0962018752773 4.19232761859894 6.70476818084717 5.7693407535553
17.7159672366814 4.19232761859894 6.70476818084717 6.16991293430328
19.4987300459514 4.19232761859894 6.70476818084717 6.91054266691208
21.4808800919766 4.19232761859894 6.70476818084717 7.51531076431274
23.6425071500281 4.19232761859894 6.70476818084717 7.77564167976379
26.0216593522121 4.19232761859894 6.70476818084717 8.42805242538452
28.6402263154973 4.19232761859894 6.70476818084717 8.97908735275269
31.5223004152183 4.19232761859894 6.70476818084717 10.0206364989281
34.6943984492749 4.19232761859894 6.70476818084717 11.1752468347549
38.1857056084627 4.19232761859894 6.70476818084717 12.0702483654022
42.0283439976073 4.19232761859894 6.70476818084717 12.0702483654022
46.2576681780564 4.19232761859894 6.70476818084717 12.0702483654022
50.9125904506965 4.19232761859894 6.70476818084717 15.9548721313477
56.0359388722924 4.19232761859894 6.70476818084717 16.9372434616089
61.674851299112 4.19232761859894 6.70476818084717 17.5168128013611
67.8812090832727 4.19232761859894 6.70476818084717 20.5387501716614
74.7121144120754 4.19232761859894 6.70476818084717 22.6813929080963
82.2304156821292 4.19232761859894 6.70476818084717 25.1712716817856
90.5052857420251 4.19232761859894 6.70476818084717 26.2390592098236
99.7056313992196 4.19232761859894 7.58715605735779 26.2390592098236
109.739037374665 4.19232761859894 7.58715605735779 26.2390592098236
120.782107840023 4.19232761859894 7.58715605735779 26.2390592098236
132.936445619368 4.19232761859894 7.58715605735779 26.2390592098236
146.313877857786 4.19232761859894 7.58715605735779 26.2390592098236
161.037484897703 4.19232761859894 7.58715605735779 26.2390592098236
177.242732691319 4.19232761859894 7.58715605735779 26.2390592098236
195.078719168039 4.19232761859894 7.58715605735779 26.2390592098236
214.709546024206 4.19232761859894 7.58715605735779 26.2390592098236
214.909512828253 4.19232761859894 7.58715605735779 26.2390592098236
