0.0387145280838013 0.586059033870697 0.00818073749542236 0.000938475131988525
0.0387500300966981 0.586059033870697 0.00818073749542236 0.000938475131988525
0.0425866726076336 0.586059033870697 0.00818073749542236 0.000938475131988525
0.0468031812946723 0.586059033870697 0.00818073749542236 0.000938475131988525
0.0514371667278207 0.586059033870697 0.00818073749542236 0.000938475131988525
0.0565299633015929 0.586059033870697 0.00818073749542236 0.000938475131988525
0.0621269979310704 0.586059033870697 0.00818073749542236 0.000938475131988525
0.068278195252578 0.586059033870697 0.00818073749542236 0.000938475131988525
0.0750384229432996 0.586059033870697 0.0168464183807373 0.00339078903198242
0.0824679811320132 0.586059033870697 0.0168464183807373 0.00339078903198242
0.0907162527069789 0.586059033870697 0.0168464183807373 0.00339078903198242
0.0996980736423392 0.586059033870697 0.0168464183807373 0.00339078903198242
0.109569185139287 0.586059033870697 0.0168464183807373 0.00339078903198242
0.120417635902936 0.586059033870697 0.0168464183807373 0.00339078903198242
0.132340192345309 0.586059033870697 0.0168464183807373 0.00339078903198242
0.145443201725957 0.586059033870697 0.0168464183807373 0.00339078903198242
0.159843540752169 0.967256665229797 0.0468961745500565 0.0159441828727722
0.175669658100152 0.967256665229797 0.0496352910995483 0.0206990838050842
0.193062720156276 0.967256665229797 0.0819888263940811 0.0206990838050842
0.212177870198225 1.85931992530823 0.0869683027267456 0.0329157710075378
0.233185612247737 1.9137766957283 0.0869683027267456 0.0476094186306
0.25627333193868 1.9137766957283 0.0968031287193298 0.0618735253810883
0.281646967966354 2.74790793657303 0.142805680632591 0.0664555430412292
0.309532849027073 2.74790793657303 0.153938055038452 0.0766396224498749
0.340179712633237 2.74790793657303 0.178893208503723 0.0915275514125824
0.373860923811385 2.74790793657303 0.205157935619354 0.099634051322937
0.411253695994416 3.10663169622421 0.245426163077354 0.114174962043762
0.451971945990459 3.10663169622421 0.29024475812912 0.129582867026329
0.496721712052834 3.12219077348709 0.29024475812912 0.134509861469269
0.54590215479858 3.56563341617584 0.335671216249466 0.15390682220459
0.599951955758347 3.56563341617584 0.378955543041229 0.1738101541996
0.659353230344131 3.56563341617584 0.425798997282982 0.196533560752869
0.724635828240139 3.56563341617584 0.427298713475466 0.213288605213165
0.796382059575582 3.56563341617584 0.496632814407349 0.236674785614014
0.875231889036086 3.84656143188477 0.523953437805176 0.272297501564026
0.961888644244345 3.84656143188477 0.630883753299713 0.291181981563568
1.05712528932784 3.84656143188477 0.657931044697762 0.322142004966736
1.16179131963283 3.84656143188477 0.742752909660339 0.351138353347778
1.27682033908432 3.98659324645996 0.803533792495728 0.390490829944611
1.4032383877809 4.04104137420654 0.92509800195694 0.425351738929749
1.54217309410505 4.04104995727539 0.998692750930786 0.480259627103806
1.69486373298454 4.17070913314819 1.11929708719254 0.524694740772247
1.86438038854372 4.17070913314819 1.24402099847794 0.59020471572876
2.0489727885339 4.17070913314819 1.31731224060059 0.61686646938324
2.25184169172242 4.17070913314819 1.45369097590446 0.697621077299118
2.4747966556489 4.17070913314819 1.63017894327641 0.769635379314423
2.7198264022398 4.17070913314819 1.78477557003498 0.847690463066101
2.98911655688376 4.19232761859894 2.01123170554638 0.946564614772797
3.28506914385371 4.19232761859894 2.15944163501263 1.04801404476166
3.61032401197175 4.19232761859894 2.43933552503586 1.16705095767975
3.96778238163021 4.19232761859894 2.63020646572113 1.26931624114513
4.36063272320454 4.19232761859894 2.894370067399 1.39348602294922
4.79237919768918 4.19232761859894 3.17616432905197 1.54114711284637
5.2668729132423 4.19232761859894 3.61162589816377 1.71481800079346
5.78834627644265 4.19232761859894 3.83616876602173 1.87339371442795
6.36145074466621 4.19232761859894 4.07058453559875 2.03117932379246
6.99129831632754 4.19232761859894 4.50753121078014 2.22356227040291
7.68350712907217 4.19232761859894 4.95725572109222 2.47585475444794
8.45199512379247 4.19232761859894 5.32965713739395 2.77740514278412
9.28882760400582 4.19232761859894 5.54115211963654 2.9674451649189
10.2085149119472 4.19232761859894 6.09127283096313 3.21342211961746
11.2192605084528 4.19232761859894 6.56195378303528 3.60392570495605
12.330080079446 4.19232761859894 6.63407063484192 3.92505276203156
13.5508819543863 4.19232761859894 6.64762091636658 4.29547369480133
14.8925554869521 4.19232761859894 6.65530014038086 4.63061156868935
16.3670681863003 4.19232761859894 6.67212104797363 4.85789918899536
17.9875724652967 4.19232761859894 6.68567132949829 5.1595983505249
19.7685229578944 4.19232761859894 6.68567132949829 5.98668384552002
21.7258054521118 4.19232761859894 6.68567132949829 6.80111491680145
23.8768785886714 4.19232761859894 6.68567132949829 7.51966941356659
26.2409295892292 4.19232761859894 6.68567132949829 8.41651600599289
28.8390454032626 4.19232761859894 6.68567132949829 9.15739572048187
31.6944008002223 4.19232761859894 6.68567132949829 10.0646493136883
34.8324650846968 4.19232761859894 6.68567132949829 10.820839703083
38.3163339475004 4.19232761859894 6.68567132949829 11.4776812791824
42.1100361799719 4.19232761859894 6.68567132949829 12.5660738945007
46.2793530693252 4.19232761859894 6.68567132949829 12.6486434936523
50.8614742424258 4.19232761859894 6.68567132949829 12.6486434936523
55.8972714730444 4.19232761859894 6.68567132949829 12.6486434936523
61.4316632514152 4.19232761859894 6.68567132949829 12.6486434936523
67.5140154498445 4.19232761859894 6.68567132949829 16.6991691589355
74.1985816582434 4.19232761859894 6.68567132949829 18.3351202011108
81.5449871173038 4.19232761859894 6.68567132949829 18.8115188479424
89.6187605659235 4.19232761859894 6.68567132949829 22.7287120819092
98.4919187468734 4.19232761859894 6.68567132949829 25.8162392377853
108.243608784401 4.19232761859894 7.60174369812012 28.0727958679199
118.960814163673 4.19232761859894 7.60174369812012 29.6902055740356
130.739130609284 4.19232761859894 7.60174369812012 35.0342893600464
143.683618783529 4.19232761859894 7.60174369812012 35.0342893600464
157.909741410383 4.19232761859894 7.60174369812012 35.0342893600464
173.703536936922 4.19232761859894 7.60174369812012 35.0342893600464
190.901933233621 4.19232761859894 7.60174369812012 35.0342893600464
209.803143649102 4.19232761859894 7.60174369812012 39.6306076049805
230.575763898515 4.19232761859894 7.82064533233643 43.0639743804932
253.405082367608 4.19232761859894 7.82064533233643 43.0639743804932
278.494732854913 4.19232761859894 7.82064533233643 43.0639743804932
306.068510952025 4.19232761859894 7.82064533233643 43.0639743804932
336.372370263797 4.19232761859894 7.82064533233643 43.0639743804932
369.676616274388 4.19232761859894 7.82064533233643 43.0639743804932
370.015617281199 4.19232761859894 7.82064533233643 43.0639743804932
