0.0387145280838013 0.586059033870697 0.00835919380187988 0.00337469577789307
0.0387500300966981 0.586059033870697 0.00835919380187988 0.00337469577789307
0.0425866726076336 0.586059033870697 0.00835919380187988 0.00337469577789307
0.0468031812946723 0.586059033870697 0.00835919380187988 0.00337469577789307
0.0514371667278207 0.586059033870697 0.00835919380187988 0.00337469577789307
0.0565299633015929 0.586059033870697 0.00835919380187988 0.00337469577789307
0.0621269979310704 0.586059033870697 0.00835919380187988 0.00337469577789307
0.068278195252578 0.586059033870697 0.00835919380187988 0.00337469577789307
0.0750384229432996 0.586059033870697 0.0169519186019897 0.00356489419937134
0.0824679811320132 0.586059033870697 0.0169519186019897 0.00356489419937134
0.0907162527069789 0.586059033870697 0.0315983295440674 0.00664466619491577
0.0996980736423392 0.586059033870697 0.0315983295440674 0.00664466619491577
0.109569185139287 0.586059033870697 0.0315983295440674 0.00664466619491577
0.120417635902936 0.586059033870697 0.0315983295440674 0.00664466619491577
0.132340192345309 0.586059033870697 0.0315983295440674 0.00664466619491577
0.145443201725957 0.99837489426136 0.0745059251785278 0.0302216410636902
0.159843540752169 0.99837489426136 0.0745059251785278 0.0302216410636902
0.175669658100152 0.99837489426136 0.0745059251785278 0.0302216410636902
0.193062720156276 0.99837489426136 0.0810500979423523 0.0302216410636902
0.212177870198225 2.30101633071899 0.105311214923859 0.0314953923225403
0.233185612247737 2.30101633071899 0.105311214923859 0.0490381717681885
0.25627333193868 2.30101633071899 0.120142668485641 0.0550739765167236
0.281646967966354 2.74790793657303 0.142707705497742 0.0550739765167236
0.309532849027073 2.74790793657303 0.152740955352783 0.0700881481170654
0.340179712633237 2.74790793657303 0.19143533706665 0.0785539150238037
0.373860923811385 2.74790793657303 0.203966230154037 0.0861889123916626
0.411253695994416 3.10663169622421 0.243149347603321 0.113254219293594
0.451971945990459 3.13343650102615 0.287622600793839 0.122640550136566
0.496721712052834 3.13343650102615 0.320371262729168 0.133888959884644
0.54590215479858 3.56563341617584 0.334530174732208 0.143579185009003
0.599951955758347 3.7056565284729 0.384529203176498 0.163083881139755
0.659353230344131 3.7056565284729 0.421269007027149 0.177710294723511
0.724635828240139 3.7056565284729 0.462149314582348 0.201690644025803
0.796382059575582 3.7056565284729 0.491895973682404 0.222810328006744
0.875231889036086 3.84656143188477 0.586877882480621 0.259103298187256
0.961888644244345 3.84656143188477 0.638245493173599 0.272589132189751
1.05712528932784 3.93300080299377 0.688887894153595 0.301580056548119
1.16179131963283 3.93300080299377 0.747147142887115 0.332970544695854
1.27682033908432 4.04104995727539 0.830558806657791 0.368930220603943
1.4032383877809 4.04104995727539 0.928543120622635 0.426368087530136
1.54217309410505 4.19232761859894 0.999790102243423 0.456404834985733
1.69486373298454 4.19232761859894 1.10892874002457 0.511603564023972
1.86438038854372 4.19232761859894 1.24468475580215 0.568162322044373
2.0489727885339 4.19232761859894 1.34483617544174 0.618120491504669
2.25184169172242 4.19232761859894 1.52056604623795 0.675863206386566
2.4747966556489 4.19232761859894 1.63946635276079 0.751816928386688
2.7198264022398 4.19232761859894 1.82505193911493 0.826989829540253
2.98911655688376 4.19232761859894 2.04333811998367 0.904717683792114
3.28506914385371 4.19232761859894 2.15791783481836 0.993282675743103
3.61032401197175 4.19232761859894 2.42634493112564 1.08491235971451
3.96778238163021 4.19232761859894 2.65308928489685 1.23354136943817
4.36063272320454 4.19232761859894 2.88890337944031 1.28769302368164
4.79237919768918 4.19232761859894 3.23952162265778 1.4242308139801
5.2668729132423 4.19232761859894 3.58653578720987 1.62777554988861
5.78834627644265 4.19232761859894 3.87046697735786 1.73902422189713
6.36145074466621 4.19232761859894 4.08659681677818 1.8545013666153
6.99129831632754 4.19232761859894 4.51655775308609 1.96541082859039
7.68350712907217 4.19232761859894 4.98000872135162 2.13953328132629
8.45199512379247 4.19232761859894 5.55351233482361 2.24962472915649
9.28882760400582 4.19232761859894 5.90724623203278 2.24962472915649
10.2085149119472 4.19232761859894 6.23847270011902 2.24962472915649
11.2192605084528 4.19232761859894 6.76922559738159 2.33090114593506
12.330080079446 4.19232761859894 6.8124623298645 2.48236978054047
13.5508819543863 4.19232761859894 6.8337984085083 2.48236978054047
14.8925554869521 4.19232761859894 6.8337984085083 2.67370760440826
16.3670681863003 4.19232761859894 6.8337984085083 2.72505623102188
17.9875724652967 4.19232761859894 6.8337984085083 2.82391738891602
19.7685229578944 4.19232761859894 6.8337984085083 2.90416741371155
21.7258054521118 4.19232761859894 6.8337984085083 3.05591380596161
23.8768785886714 4.19232761859894 6.8337984085083 4.72616672515869
26.2409295892292 4.19232761859894 6.8337984085083 4.72616672515869
28.8390454032626 4.19232761859894 6.8337984085083 4.72616672515869
31.6944008002223 4.19232761859894 6.8337984085083 4.72616672515869
34.8324650846968 4.19232761859894 6.8337984085083 4.72616672515869
38.3163339475004 4.19232761859894 6.8337984085083 5.56248223781586
42.1100361799719 4.19232761859894 6.8337984085083 7.52695691585541
46.2793530693252 4.19232761859894 6.8337984085083 7.80080908536911
50.8614742424258 4.19232761859894 6.8337984085083 8.23775780200958
55.8972714730444 4.19232761859894 6.8337984085083 8.23775780200958
61.4316632514152 4.19232761859894 6.8337984085083 8.82660555839539
67.5140154498445 4.19232761859894 6.8337984085083 9.96532678604126
74.1985816582434 4.19232761859894 6.8337984085083 12.3068507909775
81.5449871173038 4.19232761859894 6.8337984085083 12.8702492713928
89.6187605659235 4.19232761859894 7.26890063285828 14.9881342053413
98.4919187468734 4.19232761859894 7.26890063285828 17.7661358714104
108.243608784401 4.19232761859894 7.6481716632843 18.2030845880508
118.960814163673 4.19232761859894 7.6481716632843 18.7919323444366
130.739130609284 4.19232761859894 7.6481716632843 20.2795877456665
143.683618783529 4.19232761859894 7.6481716632843 20.2795877456665
157.909741410383 4.19232761859894 7.6481716632843 20.2795877456665
173.703536936922 4.19232761859894 7.6481716632843 27.3349347114563
190.901933233621 4.19232761859894 7.6481716632843 27.3349347114563
209.803143649102 4.19232761859894 7.6481716632843 35.4209461212158
230.575763898515 4.19232761859894 8.2797486782074 36.1615402698517
253.405082367608 4.19232761859894 8.2797486782074 36.8682374954224
278.494732854913 4.19232761859894 8.2797486782074 37.4808988571167
306.068510952025 4.19232761859894 8.2797486782074 37.4808988571167
336.372370263797 4.19232761859894 8.2797486782074 41.5995721817017
369.676616274388 4.19232761859894 8.2797486782074 41.5995721817017
370.015617281199 4.19232761859894 8.2797486782074 41.5995721817017
