0.0194894644874591 0.586059033870697 0.0095100998878479 0.00276625156402588
0.0195076157341004 0.586059033870697 0.0095100998878479 0.00276625156402588
0.0214706726399789 0.586059033870697 0.0095100998878479 0.00276625156402588
0.0236312725192399 0.586059033870697 0.0095100998878479 0.00276625156402588
0.0260092941773403 0.586059033870697 0.0095100998878479 0.00276625156402588
0.02862661682957 0.586059033870697 0.0095100998878479 0.00276625156402588
0.0315073214028609 0.586059033870697 0.0184588432312012 0.00276625156402588
0.0346779120946542 0.586059033870697 0.0184588432312012 0.00276625156402588
0.0381675602272991 0.586059033870697 0.0184588432312012 0.00276625156402588
0.0420083726415892 0.586059033870697 0.0184588432312012 0.00276625156402588
0.0462787480746938 0.586059033870697 0.03233402967453 0.00486218929290771
0.0509357916233132 0.586059033870697 0.03233402967453 0.00486218929290771
0.056061474785492 0.586059033870697 0.03233402967453 0.00486218929290771
0.0617029568985016 0.586059033870697 0.03233402967453 0.00486218929290771
0.0679121429571029 0.651752918958664 0.03233402967453 0.0246561765670776
0.0747461611704054 0.768446087837219 0.041483461856842 0.0246561765670776
0.0822678885754094 0.967256665229797 0.0435907244682312 0.0246561765670776
0.0905465295431877 1.00701880455017 0.0479478538036346 0.0293861925601959
0.0996582525003081 1.9137766957283 0.063389778137207 0.0295685529708862
0.109686890723714 2.30101633071899 0.0968852043151855 0.0490701794624329
0.120724713656792 2.30101633071899 0.0968852043151855 0.052652046084404
0.132873275843195 2.74790793657303 0.10654890537262 0.0642777681350708
0.146244351289115 2.74790793657303 0.136302709579468 0.0762991905212402
0.160960961850701 2.74790793657303 0.163011610507965 0.0773830264806747
0.177158509108387 2.74790793657303 0.172836691141129 0.097517192363739
0.194986020142061 2.80583125352859 0.202384948730469 0.113164037466049
0.214807390451206 3.0089550614357 0.22189399600029 0.113164037466049
0.23642351909587 3.39448344707489 0.248646439984441 0.128462389111519
0.260214884898814 3.51117664575577 0.277677416801453 0.149892419576645
0.286400382592417 3.51117664575577 0.293253540992737 0.167815268039703
0.315220934348083 3.7056565284729 0.339275330305099 0.18913346529007
0.346941706403675 3.7056565284729 0.368350893259048 0.202629059553146
0.381854548750803 3.7056565284729 0.420722901821136 0.221818864345551
0.420280680328535 3.70566511154175 0.450867624953389 0.24617787450552
0.462573644428912 3.84656143188477 0.491095574572682 0.268408015370369
0.509122561505755 3.93300080299377 0.557595640420914 0.300009340047836
0.560355709314554 3.93300080299377 0.612864702939987 0.322222799062729
0.616744463322841 4.19232761859894 0.664769321680069 0.369296446442604
0.678807633645181 4.19232761859894 0.747900038957596 0.400661662220955
0.74711623840516 4.19232761859894 0.837053149938583 0.432093739509583
0.822298757442146 4.19232761859894 0.917562453076243 0.492847442626953
0.90504691470005 4.19232761859894 1.00529643893242 0.522206008434296
0.997049767162749 4.19232761859894 1.1118611395359 0.571059033274651
1.0973831681079 4.19232761859894 1.23797637224197 0.62882524728775
1.207813147656 4.19232761859894 1.35363319516182 0.690276131033897
1.32935572737641 4.19232761859894 1.47787272930145 0.760634571313858
1.46312917137724 4.19232761859894 1.6447274684906 0.838394492864609
1.61036427500108 4.19232761859894 1.7946737408638 0.93160979449749
1.77241568887504 4.19232761859894 1.94636714458466 1.04798577725887
1.95077438250316 4.19232761859894 2.14988380670547 1.13472473621368
2.14708136207369 4.19232761859894 2.34778714179993 1.2116464972496
2.36314276869316 4.19232761859894 2.58145523071289 1.34291619062424
2.60094649596008 4.19232761859894 2.79302906990051 1.45248794555664
2.86268047976978 4.19232761859894 3.04653930664062 1.56292586028576
3.15075282862747 4.19232761859894 3.3062207698822 1.77987462282181
3.46781397968047 4.19232761859894 3.55005931854248 1.98268097639084
3.81678108431816 4.19232761859894 3.82575809955597 2.09703713655472
4.2008648477019 4.19232761859894 4.23737239837646 2.36375093460083
4.62790519502682 4.19232761859894 4.55680453777313 2.48064869642258
5.09361260779729 4.19232761859894 4.82528924942017 2.66886872053146
5.6061842896419 4.19232761859894 5.15553045272827 2.95929253101349
6.17033620525356 4.19232761859894 5.52457773685455 3.11771428585052
6.79125888819023 4.19232761859894 6.16285991668701 3.28809583187103
7.47466519687438 4.19232761859894 6.65408897399902 3.28809583187103
8.22684287629239 4.19232761859894 6.69468212127686 3.70770972967148
9.05471240899251 4.19232761859894 6.80277156829834 4.00386659801006
9.96589068764523 4.19232761859894 6.80277156829834 4.84235048294067
10.9687610949915 4.19232761859894 6.80277156829834 5.26430523395538
12.072550635956 4.19232761859894 6.80277156829834 5.79015934467316
13.2874148315868 4.19232761859894 6.80277156829834 5.79015934467316
14.6245311558961 4.19232761859894 6.80277156829834 5.79015934467316
16.0962018752773 4.19232761859894 6.80277156829834 6.61984086036682
17.7159672366814 4.19232761859894 7.02563667297363 6.61984086036682
19.4987300459514 4.19232761859894 7.02563667297363 6.64456725120544
21.4808800919766 4.19232761859894 7.02563667297363 7.21303772926331
23.6425071500281 4.19232761859894 7.02563667297363 8.19711017608643
26.0216593522121 4.19232761859894 7.05182933807373 8.22183656692505
28.6402263154973 4.19232761859894 7.05182933807373 8.22183656692505
31.5223004152183 4.19232761859894 7.05182933807373 8.26704061031342
34.6943984492749 4.19232761859894 7.05182933807373 10.5488443374634
38.1857056084627 4.19232761859894 7.05182933807373 12.3263347148895
42.0283439976073 4.19232761859894 7.05182933807373 13.9036040306091
46.2576681780564 4.19232761859894 7.05182933807373 14.1731853485107
50.9125904506965 4.19232761859894 7.05182933807373 16.1639761924744
56.0359388722924 4.19232761859894 7.05182933807373 16.1639761924744
61.674851299112 4.19232761859894 7.58702707290649 18.8681945800781
67.8812090832727 4.19232761859894 7.58702707290649 19.8549528121948
74.7121144120754 4.19232761859894 7.58702707290649 22.4402259588242
82.2304156821292 4.19232761859894 7.58702707290649 28.0767893791199
90.5052857420251 4.19232761859894 7.58702707290649 30.3371615409851
99.7056313992196 4.19232761859894 7.58702707290649 33.1226115226746
109.739037374665 4.19232761859894 7.58702707290649 35.0321707725525
120.782107840023 4.19232761859894 7.58702707290649 38.4041013717651
132.936445619368 4.19232761859894 8.10613775253296 43.0991106033325
146.313877857786 4.19232761859894 8.10613775253296 43.0991106033325
161.037484897703 4.19232761859894 8.10613775253296 50.4997501373291
177.242732691319 4.19232761859894 8.10613775253296 50.4997501373291
195.078719168039 4.19232761859894 8.10613775253296 64.4033541679382
214.709546024206 4.19232761859894 8.25926065444946 74.7306661605835
214.909512828253 4.19232761859894 8.25926065444946 74.7306661605835
