0.0387145280838013 0.586059033870697 0.00789725780487061 0.00138497352600098
0.0387500300966981 0.586059033870697 0.00789725780487061 0.00138497352600098
0.0425866726076336 0.586059033870697 0.00789725780487061 0.00138497352600098
0.0468031812946723 0.586059033870697 0.00789725780487061 0.00138497352600098
0.0514371667278207 0.586059033870697 0.00789725780487061 0.00138497352600098
0.0565299633015929 0.586059033870697 0.00789725780487061 0.00138497352600098
0.0621269979310704 0.586059033870697 0.00789725780487061 0.00138497352600098
0.068278195252578 0.586059033870697 0.00789725780487061 0.00138497352600098
0.0750384229432996 0.586059033870697 0.0164923965930939 0.00846648216247559
0.0824679811320132 0.586059033870697 0.0164923965930939 0.00846648216247559
0.0907162527069789 0.586059033870697 0.0164923965930939 0.00846648216247559
0.0996980736423392 0.586059033870697 0.0164923965930939 0.00846648216247559
0.109569185139287 0.586059033870697 0.0164923965930939 0.00846648216247559
0.120417635902936 0.586059033870697 0.0164923965930939 0.00846648216247559
0.132340192345309 0.586059033870697 0.0164923965930939 0.00846648216247559
0.145443201725957 0.586059033870697 0.0164923965930939 0.00846648216247559
0.159843540752169 0.967256665229797 0.0485465526580811 0.0240511894226074
0.175669658100152 0.967256665229797 0.0488177537918091 0.0302930474281311
0.193062720156276 0.967256665229797 0.0809907019138336 0.0302930474281311
0.212177870198225 1.85931992530823 0.0866124033927917 0.0330137610435486
0.233185612247737 1.9137766957283 0.0866124033927917 0.0412106513977051
0.25627333193868 1.9137766957283 0.0994364321231842 0.0489482879638672
0.281646967966354 2.74790793657303 0.141889333724976 0.0506793856620789
0.309532849027073 2.74790793657303 0.15251624584198 0.0649538040161133
0.340179712633237 2.74790793657303 0.180899500846863 0.0717349350452423
0.373860923811385 2.74790793657303 0.204214781522751 0.0856090784072876
0.411253695994416 3.10663169622421 0.24308043718338 0.0878750085830688
0.451971945990459 3.10663169622421 0.287927240133286 0.0941864252090454
0.496721712052834 3.12219077348709 0.287927240133286 0.105597734451294
0.54590215479858 3.56563341617584 0.333424180746078 0.116836428642273
0.599951955758347 3.56563341617584 0.378140300512314 0.128085911273956
0.659353230344131 3.56563341617584 0.422961056232452 0.1551913022995
0.724635828240139 3.56563341617584 0.423027869313955 0.161024689674377
0.796382059575582 3.56563341617584 0.492639631032944 0.184323623776436
0.875231889036086 3.84656143188477 0.521710008382797 0.207812666893005
0.961888644244345 3.84656143188477 0.629146665334702 0.230508089065552
1.05712528932784 3.84656143188477 0.661227732896805 0.264800429344177
1.16179131963283 3.84656143188477 0.737138152122498 0.283454179763794
1.27682033908432 3.98659324645996 0.800439834594727 0.315874457359314
1.4032383877809 4.04104137420654 0.921164304018021 0.346763491630554
1.54217309410505 4.04104995727539 0.994035750627518 0.37848088145256
1.69486373298454 4.17070913314819 1.11204779148102 0.426826238632202
1.86438038854372 4.17070913314819 1.23836189508438 0.473702043294907
2.0489727885339 4.17070913314819 1.30831158161163 0.531007349491119
2.25184169172242 4.17070913314819 1.45321977138519 0.571475237607956
2.4747966556489 4.17070913314819 1.61922885477543 0.631393998861313
2.7198264022398 4.17070913314819 1.7740288041532 0.707865118980408
2.98911655688376 4.19232761859894 1.99782204627991 0.763792723417282
3.28506914385371 4.19232761859894 2.14975222945213 0.84100478887558
3.61032401197175 4.19232761859894 2.42610901594162 0.923611521720886
3.96778238163021 4.19232761859894 2.6219310760498 1.02118760347366
4.36063272320454 4.19232761859894 2.87512531504035 1.1169690489769
4.79237919768918 4.19232761859894 3.15872070193291 1.21097707748413
5.2668729132423 4.19232761859894 3.58852639421821 1.32141017913818
5.78834627644265 4.19232761859894 3.82643747329712 1.45543229579926
6.36145074466621 4.19232761859894 4.050298422575 1.58585834503174
6.99129831632754 4.19232761859894 4.4891628921032 1.72384029626846
7.68350712907217 4.19232761859894 4.94456368684769 1.89675974845886
8.45199512379247 4.19232761859894 5.31864142417908 2.07272911071777
9.28882760400582 4.19232761859894 5.53470861911774 2.2636387348175
10.2085149119472 4.19232761859894 6.10446202754974 2.4709110558033
11.2192605084528 4.19232761859894 6.58834266662598 2.73447644710541
12.330080079446 4.19232761859894 6.65541172027588 3.03210505843163
13.5508819543863 4.19232761859894 6.67357635498047 3.24752748012543
14.8925554869521 4.19232761859894 6.67925214767456 3.52164924144745
16.3670681863003 4.19232761859894 6.67925214767456 3.74341428279877
17.9875724652967 4.19232761859894 6.68508291244507 3.95096361637115
19.7685229578944 4.19232761859894 6.68508291244507 4.10993134975433
21.7258054521118 4.19232761859894 6.68508291244507 4.14586329460144
23.8768785886714 4.19232761859894 6.68508291244507 4.31152451038361
26.2409295892292 4.19232761859894 6.68508291244507 4.60134661197662
28.8390454032626 4.19232761859894 6.68508291244507 4.89656409621239
31.6944008002223 4.19232761859894 6.68508291244507 5.36542153358459
34.8324650846968 4.19232761859894 6.68508291244507 5.85929775238037
38.3163339475004 4.19232761859894 6.68508291244507 6.11271286010742
42.1100361799719 4.19232761859894 6.68508291244507 6.58387887477875
46.2793530693252 4.19232761859894 6.68508291244507 7.1493045091629
50.8614742424258 4.19232761859894 6.68508291244507 7.80205819010735
55.8972714730444 4.19232761859894 6.68508291244507 8.73343777656555
61.4316632514152 4.19232761859894 6.68508291244507 9.34845101833344
67.5140154498445 4.19232761859894 6.68508291244507 9.3604850769043
74.1985816582434 4.19232761859894 6.68508291244507 10.3148369789124
81.5449871173038 4.19232761859894 6.68508291244507 11.8240582942963
89.6187605659235 4.19232761859894 6.68508291244507 13.0482335090637
98.4919187468734 4.19232761859894 6.68508291244507 14.1299117803574
108.243608784401 4.19232761859894 7.51745390892029 16.1920729875565
118.960814163673 4.19232761859894 7.51745390892029 17.4109116494656
130.739130609284 4.19232761859894 7.51745390892029 18.5068163871765
143.683618783529 4.19232761859894 7.51745390892029 18.5068163871765
157.909741410383 4.19232761859894 7.51745390892029 19.4850604534149
173.703536936922 4.19232761859894 7.51745390892029 19.53737449646
190.901933233621 4.19232761859894 7.51745390892029 20.5504593849182
209.803143649102 4.19232761859894 7.51745390892029 22.4617686271667
230.575763898515 4.19232761859894 7.64043879508972 24.3059754371643
253.405082367608 4.19232761859894 7.64043879508972 24.3059754371643
278.494732854913 4.19232761859894 7.64043879508972 24.3059754371643
306.068510952025 4.19232761859894 7.64043879508972 24.3059754371643
336.372370263797 4.19232761859894 7.64043879508972 24.3059754371643
369.676616274388 4.19232761859894 7.64043879508972 24.3059754371643
370.015617281199 4.19232761859894 7.64043879508972 24.3059754371643
