0.0194894644874591 0.586059033870697 0.00927591323852539 0.00622522830963135
0.0195076157341004 0.586059033870697 0.00927591323852539 0.00622522830963135
0.0214706726399789 0.586059033870697 0.00927591323852539 0.00622522830963135
0.0236312725192399 0.586059033870697 0.00927591323852539 0.00622522830963135
0.0260092941773403 0.586059033870697 0.00927591323852539 0.00622522830963135
0.02862661682957 0.586059033870697 0.00927591323852539 0.00622522830963135
0.0315073214028609 0.586059033870697 0.0181615948677063 0.0124623477458954
0.0346779120946542 0.586059033870697 0.0181615948677063 0.0124623477458954
0.0381675602272991 0.586059033870697 0.0181615948677063 0.0124623477458954
0.0420083726415892 0.586059033870697 0.0181615948677063 0.0124623477458954
0.0462787480746938 0.586059033870697 0.0181615948677063 0.0124623477458954
0.0509357916233132 0.586059033870697 0.0181615948677063 0.0124623477458954
0.056061474785492 0.586059033870697 0.0181615948677063 0.0124623477458954
0.0617029568985016 0.586059033870697 0.0181615948677063 0.0124623477458954
0.0679121429571029 0.586059033870697 0.0301771759986877 0.0218223333358765
0.0747461611704054 0.768446087837219 0.0440521240234375 0.0218223333358765
0.0822678885754094 0.967256665229797 0.0440521240234375 0.0241913944482803
0.0905465295431877 1.00701880455017 0.0474210977554321 0.0241913944482803
0.0996582525003081 1.9137766957283 0.0525233447551727 0.0340021252632141
0.109686890723714 1.9137766957283 0.0977279543876648 0.040391206741333
0.120724713656792 1.9137766957283 0.0977279543876648 0.0456422567367554
0.132873275843195 2.74790793657303 0.0977279543876648 0.0598179697990417
0.146244351289115 2.74790793657303 0.12398362159729 0.0658975839614868
0.160960961850701 2.74790793657303 0.129845976829529 0.0680038928985596
0.177158509108387 2.74790793657303 0.166585922241211 0.0818520784378052
0.194986020142061 2.80583125352859 0.207790374755859 0.0948703289031982
0.214807390451206 2.80583125352859 0.219517949968576 0.104726240038872
0.23642351909587 3.39448344707489 0.249609593302011 0.117384567856789
0.260214884898814 3.51117664575577 0.282444186508656 0.138786640018225
0.286400382592417 3.51117664575577 0.293573077768087 0.147745788097382
0.315220934348083 3.56563341617584 0.335700742900372 0.166506677865982
0.346941706403675 3.56563341617584 0.371639497578144 0.18060365319252
0.381854548750803 3.56563341617584 0.422694742679596 0.197647586464882
0.420280680328535 3.62527656555176 0.450698643922806 0.221061050891876
0.462573644428912 3.84656143188477 0.495975498110056 0.247619926929474
0.509122561505755 3.84656143188477 0.546729981899261 0.276580423116684
0.560355709314554 3.93300080299377 0.618836909532547 0.294652372598648
0.616744463322841 3.98659324645996 0.677442125976086 0.328322544693947
0.678807633645181 3.98659324645996 0.756608244031668 0.36697706580162
0.74711623840516 4.04104995727539 0.843716859817505 0.400545328855515
0.822298757442146 4.06265139579773 0.927781075239182 0.460601896047592
0.90504691470005 4.17070913314819 1.02085155248642 0.493863850831985
0.997049767162749 4.17070913314819 1.12823793292046 0.548863869160414
1.0973831681079 4.17070913314819 1.24586546421051 0.595411077141762
1.207813147656 4.17070913314819 1.37150155752897 0.651001080870628
1.32935572737641 4.17070913314819 1.50788587331772 0.722898900508881
1.46312917137724 4.17070913314819 1.66758799552917 0.795243486762047
1.61036427500108 4.19232761859894 1.79835087060928 0.883841007947922
1.77241568887504 4.19232761859894 1.96777194738388 0.967446073889732
1.95077438250316 4.19232761859894 2.1893025636673 1.06022971495986
2.14708136207369 4.19232761859894 2.38792133331299 1.16636200249195
2.36314276869316 4.19232761859894 2.62524425983429 1.29800000786781
2.60094649596008 4.19232761859894 2.82329320907593 1.40716317296028
2.86268047976978 4.19232761859894 3.09205639362335 1.54627749323845
3.15075282862747 4.19232761859894 3.29937779903412 1.72349166870117
3.46781397968047 4.19232761859894 3.60228168964386 1.88143193721771
3.81678108431816 4.19232761859894 3.88366258144379 2.0958833694458
4.2008648477019 4.19232761859894 4.3069953918457 2.26512444019318
4.62790519502682 4.19232761859894 4.43214750289917 2.46764975786209
5.09361260779729 4.19232761859894 4.84071087837219 2.68567934632301
5.6061842896419 4.19232761859894 5.21812272071838 2.918621301651
6.17033620525356 4.19232761859894 5.57679224014282 3.19116377830505
6.79125888819023 4.19232761859894 6.04654788970947 3.44587683677673
7.47466519687438 4.19232761859894 6.68943095207214 3.85526049137115
8.22684287629239 4.19232761859894 6.69408440589905 4.12752568721771
9.05471240899251 4.19232761859894 6.78934741020203 4.19311416149139
9.96589068764523 4.19232761859894 6.78934741020203 4.19311416149139
10.9687610949915 4.19232761859894 6.78934741020203 4.30170691013336
12.072550635956 4.19232761859894 6.78934741020203 4.34081256389618
13.2874148315868 4.19232761859894 6.78934741020203 4.83381235599518
14.6245311558961 4.19232761859894 6.78934741020203 4.83381235599518
16.0962018752773 4.19232761859894 6.78934741020203 4.83381235599518
17.7159672366814 4.19232761859894 6.83849132061005 5.39671802520752
19.4987300459514 4.19232761859894 6.83849132061005 5.59458887577057
21.4808800919766 4.19232761859894 6.83849132061005 5.71414268016815
23.6425071500281 4.19232761859894 6.83849132061005 5.71414268016815
26.0216593522121 4.19232761859894 6.83849132061005 5.92916142940521
28.6402263154973 4.19232761859894 6.83849132061005 6.47461807727814
31.5223004152183 4.19232761859894 6.83849132061005 7.40418553352356
34.6943984492749 4.19232761859894 6.83849132061005 8.22234523296356
38.1857056084627 4.19232761859894 6.83849132061005 8.71534502506256
42.0283439976073 4.19232761859894 6.83849132061005 8.71534502506256
46.2576681780564 4.19232761859894 6.83849132061005 9.14307308197021
50.9125904506965 4.19232761859894 6.83849132061005 9.21080684661865
56.0359388722924 4.19232761859894 6.83849132061005 11.1650552749634
61.674851299112 4.19232761859894 6.83849132061005 11.3660702705383
67.8812090832727 4.19232761859894 6.83849132061005 12.3501751422882
74.7121144120754 4.19232761859894 6.83849132061005 14.1551560163498
82.2304156821292 4.19232761859894 7.05122649669647 16.0242084264755
90.5052857420251 4.19232761859894 7.44901823997498 17.3690676689148
99.7056313992196 4.19232761859894 7.50552177429199 17.3690676689148
109.739037374665 4.19232761859894 7.50552177429199 17.3690676689148
120.782107840023 4.19232761859894 7.50552177429199 17.3690676689148
132.936445619368 4.19232761859894 8.16519260406494 17.3690676689148
146.313877857786 4.19232761859894 8.16519260406494 17.3690676689148
161.037484897703 4.19232761859894 8.16519260406494 17.3690676689148
177.242732691319 4.19232761859894 8.16519260406494 17.3690676689148
195.078719168039 4.19232761859894 8.16519260406494 17.3690676689148
214.709546024206 4.19232761859894 8.16519260406494 17.3690676689148
214.909512828253 4.19232761859894 8.16519260406494 17.3690676689148
