0.0194894644874591 0.586059033870697 0.00614601373672485 0.00674280524253845
0.0195076157341004 0.586059033870697 0.00614601373672485 0.00674280524253845
0.0214706726399789 0.586059033870697 0.00614601373672485 0.00674280524253845
0.0236312725192399 0.586059033870697 0.00614601373672485 0.00674280524253845
0.0260092941773403 0.586059033870697 0.00614601373672485 0.00674280524253845
0.02862661682957 0.586059033870697 0.00614601373672485 0.00674280524253845
0.0315073214028609 0.586059033870697 0.0143470168113708 0.00674280524253845
0.0346779120946542 0.586059033870697 0.0143470168113708 0.00674280524253845
0.0381675602272991 0.586059033870697 0.0143470168113708 0.00674280524253845
0.0420083726415892 0.586059033870697 0.0143470168113708 0.00674280524253845
0.0462787480746938 0.586059033870697 0.028773307800293 0.00674280524253845
0.0509357916233132 0.586059033870697 0.028773307800293 0.00674280524253845
0.056061474785492 0.586059033870697 0.028773307800293 0.00674280524253845
0.0617029568985016 0.586059033870697 0.028773307800293 0.00674280524253845
0.0679121429571029 0.651752918958664 0.028773307800293 0.00958922505378723
0.0747461611704054 0.768446087837219 0.0560581684112549 0.0301933288574219
0.0822678885754094 0.967256665229797 0.0560581684112549 0.0301933288574219
0.0905465295431877 1.00701880455017 0.0560581684112549 0.0301933288574219
0.0996582525003081 1.9137766957283 0.0736085772514343 0.0301933288574219
0.109686890723714 2.30101633071899 0.0978038311004639 0.0490254759788513
0.120724713656792 2.30101633071899 0.100301027297974 0.0490254759788513
0.132873275843195 2.74790793657303 0.105471283197403 0.0633084177970886
0.146244351289115 2.74790793657303 0.138568989932537 0.0692998170852661
0.160960961850701 2.74790793657303 0.163737833499908 0.0692998170852661
0.177158509108387 2.74790793657303 0.173339210450649 0.0890394151210785
0.194986020142061 2.80583125352859 0.222203969955444 0.0894361138343811
0.214807390451206 3.0089550614357 0.229594759643078 0.101331353187561
0.23642351909587 3.39448344707489 0.241371512413025 0.114139720797539
0.260214884898814 3.51117664575577 0.289272129535675 0.132608234882355
0.286400382592417 3.51117664575577 0.29664396494627 0.138177812099457
0.315220934348083 3.7056565284729 0.34903933852911 0.156153351068497
0.346941706403675 3.7056565284729 0.377012185752392 0.172127515077591
0.381854548750803 3.7056565284729 0.42695540189743 0.191292732954025
0.420280680328535 3.70566511154175 0.468282006680965 0.205263450741768
0.462573644428912 3.84656143188477 0.521261036396027 0.235756881535053
0.509122561505755 3.93300080299377 0.56792039424181 0.2463139295578
0.560355709314554 3.93300080299377 0.638311140239239 0.267343007028103
0.616744463322841 4.19232761859894 0.715924054384232 0.284810081124306
0.678807633645181 4.19232761859894 0.786545015871525 0.325490579009056
0.74711623840516 4.19232761859894 0.860832333564758 0.370014846324921
0.822298757442146 4.19232761859894 0.955338098108768 0.410309344530106
0.90504691470005 4.19232761859894 1.05001482367516 0.46398663520813
0.997049767162749 4.19232761859894 1.1552050486207 0.504148080945015
1.0973831681079 4.19232761859894 1.27297154068947 0.569912195205688
1.207813147656 4.19232761859894 1.40132407099009 0.591711759567261
1.32935572737641 4.19232761859894 1.55981892347336 0.641265884041786
1.46312917137724 4.19232761859894 1.69914744049311 0.744573652744293
1.61036427500108 4.19232761859894 1.85531398653984 0.762438714504242
1.77241568887504 4.19232761859894 2.05852422118187 0.823922157287598
1.95077438250316 4.19232761859894 2.27308940887451 0.902062594890594
2.14708136207369 4.19232761859894 2.46340781450272 0.999729141592979
2.36314276869316 4.19232761859894 2.72584187984467 1.06963127851486
2.60094649596008 4.19232761859894 2.91527777910233 1.14851301908493
2.86268047976978 4.19232761859894 3.15528547763824 1.23871374130249
3.15075282862747 4.19232761859894 3.44652795791626 1.35460260510445
3.46781397968047 4.19232761859894 3.71522390842438 1.70436656475067
3.81678108431816 4.19232761859894 4.00007343292236 1.86774277687073
4.2008648477019 4.19232761859894 4.45355439186096 2.01066213846207
4.62790519502682 4.19232761859894 4.58534336090088 2.19296506047249
5.09361260779729 4.19232761859894 4.93533611297607 2.30837547779083
5.6061842896419 4.19232761859894 5.32338714599609 2.43315923213959
6.17033620525356 4.19232761859894 5.70142412185669 2.53662210702896
6.79125888819023 4.19232761859894 6.21328783035278 2.69456714391708
7.47466519687438 4.19232761859894 6.69594073295593 2.83493685722351
8.22684287629239 4.19232761859894 6.69705367088318 2.97772347927094
9.05471240899251 4.19232761859894 6.69705367088318 3.1441798210144
9.96589068764523 4.19232761859894 6.69705367088318 3.32504081726074
10.9687610949915 4.19232761859894 6.69705367088318 3.62846601009369
12.072550635956 4.19232761859894 6.69705367088318 3.88552343845367
13.2874148315868 4.19232761859894 6.69705367088318 4.18393981456757
14.6245311558961 4.19232761859894 6.69705367088318 4.30622184276581
16.0962018752773 4.19232761859894 6.69705367088318 5.11945915222168
17.7159672366814 4.19232761859894 6.69705367088318 5.11945915222168
19.4987300459514 4.19232761859894 6.69705367088318 5.11945915222168
21.4808800919766 4.19232761859894 6.69705367088318 5.11945915222168
23.6425071500281 4.19232761859894 6.69705367088318 6.25974655151367
26.0216593522121 4.19232761859894 6.69705367088318 6.25974655151367
28.6402263154973 4.19232761859894 6.69705367088318 7.27868604660034
31.5223004152183 4.19232761859894 6.69705367088318 8.27965581417084
34.6943984492749 4.19232761859894 6.69705367088318 9.93065530061722
38.1857056084627 4.19232761859894 6.69705367088318 10.9497188329697
42.0283439976073 4.19232761859894 6.69705367088318 10.9497188329697
46.2576681780564 4.19232761859894 6.69705367088318 11.2464923858643
50.9125904506965 4.19232761859894 6.69705367088318 11.2464923858643
56.0359388722924 4.19232761859894 6.69705367088318 11.2464923858643
61.674851299112 4.19232761859894 6.69705367088318 16.3659515380859
67.8812090832727 4.19232761859894 6.69705367088318 17.5062389373779
74.7121144120754 4.19232761859894 6.69705367088318 19.5261482000351
82.2304156821292 4.19232761859894 6.69705367088318 22.6256980895996
90.5052857420251 4.19232761859894 6.69705367088318 25.0675546526909
99.7056313992196 4.19232761859894 7.6440441608429 27.3156703710556
109.739037374665 4.19232761859894 7.6440441608429 27.3156703710556
120.782107840023 4.19232761859894 7.6440441608429 31.6213455200195
132.936445619368 4.19232761859894 7.6440441608429 31.6213455200195
146.313877857786 4.19232761859894 7.6440441608429 31.6213455200195
161.037484897703 4.19232761859894 7.6440441608429 42.8678379058838
177.242732691319 4.19232761859894 7.6440441608429 42.8678379058838
195.078719168039 4.19232761859894 7.73623204231262 53.8175567388535
214.709546024206 4.19232761859894 7.73623204231262 53.9546654224396
214.909512828253 4.19232761859894 7.73623204231262 53.9546654224396
