0.0194894644874591 0.586059033870697 0.00808262825012207 0.00157111883163452
0.0195076157341004 0.586059033870697 0.00808262825012207 0.00157111883163452
0.0214706726399789 0.586059033870697 0.00808262825012207 0.00157111883163452
0.0236312725192399 0.586059033870697 0.00808262825012207 0.00157111883163452
0.0260092941773403 0.586059033870697 0.00808262825012207 0.00157111883163452
0.02862661682957 0.586059033870697 0.00808262825012207 0.00157111883163452
0.0315073214028609 0.586059033870697 0.0167067646980286 0.00195160880684853
0.0346779120946542 0.586059033870697 0.0167067646980286 0.00195160880684853
0.0381675602272991 0.586059033870697 0.0167067646980286 0.00195160880684853
0.0420083726415892 0.586059033870697 0.0167067646980286 0.00195160880684853
0.0462787480746938 0.586059033870697 0.0307277739048004 0.00195160880684853
0.0509357916233132 0.586059033870697 0.0307277739048004 0.00195160880684853
0.056061474785492 0.586059033870697 0.0307277739048004 0.00195160880684853
0.0617029568985016 0.586059033870697 0.0307277739048004 0.00195160880684853
0.0679121429571029 0.651752918958664 0.0307277739048004 0.011032447218895
0.0747461611704054 0.768446087837219 0.0462950021028519 0.0150245055556297
0.0822678885754094 0.967256665229797 0.0462950021028519 0.0150245055556297
0.0905465295431877 1.00701880455017 0.0462950021028519 0.019384503364563
0.0996582525003081 1.9137766957283 0.0661163926124573 0.019384503364563
0.109686890723714 2.30101633071899 0.0946750640869141 0.0240713953971863
0.120724713656792 2.30101633071899 0.0958423018455505 0.0298368334770203
0.132873275843195 2.74790793657303 0.0999790132045746 0.0352111160755157
0.146244351289115 2.74790793657303 0.135442081838846 0.0400407314300537
0.160960961850701 2.74790793657303 0.161142453551292 0.0449857413768768
0.177158509108387 2.74790793657303 0.169969886541367 0.0506833717226982
0.194986020142061 2.80583125352859 0.206918954849243 0.0543503165245056
0.214807390451206 3.0089550614357 0.222235500812531 0.0619478076696396
0.23642351909587 3.39448344707489 0.23960417881608 0.0701801441609859
0.260214884898814 3.51117664575577 0.278876408934593 0.0755384862422943
0.286400382592417 3.51117664575577 0.286052376031876 0.0882364027202129
0.315220934348083 3.7056565284729 0.336735501885414 0.0973000526428223
0.346941706403675 3.7056565284729 0.361623659729958 0.105762980878353
0.381854548750803 3.7056565284729 0.417419135570526 0.119018658995628
0.420280680328535 3.70566511154175 0.451897729188204 0.130568936467171
0.462573644428912 3.84656143188477 0.491745102684945 0.14302646368742
0.509122561505755 3.93300080299377 0.551955621689558 0.158262357115746
0.560355709314554 3.93300080299377 0.612495258450508 0.178568754345179
0.616744463322841 4.19232761859894 0.668433412909508 0.190972425043583
0.678807633645181 4.19232761859894 0.747269079089165 0.215826973319054
0.74711623840516 4.19232761859894 0.828834146261215 0.231796979904175
0.822298757442146 4.19232761859894 0.915589168667793 0.256020314991474
0.90504691470005 4.19232761859894 1.00306603312492 0.281575262546539
0.997049767162749 4.19232761859894 1.10826979577541 0.312813051044941
1.0973831681079 4.19232761859894 1.23377838730812 0.339854791760445
1.207813147656 4.19232761859894 1.33957789465785 0.381110846996307
1.32935572737641 4.19232761859894 1.49061518907547 0.416657105088234
1.46312917137724 4.19232761859894 1.63100355863571 0.464831039309502
1.61036427500108 4.19232761859894 1.78108693659306 0.510386914014816
1.77241568887504 4.19232761859894 1.94754442572594 0.550517663359642
1.95077438250316 4.19232761859894 2.16253983974457 0.615686386823654
2.14708136207369 4.19232761859894 2.35306632518768 0.680424928665161
2.36314276869316 4.19232761859894 2.5906029343605 0.734402164816856
2.60094649596008 4.19232761859894 2.76762962341309 0.801992774009705
2.86268047976978 4.19232761859894 3.05344939231873 0.894929051399231
3.15075282862747 4.19232761859894 3.29851150512695 0.995662957429886
3.46781397968047 4.19232761859894 3.55729413032532 1.09750843048096
3.81678108431816 4.19232761859894 3.84317791461945 1.19383406639099
4.2008648477019 4.19232761859894 4.28399658203125 1.31336146593094
4.62790519502682 4.19232761859894 4.52536380290985 1.45897781848907
5.09361260779729 4.19232761859894 4.80699670314789 1.58199280500412
5.6061842896419 4.19232761859894 5.18680667877197 1.74107557535172
6.17033620525356 4.19232761859894 5.53033053874969 1.89681571722031
6.79125888819023 4.19232761859894 6.12054789066315 2.10734730958939
7.47466519687438 4.19232761859894 6.62881970405579 2.2743484377861
8.22684287629239 4.19232761859894 6.64233160018921 2.44413655996323
9.05471240899251 4.19232761859894 6.68492817878723 2.67230635881424
9.96589068764523 4.19232761859894 6.68492817878723 2.89647549390793
10.9687610949915 4.19232761859894 6.68492817878723 3.19014137983322
12.072550635956 4.19232761859894 6.68492817878723 3.44486922025681
13.2874148315868 4.19232761859894 6.68492817878723 3.7112201154232
14.6245311558961 4.19232761859894 6.68492817878723 4.0738667845726
16.0962018752773 4.19232761859894 6.68492817878723 4.26318949460983
17.7159672366814 4.19232761859894 6.68492817878723 4.317438185215
19.4987300459514 4.19232761859894 6.68492817878723 4.34108066558838
21.4808800919766 4.19232761859894 6.68492817878723 5.01191636919975
23.6425071500281 4.19232761859894 6.68492817878723 5.58865344524384
26.0216593522121 4.19232761859894 6.68492817878723 6.03115874528885
28.6402263154973 4.19232761859894 6.68492817878723 6.60621765255928
31.5223004152183 4.19232761859894 6.68492817878723 7.49506694078445
34.6943984492749 4.19232761859894 6.68492817878723 7.49506694078445
38.1857056084627 4.19232761859894 6.68492817878723 7.49506694078445
42.0283439976073 4.19232761859894 6.68492817878723 8.40752410888672
46.2576681780564 4.19232761859894 6.68492817878723 9.87143230438232
50.9125904506965 4.19232761859894 6.68492817878723 9.87143230438232
56.0359388722924 4.19232761859894 6.68492817878723 9.87143230438232
61.674851299112 4.19232761859894 6.68492817878723 9.87143230438232
67.8812090832727 4.19232761859894 6.68492817878723 9.87143230438232
74.7121144120754 4.19232761859894 6.68492817878723 9.87143230438232
82.2304156821292 4.19232761859894 6.68492817878723 14.8229780197144
90.5052857420251 4.19232761859894 6.68492817878723 14.8229780197144
99.7056313992196 4.19232761859894 7.47069549560547 17.3044147491455
109.739037374665 4.19232761859894 7.47069549560547 17.3044147491455
120.782107840023 4.19232761859894 7.47069549560547 17.3044147491455
132.936445619368 4.19232761859894 7.47069549560547 17.3044147491455
146.313877857786 4.19232761859894 7.47069549560547 17.3044147491455
161.037484897703 4.19232761859894 7.47069549560547 18.517430305481
177.242732691319 4.19232761859894 7.47069549560547 18.517430305481
195.078719168039 4.19232761859894 7.51569104194641 28.3888626098633
214.709546024206 4.19232761859894 7.51569104194641 28.3888626098633
214.909512828253 4.19232761859894 7.51569104194641 28.3888626098633
