0.0194894644874591 0.586059033870697 0.0096893310546875 0.00536954402923584
0.0195076157341004 0.586059033870697 0.0096893310546875 0.00536954402923584
0.0214706726399789 0.586059033870697 0.0096893310546875 0.00536954402923584
0.0236312725192399 0.586059033870697 0.0096893310546875 0.00536954402923584
0.0260092941773403 0.586059033870697 0.0096893310546875 0.00536954402923584
0.02862661682957 0.586059033870697 0.0096893310546875 0.00536954402923584
0.0315073214028609 0.586059033870697 0.0186964869499207 0.00536954402923584
0.0346779120946542 0.586059033870697 0.0186964869499207 0.00536954402923584
0.0381675602272991 0.586059033870697 0.0186964869499207 0.00536954402923584
0.0420083726415892 0.586059033870697 0.0186964869499207 0.00536954402923584
0.0462787480746938 0.586059033870697 0.0186964869499207 0.00536954402923584
0.0509357916233132 0.586059033870697 0.0186964869499207 0.00536954402923584
0.056061474785492 0.586059033870697 0.0186964869499207 0.00536954402923584
0.0617029568985016 0.586059033870697 0.0186964869499207 0.00536954402923584
0.0679121429571029 0.586059033870697 0.0308202505111694 0.00977897644042969
0.0747461611704054 0.768446087837219 0.0389841794967651 0.0231170505285263
0.0822678885754094 0.967256665229797 0.0448634028434753 0.0231170505285263
0.0905465295431877 1.00701880455017 0.0483426153659821 0.0231170505285263
0.0996582525003081 1.9137766957283 0.0550009310245514 0.0231170505285263
0.109686890723714 1.9137766957283 0.0931416153907776 0.0317762792110443
0.120724713656792 1.9137766957283 0.0952469706535339 0.0354130268096924
0.132873275843195 2.74790793657303 0.100351989269257 0.0419123321771622
0.146244351289115 2.74790793657303 0.117215692996979 0.0525542683899403
0.160960961850701 2.74790793657303 0.127629697322845 0.0573689043521881
0.177158509108387 2.74790793657303 0.161818742752075 0.0643810443580151
0.194986020142061 2.80583125352859 0.196571230888367 0.0779383815824986
0.214807390451206 2.80583125352859 0.215431092306972 0.0853499323129654
0.23642351909587 3.39448344707489 0.247054575011134 0.0943016894161701
0.260214884898814 3.51117664575577 0.272518992424011 0.10413447022438
0.286400382592417 3.51117664575577 0.292365316301584 0.114292595535517
0.315220934348083 3.56563341617584 0.328033179044724 0.125559110194445
0.346941706403675 3.56563341617584 0.364998757839203 0.141504045575857
0.381854548750803 3.56563341617584 0.409449577331543 0.149276304990053
0.420280680328535 3.62527656555176 0.442588448524475 0.172961931675673
0.462573644428912 3.84656143188477 0.485375702381134 0.186363846063614
0.509122561505755 3.84656143188477 0.535498440265656 0.203572448343039
0.560355709314554 3.93300080299377 0.59409835934639 0.229698270559311
0.616744463322841 3.98659324645996 0.654618754982948 0.237333044409752
0.678807633645181 3.98659324645996 0.739195231348276 0.282174408435822
0.74711623840516 4.04104995727539 0.810986012220383 0.316655099391937
0.822298757442146 4.06265139579773 0.905748310498893 0.348152875900269
0.90504691470005 4.17070913314819 0.983796238899231 0.38170912489295
0.997049767162749 4.17070913314819 1.09361159801483 0.41323172673583
1.0973831681079 4.17070913314819 1.20210841298103 0.457938477396965
1.207813147656 4.17070913314819 1.33373534679413 0.498115852475166
1.32935572737641 4.17070913314819 1.45095556974411 0.556752622127533
1.46312917137724 4.17070913314819 1.62011504173279 0.577196255326271
1.61036427500108 4.19232761859894 1.75632661581039 0.671103328466415
1.77241568887504 4.19232761859894 1.92137837409973 0.689525783061981
1.95077438250316 4.19232761859894 2.10756582021713 0.801084816455841
2.14708136207369 4.19232761859894 2.30614244937897 0.871629536151886
2.36314276869316 4.19232761859894 2.53437328338623 0.871629536151886
2.60094649596008 4.19232761859894 2.76123583316803 0.984197974205017
2.86268047976978 4.19232761859894 2.99936974048615 1.10776078701019
3.15075282862747 4.19232761859894 3.16407179832458 1.10776078701019
3.46781397968047 4.19232761859894 3.4987291097641 1.1406597495079
3.81678108431816 4.19232761859894 3.76547944545746 1.28711044788361
4.2008648477019 4.19232761859894 4.1718213558197 1.35097627341747
4.62790519502682 4.19232761859894 4.32749199867249 1.38151870667934
5.09361260779729 4.19232761859894 4.7363748550415 1.5625097155571
5.6061842896419 4.19232761859894 5.09821891784668 1.56789813935757
6.17033620525356 4.19232761859894 5.4802143573761 1.62493580579758
6.79125888819023 4.19232761859894 5.97196936607361 1.80052483081818
7.47466519687438 4.19232761859894 6.60014748573303 1.86295092105865
8.22684287629239 4.19232761859894 6.67848968505859 1.97228842973709
9.05471240899251 4.19232761859894 6.79096841812134 2.02775460481644
9.96589068764523 4.19232761859894 6.79096841812134 2.36962173879147
10.9687610949915 4.19232761859894 6.79096841812134 2.36962173879147
12.072550635956 4.19232761859894 6.79096841812134 2.55591261386871
13.2874148315868 4.19232761859894 6.79096841812134 2.6892127841711
14.6245311558961 4.19232761859894 6.79096841812134 2.79237818717957
16.0962018752773 4.19232761859894 6.79096841812134 3.10593318939209
17.7159672366814 4.19232761859894 7.15730094909668 3.22653126716614
19.4987300459514 4.19232761859894 7.15730094909668 3.22653126716614
21.4808800919766 4.19232761859894 7.15730094909668 3.22653126716614
23.6425071500281 4.19232761859894 7.15730094909668 3.97405898571014
26.0216593522121 4.19232761859894 7.15730094909668 3.97405898571014
28.6402263154973 4.19232761859894 7.15730094909668 4.37157374620438
31.5223004152183 4.19232761859894 7.15730094909668 4.47411823272705
34.6943984492749 4.19232761859894 7.15730094909668 5.36790527403355
38.1857056084627 4.19232761859894 7.15730094909668 6.80354106426239
42.0283439976073 4.19232761859894 7.15730094909668 7.13178014755249
46.2576681780564 4.19232761859894 7.15730094909668 8.05958127975464
50.9125904506965 4.19232761859894 7.15730094909668 8.05958127975464
56.0359388722924 4.19232761859894 7.15730094909668 8.05958127975464
61.674851299112 4.19232761859894 7.15730094909668 8.50530290603638
67.8812090832727 4.19232761859894 7.15730094909668 9.37342870235443
74.7121144120754 4.19232761859894 7.15730094909668 9.87348794937134
82.2304156821292 4.19232761859894 7.15730094909668 13.1393599510193
90.5052857420251 4.19232761859894 7.2618613243103 13.6177366785705
99.7056313992196 4.19232761859894 7.42660284042358 16.564884185791
109.739037374665 4.19232761859894 7.42660284042358 17.7232112884521
120.782107840023 4.19232761859894 7.42660284042358 20.8291444778442
132.936445619368 4.19232761859894 7.89749574661255 20.8291444778442
146.313877857786 4.19232761859894 7.89749574661255 20.8291444778442
161.037484897703 4.19232761859894 7.89749574661255 20.8291444778442
177.242732691319 4.19232761859894 7.89749574661255 20.8291444778442
195.078719168039 4.19232761859894 7.89749574661255 20.8291444778442
214.709546024206 4.19232761859894 7.89749574661255 20.8291444778442
214.909512828253 4.19232761859894 7.89749574661255 20.8291444778442
