0.0387145280838013 0.586059033870697 0.00857561826705933 0.00537145137786865
0.0387500300966981 0.586059033870697 0.00857561826705933 0.00537145137786865
0.0425866726076336 0.586059033870697 0.00857561826705933 0.00537145137786865
0.0468031812946723 0.586059033870697 0.00857561826705933 0.00537145137786865
0.0514371667278207 0.586059033870697 0.00857561826705933 0.00537145137786865
0.0565299633015929 0.586059033870697 0.00857561826705933 0.00537145137786865
0.0621269979310704 0.586059033870697 0.00857561826705933 0.00537145137786865
0.068278195252578 0.586059033870697 0.00857561826705933 0.00537145137786865
0.0750384229432996 0.586059033870697 0.0172682404518127 0.010668158531189
0.0824679811320132 0.586059033870697 0.0172682404518127 0.010668158531189
0.0907162527069789 0.586059033870697 0.0316153168678284 0.0180640071630478
0.0996980736423392 0.586059033870697 0.0316153168678284 0.0180640071630478
0.109569185139287 0.586059033870697 0.0316153168678284 0.0180640071630478
0.120417635902936 0.586059033870697 0.0316153168678284 0.0180640071630478
0.132340192345309 0.586059033870697 0.0316153168678284 0.0180640071630478
0.145443201725957 0.99837489426136 0.0695570707321167 0.0297973155975342
0.159843540752169 0.99837489426136 0.0695570707321167 0.0297973155975342
0.175669658100152 0.99837489426136 0.0695570707321167 0.0458333492279053
0.193062720156276 0.99837489426136 0.0830233544111252 0.0480550527572632
0.212177870198225 2.30101633071899 0.107238173484802 0.0566314458847046
0.233185612247737 2.30101633071899 0.107238173484802 0.0661102533340454
0.25627333193868 2.30101633071899 0.122398763895035 0.071862205862999
0.281646967966354 2.74790793657303 0.144425734877586 0.0762752294540405
0.309532849027073 2.74790793657303 0.155311107635498 0.0867787152528763
0.340179712633237 2.74790793657303 0.183470487594604 0.0945448875427246
0.373860923811385 2.74790793657303 0.206395119428635 0.110857605934143
0.411253695994416 3.10663169622421 0.247803434729576 0.122273236513138
0.451971945990459 3.13343650102615 0.292794436216354 0.134370565414429
0.496721712052834 3.13343650102615 0.31640100479126 0.149532556533813
0.54590215479858 3.56563341617584 0.338675409555435 0.168678283691406
0.599951955758347 3.7056565284729 0.384324461221695 0.188871502876282
0.659353230344131 3.7056565284729 0.42867024242878 0.204199433326721
0.724635828240139 3.7056565284729 0.468381837010384 0.221855789422989
0.796382059575582 3.7056565284729 0.50066202878952 0.254132091999054
0.875231889036086 3.84656143188477 0.588332116603851 0.273935914039612
0.961888644244345 3.84656143188477 0.639148563146591 0.298745885491371
1.05712528932784 3.93300080299377 0.694585636258125 0.332069039344788
1.16179131963283 3.93300080299377 0.757762238383293 0.364626526832581
1.27682033908432 4.04104995727539 0.82011316716671 0.402318567037582
1.4032383877809 4.04104995727539 0.935256689786911 0.447211086750031
1.54217309410505 4.19232761859894 1.00820556282997 0.491283223032951
1.69486373298454 4.19232761859894 1.12730294466019 0.551125884056091
1.86438038854372 4.19232761859894 1.25597041845322 0.593623340129852
2.0489727885339 4.19232761859894 1.35673433542252 0.654341101646423
2.25184169172242 4.19232761859894 1.52189508080482 0.719214558601379
2.4747966556489 4.19232761859894 1.64377403259277 0.789100527763367
2.7198264022398 4.19232761859894 1.83498775959015 0.871975541114807
2.98911655688376 4.19232761859894 2.02848494052887 0.948874920606613
3.28506914385371 4.19232761859894 2.17871059477329 1.04542350769043
3.61032401197175 4.19232761859894 2.45904016494751 1.14276775717735
3.96778238163021 4.19232761859894 2.66162419319153 1.28813648223877
4.36063272320454 4.19232761859894 2.919191256864 1.38103783130646
4.79237919768918 4.19232761859894 3.26563251018524 1.51345217227936
5.2668729132423 4.19232761859894 3.64067973266356 1.67365115880966
5.78834627644265 4.19232761859894 3.88142508268356 1.84500342607498
6.36145074466621 4.19232761859894 4.10159894824028 2.00799626111984
6.99129831632754 4.19232761859894 4.55374790728092 2.28291690349579
7.68350712907217 4.19232761859894 5.00529211759567 2.43953204154968
8.45199512379247 4.19232761859894 5.55187714099884 2.67428886890411
9.28882760400582 4.19232761859894 5.86022126674652 2.99325421452522
10.2085149119472 4.19232761859894 6.1758885383606 3.25696748495102
11.2192605084528 4.19232761859894 6.66660404205322 3.5503363609314
12.330080079446 4.19232761859894 6.72724914550781 3.86383876204491
13.5508819543863 4.19232761859894 6.74543857574463 4.23469913005829
14.8925554869521 4.19232761859894 6.74543857574463 4.61505210399628
16.3670681863003 4.19232761859894 6.77186346054077 4.98298835754395
17.9875724652967 4.19232761859894 6.77186346054077 5.22781538963318
19.7685229578944 4.19232761859894 6.77186346054077 5.69456005096436
21.7258054521118 4.19232761859894 6.77186346054077 6.07379555702209
23.8768785886714 4.19232761859894 6.77186346054077 6.45633482933044
26.2409295892292 4.19232761859894 6.77186346054077 6.95798206329346
28.8390454032626 4.19232761859894 6.77186346054077 7.37414121627808
31.6944008002223 4.19232761859894 6.77186346054077 7.90399527549744
34.8324650846968 4.19232761859894 6.77186346054077 8.57984089851379
38.3163339475004 4.19232761859894 6.77186346054077 9.78481578826904
42.1100361799719 4.19232761859894 6.77186346054077 12.9375239610672
46.2793530693252 4.19232761859894 6.80249309539795 13.770094871521
50.8614742424258 4.19232761859894 6.80249309539795 15.053635597229
55.8972714730444 4.19232761859894 6.80249309539795 15.053635597229
61.4316632514152 4.19232761859894 6.80249309539795 15.1206288337708
67.5140154498445 4.19232761859894 6.80249309539795 19.5199213027954
74.1985816582434 4.19232761859894 6.80249309539795 22.8455648422241
81.5449871173038 4.19232761859894 6.80249309539795 23.4772040843964
89.6187605659235 4.19232761859894 7.07931137084961 27.9186806678772
98.4919187468734 4.19232761859894 7.07931137084961 32.1401998996735
108.243608784401 4.19232761859894 7.3602032661438 33.5699353218079
118.960814163673 4.19232761859894 7.3602032661438 35.1086692810059
130.739130609284 4.19232761859894 7.3602032661438 40.0518283843994
143.683618783529 4.19232761859894 7.3602032661438 40.1878471374512
157.909741410383 4.19232761859894 7.3602032661438 41.699107170105
173.703536936922 4.19232761859894 7.3602032661438 53.9204950332642
190.901933233621 4.19232761859894 7.3602032661438 53.9204950332642
209.803143649102 4.19232761859894 7.3602032661438 68.9741306304932
230.575763898515 4.19232761859894 7.63702154159546 72.6822090148926
253.405082367608 4.19232761859894 7.63702154159546 74.5884208679199
278.494732854913 4.19232761859894 7.63702154159546 76.0996809005737
306.068510952025 4.19232761859894 7.63702154159546 76.0996809005737
336.372370263797 4.19232761859894 7.63702154159546 88.7202377319336
369.676616274388 4.19232761859894 7.63702154159546 88.7202377319336
370.015617281199 4.19232761859894 7.63702154159546 88.7202377319336
