0.0194894644874591 0.586059033870697 0.00794076919555664 0.00189030170440674
0.0195076157341004 0.586059033870697 0.00794076919555664 0.00189030170440674
0.0214706726399789 0.586059033870697 0.00794076919555664 0.00189030170440674
0.0236312725192399 0.586059033870697 0.00794076919555664 0.00189030170440674
0.0260092941773403 0.586059033870697 0.00794076919555664 0.00189030170440674
0.02862661682957 0.586059033870697 0.00794076919555664 0.00189030170440674
0.0315073214028609 0.586059033870697 0.0165475606918335 0.00253258645534515
0.0346779120946542 0.586059033870697 0.0165475606918335 0.00253258645534515
0.0381675602272991 0.586059033870697 0.0165475606918335 0.00253258645534515
0.0420083726415892 0.586059033870697 0.0165475606918335 0.00253258645534515
0.0462787480746938 0.586059033870697 0.0165475606918335 0.00253258645534515
0.0509357916233132 0.586059033870697 0.0165475606918335 0.00253258645534515
0.056061474785492 0.586059033870697 0.0165475606918335 0.00253258645534515
0.0617029568985016 0.586059033870697 0.0165475606918335 0.00253258645534515
0.0679121429571029 0.586059033870697 0.0263537764549255 0.00253258645534515
0.0747461611704054 0.768446087837219 0.0460898727178574 0.0136999189853668
0.0822678885754094 0.967256665229797 0.0460898727178574 0.018075704574585
0.0905465295431877 1.00701880455017 0.0460898727178574 0.0232968330383301
0.0996582525003081 1.9137766957283 0.0497357249259949 0.0286787748336792
0.109686890723714 1.9137766957283 0.093739926815033 0.0466240048408508
0.120724713656792 1.9137766957283 0.09517502784729 0.0466240048408508
0.132873275843195 2.74790793657303 0.09517502784729 0.0501574575901031
0.146244351289115 2.74790793657303 0.123172760009766 0.0618696808815002
0.160960961850701 2.74790793657303 0.129830613732338 0.0748624354600906
0.177158509108387 2.74790793657303 0.163144826889038 0.0771679282188416
0.194986020142061 2.80583125352859 0.205589413642883 0.0856526345014572
0.214807390451206 2.80583125352859 0.210799869149923 0.0921560823917389
0.23642351909587 3.39448344707489 0.237795528024435 0.106230832636356
0.260214884898814 3.51117664575577 0.277304664254189 0.122125327587128
0.286400382592417 3.51117664575577 0.281988855451345 0.133164204657078
0.315220934348083 3.56563341617584 0.323752284049988 0.149462379515171
0.346941706403675 3.56563341617584 0.359400972723961 0.159330308437347
0.381854548750803 3.56563341617584 0.40990823507309 0.17781388759613
0.420280680328535 3.62527656555176 0.438190802931786 0.199005842208862
0.462573644428912 3.84656143188477 0.488996040076017 0.219753712415695
0.509122561505755 3.84656143188477 0.53720073774457 0.241170257329941
0.560355709314554 3.93300080299377 0.603425037115812 0.267906069755554
0.616744463322841 3.98659324645996 0.664296075701714 0.293925255537033
0.678807633645181 3.98659324645996 0.742091704159975 0.319212853908539
0.74711623840516 4.04104995727539 0.82321110367775 0.358647495508194
0.822298757442146 4.06265139579773 0.907726615667343 0.393302090466022
0.90504691470005 4.17070913314819 0.997272849082947 0.432523667812347
0.997049767162749 4.17070913314819 1.10117326676846 0.482307314872742
1.0973831681079 4.17070913314819 1.21406279504299 0.525402761995792
1.207813147656 4.17070913314819 1.33061008527875 0.578739553689957
1.32935572737641 4.17070913314819 1.48142236471176 0.641003213822842
1.46312917137724 4.17070913314819 1.62031102180481 0.694645881652832
1.61036427500108 4.19232761859894 1.74839007854462 0.772223018109798
1.77241568887504 4.19232761859894 1.91359400749207 0.85070726275444
1.95077438250316 4.19232761859894 2.14995884895325 0.932924419641495
2.14708136207369 4.19232761859894 2.33918440341949 1.03763642907143
2.36314276869316 4.19232761859894 2.57512295246124 1.13290491700172
2.60094649596008 4.19232761859894 2.75256741046906 1.25432452559471
2.86268047976978 4.19232761859894 3.03774380683899 1.37603712081909
3.15075282862747 4.19232761859894 3.25855433940887 1.52992129325867
3.46781397968047 4.19232761859894 3.53936541080475 1.66653448343277
3.81678108431816 4.19232761859894 3.8250904083252 1.83518320322037
4.2008648477019 4.19232761859894 4.26604604721069 2.03636818379164
4.62790519502682 4.19232761859894 4.40365362167358 2.2553408741951
5.09361260779729 4.19232761859894 4.79059314727783 2.4721348285675
5.6061842896419 4.19232761859894 5.16955924034119 2.69717490673065
6.17033620525356 4.19232761859894 5.51381254196167 2.95141696929932
6.79125888819023 4.19232761859894 5.99329042434692 3.2017434835434
7.47466519687438 4.19232761859894 6.60966372489929 3.51788735389709
8.22684287629239 4.19232761859894 6.6258373260498 3.80200779438019
9.05471240899251 4.19232761859894 6.66562843322754 4.13644570112228
9.96589068764523 4.19232761859894 6.66562843322754 4.49939060211182
10.9687610949915 4.19232761859894 6.66562843322754 4.8164244890213
12.072550635956 4.19232761859894 6.66562843322754 5.26934957504272
13.2874148315868 4.19232761859894 6.66562843322754 5.7808598279953
14.6245311558961 4.19232761859894 6.66562843322754 6.16995763778687
16.0962018752773 4.19232761859894 6.66562843322754 6.66065629571676
17.7159672366814 4.19232761859894 6.66562843322754 7.32250249385834
19.4987300459514 4.19232761859894 6.66562843322754 7.88508379459381
21.4808800919766 4.19232761859894 6.66562843322754 8.29322636127472
23.6425071500281 4.19232761859894 6.66562843322754 8.92650747299194
26.0216593522121 4.19232761859894 6.66562843322754 10.183895111084
28.6402263154973 4.19232761859894 6.66562843322754 11.1523624658585
31.5223004152183 4.19232761859894 6.66562843322754 12.0288718938828
34.6943984492749 4.19232761859894 6.66562843322754 13.1336898803711
38.1857056084627 4.19232761859894 6.66562843322754 13.9122253656387
42.0283439976073 4.19232761859894 6.66562843322754 13.9122253656387
46.2576681780564 4.19232761859894 6.66562843322754 15.6856603622437
50.9125904506965 4.19232761859894 6.66562843322754 16.930908203125
56.0359388722924 4.19232761859894 6.66562843322754 19.2815871238708
61.674851299112 4.19232761859894 6.66562843322754 21.6702280044556
67.8812090832727 4.19232761859894 6.66562843322754 23.6700563430786
74.7121144120754 4.19232761859894 6.66562843322754 27.042837023735
82.2304156821292 4.19232761859894 6.66562843322754 29.4905947074294
90.5052857420251 4.19232761859894 6.66562843322754 30.8374000787735
99.7056313992196 4.19232761859894 7.48731446266174 30.8374000787735
109.739037374665 4.19232761859894 7.48731446266174 30.8374000787735
120.782107840023 4.19232761859894 7.48731446266174 30.8374000787735
132.936445619368 4.19232761859894 7.48731446266174 30.8374000787735
146.313877857786 4.19232761859894 7.48731446266174 30.8374000787735
161.037484897703 4.19232761859894 7.48731446266174 30.8374000787735
177.242732691319 4.19232761859894 7.48731446266174 30.8374000787735
195.078719168039 4.19232761859894 7.48731446266174 30.8374000787735
214.709546024206 4.19232761859894 7.48731446266174 30.8374000787735
214.909512828253 4.19232761859894 7.48731446266174 30.8374000787735
