0.0387145280838013 0.586059033870697 0.00808262825012207 0.00157111883163452
0.0387500300966981 0.586059033870697 0.00808262825012207 0.00157111883163452
0.0425866726076336 0.586059033870697 0.00808262825012207 0.00157111883163452
0.0468031812946723 0.586059033870697 0.00808262825012207 0.00157111883163452
0.0514371667278207 0.586059033870697 0.00808262825012207 0.00157111883163452
0.0565299633015929 0.586059033870697 0.00808262825012207 0.00157111883163452
0.0621269979310704 0.586059033870697 0.00808262825012207 0.00157111883163452
0.068278195252578 0.586059033870697 0.00808262825012207 0.00157111883163452
0.0750384229432996 0.586059033870697 0.0167067646980286 0.00195160880684853
0.0824679811320132 0.586059033870697 0.0167067646980286 0.00195160880684853
0.0907162527069789 0.586059033870697 0.0167067646980286 0.00195160880684853
0.0996980736423392 0.586059033870697 0.0167067646980286 0.00195160880684853
0.109569185139287 0.586059033870697 0.0167067646980286 0.00195160880684853
0.120417635902936 0.586059033870697 0.0167067646980286 0.00195160880684853
0.132340192345309 0.586059033870697 0.0167067646980286 0.00195160880684853
0.145443201725957 0.586059033870697 0.0167067646980286 0.00195160880684853
0.159843540752169 0.967256665229797 0.0462950021028519 0.0138663053512573
0.175669658100152 0.967256665229797 0.0498835444450378 0.0138663053512573
0.193062720156276 0.967256665229797 0.0819717198610306 0.0187398642301559
0.212177870198225 1.85931992530823 0.0869603157043457 0.0197831094264984
0.233185612247737 1.9137766957283 0.0869603157043457 0.0279537439346313
0.25627333193868 1.9137766957283 0.0960310697555542 0.0300837494432926
0.281646967966354 2.74790793657303 0.142640635371208 0.041237860918045
0.309532849027073 2.74790793657303 0.153782844543457 0.041237860918045
0.340179712633237 2.74790793657303 0.177209615707397 0.0568877458572388
0.373860923811385 2.74790793657303 0.205107539892197 0.0654597580432892
0.411253695994416 3.10663169622421 0.245301056653261 0.065760999917984
0.451971945990459 3.10663169622421 0.290263324975967 0.0734371840953827
0.496721712052834 3.12219077348709 0.290263324975967 0.0936294794082642
0.54590215479858 3.56563341617584 0.335578829050064 0.0996141657233238
0.599951955758347 3.56563341617584 0.378071695566177 0.110055893659592
0.659353230344131 3.56563341617584 0.425998315215111 0.123935177922249
0.724635828240139 3.56563341617584 0.426865089684725 0.135647982358932
0.796382059575582 3.56563341617584 0.496598690748215 0.146695479750633
0.875231889036086 3.84656143188477 0.523484200239182 0.16875009983778
0.961888644244345 3.84656143188477 0.629612535238266 0.189170144498348
1.05712528932784 3.84656143188477 0.654228255152702 0.202597573399544
1.16179131963283 3.84656143188477 0.74267253279686 0.220806434750557
1.27682033908432 3.98659324645996 0.802590131759644 0.251043081283569
1.4032383877809 4.04104137420654 0.92401334643364 0.268624901771545
1.54217309410505 4.04104995727539 0.998125404119492 0.30429482460022
1.69486373298454 4.17070913314819 1.1197509765625 0.335251808166504
1.86438038854372 4.17070913314819 1.24294918775558 0.362628638744354
2.0489727885339 4.17070913314819 1.31636047363281 0.398464441299438
2.25184169172242 4.17070913314819 1.45359221100807 0.437267698347569
2.4747966556489 4.17070913314819 1.63036017119884 0.489921987056732
2.7198264022398 4.17070913314819 1.78514201939106 0.541971489787102
2.98911655688376 4.19232761859894 2.011494114995 0.604572206735611
3.28506914385371 4.19232761859894 2.15806014835835 0.660227298736572
3.61032401197175 4.19232761859894 2.43939179182053 0.729314789175987
3.96778238163021 4.19232761859894 2.62501978874207 0.799279391765594
4.36063272320454 4.19232761859894 2.8939862428233 0.87232893705368
4.79237919768918 4.19232761859894 3.17305037379265 0.973588526248932
5.2668729132423 4.19232761859894 3.61120893340558 1.08250987529755
5.78834627644265 4.19232761859894 3.83035308122635 1.18049536645412
6.36145074466621 4.19232761859894 4.07060113549232 1.27974478155375
6.99129831632754 4.19232761859894 4.5046950429678 1.41203461587429
7.68350712907217 4.19232761859894 4.95181715488434 1.58692091703415
8.45199512379247 4.19232761859894 5.32246953248978 1.74579757452011
9.28882760400582 4.19232761859894 5.53076756000519 1.8669508099556
10.2085149119472 4.19232761859894 6.07204651832581 2.04812049865723
11.2192605084528 4.19232761859894 6.53735327720642 2.31965637207031
12.330080079446 4.19232761859894 6.61311030387878 2.52847111225128
13.5508819543863 4.19232761859894 6.62881970405579 2.74987262487411
14.8925554869521 4.19232761859894 6.64233160018921 2.95530617237091
16.3670681863003 4.19232761859894 6.66921877861023 3.13301818445325
17.9875724652967 4.19232761859894 6.68492817878723 3.38647508621216
19.7685229578944 4.19232761859894 6.68492817878723 3.79730987548828
21.7258054521118 4.19232761859894 6.68492817878723 4.3120488524437
23.8768785886714 4.19232761859894 6.68492817878723 4.79438155889511
26.2409295892292 4.19232761859894 6.68492817878723 5.41194480657578
28.8390454032626 4.19232761859894 6.68492817878723 5.76970148086548
31.6944008002223 4.19232761859894 6.68492817878723 6.44832046329975
34.8324650846968 4.19232761859894 6.68492817878723 6.95491135120392
38.3163339475004 4.19232761859894 6.68492817878723 7.22709971666336
42.1100361799719 4.19232761859894 6.68492817878723 7.49506694078445
46.2793530693252 4.19232761859894 6.68492817878723 7.49506694078445
50.8614742424258 4.19232761859894 6.68492817878723 7.49506694078445
55.8972714730444 4.19232761859894 6.68492817878723 7.49506694078445
61.4316632514152 4.19232761859894 6.68492817878723 7.49506694078445
67.5140154498445 4.19232761859894 6.68492817878723 8.40752410888672
74.1985816582434 4.19232761859894 6.68492817878723 9.87143230438232
81.5449871173038 4.19232761859894 6.68492817878723 9.87143230438232
89.6187605659235 4.19232761859894 6.68492817878723 10.7864475250244
98.4919187468734 4.19232761859894 6.68492817878723 11.6811628341675
108.243608784401 4.19232761859894 7.47069549560547 13.3590698242188
118.960814163673 4.19232761859894 7.47069549560547 14.8229780197144
130.739130609284 4.19232761859894 7.47069549560547 17.3044147491455
143.683618783529 4.19232761859894 7.47069549560547 17.3044147491455
157.909741410383 4.19232761859894 7.47069549560547 17.3044147491455
173.703536936922 4.19232761859894 7.47069549560547 17.3044147491455
190.901933233621 4.19232761859894 7.47069549560547 17.3044147491455
209.803143649102 4.19232761859894 7.47069549560547 17.3044147491455
230.575763898515 4.19232761859894 7.47069549560547 17.3044147491455
253.405082367608 4.19232761859894 7.47069549560547 17.3044147491455
278.494732854913 4.19232761859894 7.47069549560547 17.3044147491455
306.068510952025 4.19232761859894 7.47069549560547 17.3044147491455
336.372370263797 4.19232761859894 7.47069549560547 17.3044147491455
369.676616274388 4.19232761859894 7.47069549560547 17.3044147491455
370.015617281199 4.19232761859894 7.47069549560547 17.3044147491455
