0.0387145280838013 0.586059033870697 0.00902688503265381 0.00165069103240967
0.0387500300966981 0.586059033870697 0.00902688503265381 0.00165069103240967
0.0425866726076336 0.586059033870697 0.00902688503265381 0.00165069103240967
0.0468031812946723 0.586059033870697 0.00902688503265381 0.00165069103240967
0.0514371667278207 0.586059033870697 0.00902688503265381 0.00165069103240967
0.0565299633015929 0.586059033870697 0.00902688503265381 0.00165069103240967
0.0621269979310704 0.586059033870697 0.00902688503265381 0.00165069103240967
0.068278195252578 0.586059033870697 0.00902688503265381 0.00165069103240967
0.0750384229432996 0.586059033870697 0.0179229974746704 0.00461548566818237
0.0824679811320132 0.586059033870697 0.0179229974746704 0.00461548566818237
0.0907162527069789 0.586059033870697 0.0316219329833984 0.00461548566818237
0.0996980736423392 0.586059033870697 0.0316219329833984 0.00461548566818237
0.109569185139287 0.586059033870697 0.0316219329833984 0.00461548566818237
0.120417635902936 0.586059033870697 0.0316219329833984 0.00461548566818237
0.132340192345309 0.586059033870697 0.0316219329833984 0.00461548566818237
0.145443201725957 0.99837489426136 0.0625177025794983 0.0278972387313843
0.159843540752169 0.99837489426136 0.0625177025794983 0.0334678888320923
0.175669658100152 0.99837489426136 0.0625177025794983 0.0385169386863708
0.193062720156276 0.99837489426136 0.0858319997787476 0.0395725816488266
0.212177870198225 2.30101633071899 0.109948873519897 0.046592503786087
0.233185612247737 2.30101633071899 0.109948873519897 0.055613785982132
0.25627333193868 2.30101633071899 0.12518721818924 0.0701157450675964
0.281646967966354 2.74790793657303 0.146714389324188 0.0799948573112488
0.309532849027073 2.74790793657303 0.159407734870911 0.0911974757909775
0.340179712633237 2.74790793657303 0.186208486557007 0.0954823195934296
0.373860923811385 2.74790793657303 0.20981153845787 0.106605842709541
0.411253695994416 3.10663169622421 0.254693150520325 0.116154909133911
0.451971945990459 3.13343650102615 0.299954980611801 0.130020648241043
0.496721712052834 3.13343650102615 0.310506761074066 0.142525792121887
0.54590215479858 3.56563341617584 0.345506727695465 0.156388133764267
0.599951955758347 3.7056565284729 0.383828431367874 0.17868572473526
0.659353230344131 3.7056565284729 0.438610047101974 0.195232748985291
0.724635828240139 3.7056565284729 0.477622926235199 0.210328847169876
0.796382059575582 3.7056565284729 0.513326168060303 0.225945115089417
0.875231889036086 3.84656143188477 0.589849501848221 0.259954899549484
0.961888644244345 3.84656143188477 0.64023157954216 0.281312763690948
1.05712528932784 3.93300080299377 0.702062100172043 0.305811166763306
1.16179131963283 3.93300080299377 0.77513824403286 0.353878617286682
1.27682033908432 4.04104995727539 0.836929053068161 0.36832121014595
1.4032383877809 4.04104995727539 0.944174200296402 0.40200936794281
1.54217309410505 4.19232761859894 1.02104231715202 0.445738434791565
1.69486373298454 4.19232761859894 1.15216910839081 0.486618742346764
1.86438038854372 4.19232761859894 1.27129685878754 0.534191995859146
2.0489727885339 4.19232761859894 1.37905007600784 0.583255529403687
2.25184169172242 4.19232761859894 1.54692834615707 0.652948558330536
2.4747966556489 4.19232761859894 1.67825256288052 0.70667564868927
2.7198264022398 4.19232761859894 1.86412751674652 0.773288011550903
2.98911655688376 4.19232761859894 2.07382133603096 0.856465458869934
3.28506914385371 4.19232761859894 2.20656403899193 0.948518455028534
3.61032401197175 4.19232761859894 2.50185292959213 1.01312087476254
3.96778238163021 4.19232761859894 2.6767480969429 1.12196320295334
4.36063272320454 4.19232761859894 2.97918626666069 1.21826910972595
4.79237919768918 4.19232761859894 3.32027351856232 1.3895657658577
5.2668729132423 4.19232761859894 3.71489831805229 1.46373614668846
5.78834627644265 4.19232761859894 3.89264810085297 1.64017257094383
6.36145074466621 4.19232761859894 4.169612377882 1.8448668718338
6.99129831632754 4.19232761859894 4.59994378685951 1.92028686404228
7.68350712907217 4.19232761859894 5.03458857536316 2.12616163492203
8.45199512379247 4.19232761859894 5.54521083831787 2.3423028588295
9.28882760400582 4.19232761859894 5.78469741344452 2.6941077709198
10.2085149119472 4.19232761859894 6.08251655101776 2.86410290002823
11.2192605084528 4.19232761859894 6.50921750068665 3.14276570081711
12.330080079446 4.19232761859894 6.59833741188049 3.59894955158234
13.5508819543863 4.19232761859894 6.62041783332825 4.03545451164246
14.8925554869521 4.19232761859894 6.65464520454407 4.43261313438416
16.3670681863003 4.19232761859894 6.74423241615295 4.65742254257202
17.9875724652967 4.19232761859894 6.74423241615295 5.10313791036606
19.7685229578944 4.19232761859894 6.74423241615295 5.50137209892273
21.7258054521118 4.19232761859894 6.74423241615295 5.99993968009949
23.8768785886714 4.19232761859894 6.74423241615295 6.65357303619385
26.2409295892292 4.19232761859894 6.74423241615295 7.12349632382393
28.8390454032626 4.19232761859894 6.74423241615295 7.98155027627945
31.6944008002223 4.19232761859894 6.74423241615295 8.70007580518723
34.8324650846968 4.19232761859894 6.74423241615295 9.3318030834198
38.3163339475004 4.19232761859894 6.74423241615295 10.273389339447
42.1100361799719 4.19232761859894 6.74423241615295 11.3094082474709
46.2793530693252 4.19232761859894 6.89198994636536 12.4686622619629
50.8614742424258 4.19232761859894 6.89198994636536 13.9832668304443
55.8972714730444 4.19232761859894 6.89198994636536 15.133919775486
61.4316632514152 4.19232761859894 6.89198994636536 16.4522686004639
67.5140154498445 4.19232761859894 6.89198994636536 18.8358135223389
74.1985816582434 4.19232761859894 6.89198994636536 20.6347229480743
81.5449871173038 4.19232761859894 6.89198994636536 22.3545932769775
89.6187605659235 4.19232761859894 7.32831597328186 25.6125500202179
98.4919187468734 4.19232761859894 7.32831597328186 29.7630987167358
108.243608784401 4.19232761859894 7.61247086524963 30.9917576313019
118.960814163673 4.19232761859894 7.61247086524963 33.8853635787964
130.739130609284 4.19232761859894 7.61247086524963 36.5730037689209
143.683618783529 4.19232761859894 7.61247086524963 39.8863315582275
157.909741410383 4.19232761859894 7.61247086524963 42.474663734436
173.703536936922 4.19232761859894 7.61247086524963 49.97412109375
190.901933233621 4.19232761859894 7.61247086524963 51.061580657959
209.803143649102 4.19232761859894 7.86449551582336 62.2219190597534
230.575763898515 4.19232761859894 8.04879689216614 65.7312164306641
253.405082367608 4.19232761859894 8.04879689216614 71.0246391296387
278.494732854913 4.19232761859894 8.04879689216614 73.6129713058472
306.068510952025 4.19232761859894 8.04879689216614 73.6129713058472
336.372370263797 4.19232761859894 8.30082154273987 92.5058631896973
369.676616274388 4.19232761859894 8.30082154273987 92.5058631896973
370.015617281199 4.19232761859894 8.30082154273987 92.5058631896973
