0.0194894644874591 0.586059033870697 0.00927251577377319 0.00463855266571045
0.0195076157341004 0.586059033870697 0.00927251577377319 0.00463855266571045
0.0214706726399789 0.586059033870697 0.00927251577377319 0.00463855266571045
0.0236312725192399 0.586059033870697 0.00927251577377319 0.00463855266571045
0.0260092941773403 0.586059033870697 0.00927251577377319 0.00463855266571045
0.02862661682957 0.586059033870697 0.00927251577377319 0.00463855266571045
0.0315073214028609 0.586059033870697 0.0181495845317841 0.00463855266571045
0.0346779120946542 0.586059033870697 0.0181495845317841 0.00463855266571045
0.0381675602272991 0.586059033870697 0.0181495845317841 0.00463855266571045
0.0420083726415892 0.586059033870697 0.0181495845317841 0.00463855266571045
0.0462787480746938 0.586059033870697 0.0321884155273438 0.00463855266571045
0.0509357916233132 0.586059033870697 0.0321884155273438 0.00463855266571045
0.056061474785492 0.586059033870697 0.0321884155273438 0.00463855266571045
0.0617029568985016 0.586059033870697 0.0321884155273438 0.00463855266571045
0.0679121429571029 0.651752918958664 0.0321884155273438 0.0121051073074341
0.0747461611704054 0.768446087837219 0.0448585152626038 0.0244840383529663
0.0822678885754094 0.967256665229797 0.0448585152626038 0.0345267057418823
0.0905465295431877 1.00701880455017 0.0472674965858459 0.0345267057418823
0.0996582525003081 1.9137766957283 0.0665286183357239 0.038341224193573
0.109686890723714 2.30101633071899 0.0988517999649048 0.0639769434928894
0.120724713656792 2.30101633071899 0.0988517999649048 0.0639769434928894
0.132873275843195 2.74790793657303 0.104590862989426 0.0721988081932068
0.146244351289115 2.74790793657303 0.139217026531696 0.0808144211769104
0.160960961850701 2.74790793657303 0.166435480117798 0.0817844271659851
0.177158509108387 2.74790793657303 0.17592516541481 0.0980090796947479
0.194986020142061 2.80583125352859 0.209993243217468 0.115235865116119
0.214807390451206 3.0089550614357 0.227167554199696 0.131545692682266
0.23642351909587 3.39448344707489 0.250564699992537 0.137646019458771
0.260214884898814 3.51117664575577 0.284376807510853 0.152965307235718
0.286400382592417 3.51117664575577 0.294989168643951 0.170871585607529
0.315220934348083 3.7056565284729 0.346356183290482 0.184446394443512
0.346941706403675 3.7056565284729 0.373210646212101 0.209242463111877
0.381854548750803 3.7056565284729 0.430734515190125 0.230052888393402
0.420280680328535 3.70566511154175 0.462018556892872 0.258161306381226
0.462573644428912 3.84656143188477 0.498706286773086 0.284266412258148
0.509122561505755 3.93300080299377 0.567850284278393 0.312005758285522
0.560355709314554 3.93300080299377 0.629944950342178 0.340230941772461
0.616744463322841 4.19232761859894 0.682708136737347 0.377569139003754
0.678807633645181 4.19232761859894 0.764882981777191 0.419933408498764
0.74711623840516 4.19232761859894 0.85133969783783 0.466636419296265
0.822298757442146 4.19232761859894 0.940471418201923 0.509844958782196
0.90504691470005 4.19232761859894 1.02895569801331 0.558561146259308
0.997049767162749 4.19232761859894 1.13589644432068 0.623461544513702
1.0973831681079 4.19232761859894 1.26839953660965 0.694066107273102
1.207813147656 4.19232761859894 1.37997155636549 0.758177518844604
1.32935572737641 4.19232761859894 1.52000373601913 0.832376062870026
1.46312917137724 4.19232761859894 1.67788445949554 0.912556648254395
1.61036427500108 4.19232761859894 1.83201366662979 1.00154450535774
1.77241568887504 4.19232761859894 1.98801356554031 1.09984862804413
1.95077438250316 4.19232761859894 2.20596915483475 1.22249442338943
2.14708136207369 4.19232761859894 2.40419912338257 1.34535372257233
2.36314276869316 4.19232761859894 2.64372622966766 1.46390855312347
2.60094649596008 4.19232761859894 2.83706784248352 1.60727161169052
2.86268047976978 4.19232761859894 3.10984742641449 1.80163305997849
3.15075282862747 4.19232761859894 3.36434996128082 1.98230487108231
3.46781397968047 4.19232761859894 3.62143468856812 2.14680260419846
3.81678108431816 4.19232761859894 3.90664374828339 2.35712987184525
4.2008648477019 4.19232761859894 4.33031415939331 2.54585355520248
4.62790519502682 4.19232761859894 4.630934715271 2.79967021942139
5.09361260779729 4.19232761859894 4.89559888839722 3.04413986206055
5.6061842896419 4.19232761859894 5.23729085922241 3.24713945388794
6.17033620525356 4.19232761859894 5.59264612197876 3.54981589317322
6.79125888819023 4.19232761859894 6.20996224880219 3.86863112449646
7.47466519687438 4.19232761859894 6.71629238128662 4.24438142776489
8.22684287629239 4.19232761859894 6.71633625030518 4.43813109397888
9.05471240899251 4.19232761859894 6.79927182197571 4.57854413986206
9.96589068764523 4.19232761859894 6.79927182197571 4.94755554199219
10.9687610949915 4.19232761859894 6.79927182197571 5.11952638626099
12.072550635956 4.19232761859894 6.79927182197571 5.57746338844299
13.2874148315868 4.19232761859894 6.79927182197571 6.06117963790894
14.6245311558961 4.19232761859894 6.79927182197571 6.47703695297241
16.0962018752773 4.19232761859894 6.79927182197571 6.47703695297241
17.7159672366814 4.19232761859894 6.82958209514618 7.08250379562378
19.4987300459514 4.19232761859894 6.82958209514618 7.14960384368896
21.4808800919766 4.19232761859894 6.82958209514618 8.28511476516724
23.6425071500281 4.19232761859894 6.82958209514618 8.83547830581665
26.0216593522121 4.19232761859894 6.94949722290039 10.3307771682739
28.6402263154973 4.19232761859894 6.94949722290039 11.543464422226
31.5223004152183 4.19232761859894 6.94949722290039 12.3470864295959
34.6943984492749 4.19232761859894 6.94949722290039 12.3470864295959
38.1857056084627 4.19232761859894 6.94949722290039 12.3470864295959
42.0283439976073 4.19232761859894 6.94949722290039 12.3470864295959
46.2576681780564 4.19232761859894 6.94949722290039 12.3470864295959
50.9125904506965 4.19232761859894 6.94949722290039 12.3470864295959
56.0359388722924 4.19232761859894 6.94949722290039 12.3470864295959
61.674851299112 4.19232761859894 7.565260887146 12.3470864295959
67.8812090832727 4.19232761859894 7.565260887146 12.3470864295959
74.7121144120754 4.19232761859894 7.565260887146 12.3470864295959
82.2304156821292 4.19232761859894 7.565260887146 12.3470864295959
90.5052857420251 4.19232761859894 7.565260887146 12.3470864295959
99.7056313992196 4.19232761859894 7.565260887146 12.3470864295959
109.739037374665 4.19232761859894 7.565260887146 12.3470864295959
120.782107840023 4.19232761859894 7.565260887146 12.3470864295959
132.936445619368 4.19232761859894 8.08776664733887 12.3470864295959
146.313877857786 4.19232761859894 8.08776664733887 12.3470864295959
161.037484897703 4.19232761859894 8.08776664733887 12.3470864295959
177.242732691319 4.19232761859894 8.08776664733887 12.3470864295959
195.078719168039 4.19232761859894 8.08776664733887 12.3470864295959
214.709546024206 4.19232761859894 8.08776664733887 12.3470864295959
214.909512828253 4.19232761859894 8.08776664733887 12.3470864295959
