0.0194894644874591 0.586059033870697 0.00776934623718262 0.000281810760498047
0.0195076157341004 0.586059033870697 0.00776934623718262 0.000281810760498047
0.0214706726399789 0.586059033870697 0.00776934623718262 0.000281810760498047
0.0236312725192399 0.586059033870697 0.00776934623718262 0.000281810760498047
0.0260092941773403 0.586059033870697 0.00776934623718262 0.000281810760498047
0.02862661682957 0.586059033870697 0.00776934623718262 0.000281810760498047
0.0315073214028609 0.586059033870697 0.0163275897502899 0.00205844640731812
0.0346779120946542 0.586059033870697 0.0163275897502899 0.00205844640731812
0.0381675602272991 0.586059033870697 0.0163275897502899 0.00205844640731812
0.0420083726415892 0.586059033870697 0.0163275897502899 0.00205844640731812
0.0462787480746938 0.586059033870697 0.030363142490387 0.0139352679252625
0.0509357916233132 0.586059033870697 0.030363142490387 0.0139352679252625
0.056061474785492 0.586059033870697 0.030363142490387 0.0139352679252625
0.0617029568985016 0.586059033870697 0.030363142490387 0.0139352679252625
0.0679121429571029 0.651752918958664 0.030363142490387 0.016306608915329
0.0747461611704054 0.768446087837219 0.0481021404266357 0.016306608915329
0.0822678885754094 0.967256665229797 0.0481021404266357 0.0204493403434753
0.0905465295431877 1.00701880455017 0.0481021404266357 0.0299672484397888
0.0996582525003081 1.9137766957283 0.0675250887870789 0.0327188968658447
0.109686890723714 2.30101633071899 0.0954194664955139 0.0412165522575378
0.120724713656792 2.30101633071899 0.0966560244560242 0.0445765852928162
0.132873275843195 2.74790793657303 0.10025155544281 0.04933100938797
0.146244351289115 2.74790793657303 0.136070493608713 0.0575408637523651
0.160960961850701 2.74790793657303 0.161880850791931 0.0691829025745392
0.177158509108387 2.74790793657303 0.170393943786621 0.07344850897789
0.194986020142061 2.80583125352859 0.209989190101624 0.0813775956630707
0.214807390451206 3.0089550614357 0.223832815885544 0.0970174521207809
0.23642351909587 3.39448344707489 0.238560382276773 0.10860288143158
0.260214884898814 3.51117664575577 0.281074553728104 0.114999160170555
0.286400382592417 3.51117664575577 0.286563277244568 0.13304939866066
0.315220934348083 3.7056565284729 0.339203417301178 0.147636830806732
0.346941706403675 3.7056565284729 0.362909436225891 0.159478157758713
0.381854548750803 3.7056565284729 0.419674396514893 0.177337765693665
0.420280680328535 3.70566511154175 0.455382887274027 0.197005271911621
0.462573644428912 3.84656143188477 0.496942047029734 0.217355221509933
0.509122561505755 3.93300080299377 0.555637594312429 0.241007447242737
0.560355709314554 3.93300080299377 0.617429912090302 0.269031643867493
0.616744463322841 4.19232761859894 0.673842191696167 0.288615882396698
0.678807633645181 4.19232761859894 0.753473728895187 0.325693994760513
0.74711623840516 4.19232761859894 0.835444927215576 0.353959590196609
0.822298757442146 4.19232761859894 0.923140585422516 0.394010454416275
0.90504691470005 4.19232761859894 1.01200550794601 0.430768936872482
0.997049767162749 4.19232761859894 1.11759328842163 0.471580326557159
1.0973831681079 4.19232761859894 1.24151799082756 0.515126556158066
1.207813147656 4.19232761859894 1.34492009878159 0.584347277879715
1.32935572737641 4.19232761859894 1.50461649894714 0.63799524307251
1.46312917137724 4.19232761859894 1.63772058486938 0.698809206485748
1.61036427500108 4.19232761859894 1.78906980156898 0.776606142520905
1.77241568887504 4.19232761859894 1.96717095375061 0.84097695350647
1.95077438250316 4.19232761859894 2.1797684431076 0.921105802059174
2.14708136207369 4.19232761859894 2.37402629852295 1.01195339858532
2.36314276869316 4.19232761859894 2.61755180358887 1.11146610975266
2.60094649596008 4.19232761859894 2.77327489852905 1.24097687005997
2.86268047976978 4.19232761859894 3.07157099246979 1.35529810190201
3.15075282862747 4.19232761859894 3.31187403202057 1.48931401968002
3.46781397968047 4.19232761859894 3.57829928398132 1.62367409467697
3.81678108431816 4.19232761859894 3.86832392215729 1.7674520611763
4.2008648477019 4.19232761859894 4.31564617156982 1.94427573680878
4.62790519502682 4.19232761859894 4.53852784633636 2.13460993766785
5.09361260779729 4.19232761859894 4.82662999629974 2.36777859926224
5.6061842896419 4.19232761859894 5.2114839553833 2.57285875082016
6.17033620525356 4.19232761859894 5.55552196502686 2.77787029743195
6.79125888819023 4.19232761859894 6.13483703136444 3.10043901205063
7.47466519687438 4.19232761859894 6.63807654380798 3.39927840232849
8.22684287629239 4.19232761859894 6.64654970169067 3.70001673698425
9.05471240899251 4.19232761859894 6.65556049346924 3.98132133483887
9.96589068764523 4.19232761859894 6.65556049346924 4.38452082872391
10.9687610949915 4.19232761859894 6.65556049346924 4.80422335863113
12.072550635956 4.19232761859894 6.65556049346924 5.29177141189575
13.2874148315868 4.19232761859894 6.65556049346924 5.68840479850769
14.6245311558961 4.19232761859894 6.65556049346924 6.14881277084351
16.0962018752773 4.19232761859894 6.65556049346924 6.29670709371567
17.7159672366814 4.19232761859894 6.65556049346924 6.94985955953598
19.4987300459514 4.19232761859894 6.65556049346924 7.79019474983215
21.4808800919766 4.19232761859894 6.65556049346924 8.30061954259872
23.6425071500281 4.19232761859894 6.65556049346924 9.00780910253525
26.0216593522121 4.19232761859894 6.65556049346924 9.76352715492249
28.6402263154973 4.19232761859894 6.65556049346924 10.4774532318115
31.5223004152183 4.19232761859894 6.65556049346924 11.8322548270226
34.6943984492749 4.19232761859894 6.65556049346924 12.9152724146843
38.1857056084627 4.19232761859894 6.65556049346924 13.6070470809937
42.0283439976073 4.19232761859894 6.65556049346924 13.6070470809937
46.2576681780564 4.19232761859894 6.65556049346924 14.7989549636841
50.9125904506965 4.19232761859894 6.65556049346924 16.0201082229614
56.0359388722924 4.19232761859894 6.65556049346924 18.2368030548096
61.674851299112 4.19232761859894 6.65556049346924 20.418194770813
67.8812090832727 4.19232761859894 6.65556049346924 23.8067640662193
74.7121144120754 4.19232761859894 6.65556049346924 25.4825778007507
82.2304156821292 4.19232761859894 6.65556049346924 28.0894420742989
90.5052857420251 4.19232761859894 6.70431709289551 30.6156673431396
99.7056313992196 4.19232761859894 7.52630233764648 30.6156673431396
109.739037374665 4.19232761859894 7.52630233764648 31.6845197677612
120.782107840023 4.19232761859894 7.52630233764648 35.3973035812378
132.936445619368 4.19232761859894 7.57505893707275 38.3459558486938
146.313877857786 4.19232761859894 7.57505893707275 38.3459558486938
161.037484897703 4.19232761859894 7.57505893707275 38.3459558486938
177.242732691319 4.19232761859894 7.57505893707275 38.3459558486938
195.078719168039 4.19232761859894 7.60921311378479 38.3459558486938
214.709546024206 4.19232761859894 7.65796971321106 50.4340801239014
214.909512828253 4.19232761859894 7.65796971321106 50.4340801239014
