0.0387145280838013 0.586059033870697 0.00673991441726685 0.0014481246471405
0.0387500300966981 0.586059033870697 0.00673991441726685 0.0014481246471405
0.0425866726076336 0.586059033870697 0.00673991441726685 0.0014481246471405
0.0468031812946723 0.586059033870697 0.00673991441726685 0.0014481246471405
0.0514371667278207 0.586059033870697 0.00673991441726685 0.0014481246471405
0.0565299633015929 0.586059033870697 0.00673991441726685 0.0014481246471405
0.0621269979310704 0.586059033870697 0.00673991441726685 0.0014481246471405
0.068278195252578 0.586059033870697 0.00673991441726685 0.0014481246471405
0.0750384229432996 0.586059033870697 0.0150302648544312 0.00772225856781006
0.0824679811320132 0.586059033870697 0.0150302648544312 0.00772225856781006
0.0907162527069789 0.586059033870697 0.0294211506843567 0.00772225856781006
0.0996980736423392 0.586059033870697 0.0294211506843567 0.00772225856781006
0.109569185139287 0.586059033870697 0.0294211506843567 0.00772225856781006
0.120417635902936 0.586059033870697 0.0294211506843567 0.00772225856781006
0.132340192345309 0.586059033870697 0.0294211506843567 0.00772225856781006
0.145443201725957 0.99837489426136 0.0723883509635925 0.0260428786277771
0.159843540752169 0.99837489426136 0.0723883509635925 0.0260428786277771
0.175669658100152 0.99837489426136 0.0723883509635925 0.0323167890310287
0.193062720156276 0.99837489426136 0.0760750323534012 0.0323167890310287
0.212177870198225 2.30101633071899 0.0998923778533936 0.0478049367666245
0.233185612247737 2.30101633071899 0.0998923778533936 0.0478049367666245
0.25627333193868 2.30101633071899 0.116420567035675 0.0546153634786606
0.281646967966354 2.74790793657303 0.13799162209034 0.0649473071098328
0.309532849027073 2.74790793657303 0.145450115203857 0.0754065066576004
0.340179712633237 2.74790793657303 0.186394810676575 0.0797768011689186
0.373860923811385 2.74790793657303 0.198177516460419 0.0917268991470337
0.411253695994416 3.10663169622421 0.231185860931873 0.10326175391674
0.451971945990459 3.13343650102615 0.275515198707581 0.114503055810928
0.496721712052834 3.13343650102615 0.310201890766621 0.128180027008057
0.54590215479858 3.56563341617584 0.322031378746033 0.147022917866707
0.599951955758347 3.7056565284729 0.370262145996094 0.156126782298088
0.659353230344131 3.7056565284729 0.406785555183887 0.172485053539276
0.724635828240139 3.7056565284729 0.441370539367199 0.186272829771042
0.796382059575582 3.7056565284729 0.472368836402893 0.212046533823013
0.875231889036086 3.84656143188477 0.564850598573685 0.227836102247238
0.961888644244345 3.84656143188477 0.614874750375748 0.259562641382217
1.05712528932784 3.93300080299377 0.665942661464214 0.279929056763649
1.16179131963283 3.93300080299377 0.719602003693581 0.30977925658226
1.27682033908432 4.04104995727539 0.803940489888191 0.340632721781731
1.4032383877809 4.04104995727539 0.894648909568787 0.37775507569313
1.54217309410505 4.19232761859894 0.963989570736885 0.421442404389381
1.69486373298454 4.19232761859894 1.07018756866455 0.44844451546669
1.86438038854372 4.19232761859894 1.20128530263901 0.498035624623299
2.0489727885339 4.19232761859894 1.30665463209152 0.560199931263924
2.25184169172242 4.19232761859894 1.4751244187355 0.616433873772621
2.4747966556489 4.19232761859894 1.58991385251284 0.672476500272751
2.7198264022398 4.19232761859894 1.77182907611132 0.724918141961098
2.98911655688376 4.19232761859894 1.97531390190125 0.842990875244141
3.28506914385371 4.19232761859894 2.09382420778275 0.871053352952003
3.61032401197175 4.19232761859894 2.34500497579575 0.951152876019478
3.96778238163021 4.19232761859894 2.55701208114624 1.02597570419312
4.36063272320454 4.19232761859894 2.79467809200287 1.12816888093948
4.79237919768918 4.19232761859894 3.12822616100311 1.2411392480135
5.2668729132423 4.19232761859894 3.45502281934023 1.41638991236687
5.78834627644265 4.19232761859894 3.74216049909592 1.5295711606741
6.36145074466621 4.19232761859894 3.96285063028336 1.62683841586113
6.99129831632754 4.19232761859894 4.36310370266438 1.79397222399712
7.68350712907217 4.19232761859894 4.83271670341492 1.92253589630127
8.45199512379247 4.19232761859894 5.38355314731598 2.12296991050243
9.28882760400582 4.19232761859894 5.74972283840179 2.3747056722641
10.2085149119472 4.19232761859894 6.07758069038391 2.61185240745544
11.2192605084528 4.19232761859894 6.6051778793335 2.77394169569016
12.330080079446 4.19232761859894 6.66016435623169 3.35830241441727
13.5508819543863 4.19232761859894 6.69428205490112 3.72499972581863
14.8925554869521 4.19232761859894 6.69647979736328 4.06767308712006
16.3670681863003 4.19232761859894 6.69647979736328 4.33592581748962
17.9875724652967 4.19232761859894 6.69647979736328 4.61845910549164
19.7685229578944 4.19232761859894 6.69647979736328 4.83301997184753
21.7258054521118 4.19232761859894 6.69647979736328 4.85012412071228
23.8768785886714 4.19232761859894 6.69647979736328 5.09305000305176
26.2409295892292 4.19232761859894 6.69647979736328 5.37668132781982
28.8390454032626 4.19232761859894 6.69647979736328 5.79049801826477
31.6944008002223 4.19232761859894 6.69647979736328 5.94567918777466
34.8324650846968 4.19232761859894 6.69647979736328 6.05052804946899
38.3163339475004 4.19232761859894 6.69647979736328 7.9174337387085
42.1100361799719 4.19232761859894 6.69647979736328 10.3174146413803
46.2793530693252 4.19232761859894 6.69647979736328 11.1689605712891
50.8614742424258 4.19232761859894 6.69647979736328 12.8144598007202
55.8972714730444 4.19232761859894 6.69647979736328 12.8144598007202
61.4316632514152 4.19232761859894 6.69647979736328 12.8293364048004
67.5140154498445 4.19232761859894 6.69647979736328 16.8274488449097
74.1985816582434 4.19232761859894 6.69647979736328 18.8965954780579
81.5449871173038 4.19232761859894 6.69647979736328 21.5086934566498
89.6187605659235 4.19232761859894 6.69647979736328 24.380459189415
98.4919187468734 4.19232761859894 6.69647979736328 27.2108975052834
108.243608784401 4.19232761859894 7.46704316139221 28.855263710022
118.960814163673 4.19232761859894 7.46704316139221 29.6567852497101
130.739130609284 4.19232761859894 7.46704316139221 33.0611743927002
143.683618783529 4.19232761859894 7.46704316139221 33.0611743927002
157.909741410383 4.19232761859894 7.46704316139221 33.4820041656494
173.703536936922 4.19232761859894 7.46704316139221 45.8756341934204
190.901933233621 4.19232761859894 7.46704316139221 45.8756341934204
209.803143649102 4.19232761859894 7.46704316139221 57.9034490585327
230.575763898515 4.19232761859894 7.46704316139221 58.7624387741089
253.405082367608 4.19232761859894 7.46704316139221 61.1937112808228
278.494732854913 4.19232761859894 7.46704316139221 62.5301895141602
306.068510952025 4.19232761859894 7.46704316139221 62.5301895141602
336.372370263797 4.19232761859894 7.46704316139221 71.7196683883667
369.676616274388 4.19232761859894 7.46704316139221 71.7196683883667
370.015617281199 4.19232761859894 7.46704316139221 71.7196683883667
