0.0387145280838013 0.586059033870697 0.00879311561584473 0.0021938681602478
0.0387500300966981 0.586059033870697 0.00879311561584473 0.0021938681602478
0.0425866726076336 0.586059033870697 0.00879311561584473 0.0021938681602478
0.0468031812946723 0.586059033870697 0.00879311561584473 0.0021938681602478
0.0514371667278207 0.586059033870697 0.00879311561584473 0.0021938681602478
0.0565299633015929 0.586059033870697 0.00879311561584473 0.0021938681602478
0.0621269979310704 0.586059033870697 0.00879311561584473 0.0021938681602478
0.068278195252578 0.586059033870697 0.00879311561584473 0.0021938681602478
0.0750384229432996 0.586059033870697 0.0176060497760773 0.00506192445755005
0.0824679811320132 0.586059033870697 0.0176060497760773 0.00506192445755005
0.0907162527069789 0.586059033870697 0.0313026010990143 0.0119961649179459
0.0996980736423392 0.586059033870697 0.0313026010990143 0.0119961649179459
0.109569185139287 0.586059033870697 0.0313026010990143 0.0119961649179459
0.120417635902936 0.586059033870697 0.0313026010990143 0.0119961649179459
0.132340192345309 0.586059033870697 0.0313026010990143 0.0119961649179459
0.145443201725957 0.99837489426136 0.0622448921203613 0.0414276123046875
0.159843540752169 0.99837489426136 0.0622448921203613 0.0414276123046875
0.175669658100152 0.99837489426136 0.0622448921203613 0.0442227423191071
0.193062720156276 0.99837489426136 0.0849924832582474 0.0443625152111053
0.212177870198225 2.30101633071899 0.1089728474617 0.049027144908905
0.233185612247737 2.30101633071899 0.1089728474617 0.0570363998413086
0.25627333193868 2.30101633071899 0.124437779188156 0.0661814212799072
0.281646967966354 2.74790793657303 0.145620301365852 0.0705246329307556
0.309532849027073 2.74790793657303 0.157935261726379 0.0786344707012177
0.340179712633237 2.74790793657303 0.18478262424469 0.0859436988830566
0.373860923811385 2.74790793657303 0.208417683839798 0.0990152060985565
0.411253695994416 3.10663169622421 0.252412922680378 0.111280336976051
0.451971945990459 3.13343650102615 0.297612696886063 0.118876948952675
0.496721712052834 3.13343650102615 0.308659501373768 0.136745274066925
0.54590215479858 3.56563341617584 0.342948943376541 0.151557385921478
0.599951955758347 3.7056565284729 0.381162494421005 0.172528564929962
0.659353230344131 3.7056565284729 0.435542561113834 0.184284448623657
0.724635828240139 3.7056565284729 0.473616234958172 0.207714319229126
0.796382059575582 3.7056565284729 0.509176194667816 0.229429006576538
0.875231889036086 3.84656143188477 0.585739403963089 0.251239225268364
0.961888644244345 3.84656143188477 0.635719925165176 0.275897271931171
1.05712528932784 3.93300080299377 0.697383038699627 0.300084933638573
1.16179131963283 3.93300080299377 0.769072219729424 0.336238130927086
1.27682033908432 4.04104995727539 0.830622397363186 0.37886780500412
1.4032383877809 4.04104995727539 0.937513083219528 0.407656013965607
1.54217309410505 4.19232761859894 1.01410779356956 0.453288733959198
1.69486373298454 4.19232761859894 1.14409178495407 0.495654448866844
1.86438038854372 4.19232761859894 1.26246464252472 0.555451452732086
2.0489727885339 4.19232761859894 1.36922416090965 0.605902597308159
2.25184169172242 4.19232761859894 1.53536945581436 0.672701120376587
2.4747966556489 4.19232761859894 1.66618543118238 0.727760925889015
2.7198264022398 4.19232761859894 1.85094511508942 0.806183114647865
2.98911655688376 4.19232761859894 2.05837850272655 0.883563280105591
3.28506914385371 4.19232761859894 2.19169560819864 0.974758684635162
3.61032401197175 4.19232761859894 2.48496907949448 1.07700175046921
3.96778238163021 4.19232761859894 2.65814089775085 1.19133943319321
4.36063272320454 4.19232761859894 2.95697836019099 1.30069623887539
4.79237919768918 4.19232761859894 3.2964231967926 1.43143564462662
5.2668729132423 4.19232761859894 3.68806032277644 1.5743450820446
5.78834627644265 4.19232761859894 3.86748152971268 1.7447447180748
6.36145074466621 4.19232761859894 4.14282646775246 1.90609270334244
6.99129831632754 4.19232761859894 4.56932087242603 2.09739631414413
7.68350712907217 4.19232761859894 5.0041583776474 2.29440514743328
8.45199512379247 4.19232761859894 5.51095056533813 2.55935163795948
9.28882760400582 4.19232761859894 5.75371849536896 2.74519073963165
10.2085149119472 4.19232761859894 6.0502005815506 3.03471112251282
11.2192605084528 4.19232761859894 6.47867774963379 3.30908131599426
12.330080079446 4.19232761859894 6.56723165512085 3.65111362934113
13.5508819543863 4.19232761859894 6.58774065971375 4.02740514278412
14.8925554869521 4.19232761859894 6.62054395675659 4.34900546073914
16.3670681863003 4.19232761859894 6.70613718032837 4.78571629524231
17.9875724652967 4.19232761859894 6.70613718032837 5.18169164657593
19.7685229578944 4.19232761859894 6.70613718032837 5.66691637039185
21.7258054521118 4.19232761859894 6.70613718032837 6.28316831588745
23.8768785886714 4.19232761859894 6.70613718032837 7.03404878079891
26.2409295892292 4.19232761859894 6.70613718032837 7.7970507144928
28.8390454032626 4.19232761859894 6.70613718032837 8.63711434602737
31.6944008002223 4.19232761859894 6.70613718032837 9.49601162970066
34.8324650846968 4.19232761859894 6.70613718032837 10.3817231655121
38.3163339475004 4.19232761859894 6.70613718032837 11.2669054269791
42.1100361799719 4.19232761859894 6.70613718032837 11.7323913574219
46.2793530693252 4.19232761859894 6.87559032440186 12.2078704833984
50.8614742424258 4.19232761859894 6.87559032440186 12.2078704833984
55.8972714730444 4.19232761859894 6.87559032440186 13.1144609451294
61.4316632514152 4.19232761859894 6.87559032440186 13.1144609451294
67.5140154498445 4.19232761859894 6.87559032440186 13.1144609451294
74.1985816582434 4.19232761859894 6.87559032440186 13.1144609451294
81.5449871173038 4.19232761859894 6.87559032440186 14.4144003391266
89.6187605659235 4.19232761859894 7.02937126159668 16.9206030368805
98.4919187468734 4.19232761859894 7.02937126159668 17.9666748046875
108.243608784401 4.19232761859894 7.40115118026733 19.9645214080811
118.960814163673 4.19232761859894 7.40115118026733 20.871111869812
130.739130609284 4.19232761859894 7.40115118026733 20.871111869812
143.683618783529 4.19232761859894 7.40115118026733 20.871111869812
157.909741410383 4.19232761859894 7.40115118026733 20.871111869812
173.703536936922 4.19232761859894 7.40115118026733 27.5101709365845
190.901933233621 4.19232761859894 7.40115118026733 27.5101709365845
209.803143649102 4.19232761859894 7.46060371398926 37.9624462127686
230.575763898515 4.19232761859894 7.55493211746216 38.8690366744995
253.405082367608 4.19232761859894 7.55493211746216 38.8690366744995
278.494732854913 4.19232761859894 7.55493211746216 38.8690366744995
306.068510952025 4.19232761859894 7.55493211746216 38.8690366744995
336.372370263797 4.19232761859894 7.61438465118408 38.8690366744995
369.676616274388 4.19232761859894 7.61438465118408 38.8690366744995
370.015617281199 4.19232761859894 7.61438465118408 38.8690366744995
