0.0194894644874591 0.586059033870697 0.00694185495376587 0.00700476765632629
0.0195076157341004 0.586059033870697 0.00694185495376587 0.00700476765632629
0.0214706726399789 0.586059033870697 0.00694185495376587 0.00700476765632629
0.0236312725192399 0.586059033870697 0.00694185495376587 0.00700476765632629
0.0260092941773403 0.586059033870697 0.00694185495376587 0.00700476765632629
0.02862661682957 0.586059033870697 0.00694185495376587 0.00700476765632629
0.0315073214028609 0.586059033870697 0.0153529345989227 0.00869977474212646
0.0346779120946542 0.586059033870697 0.0153529345989227 0.00869977474212646
0.0381675602272991 0.586059033870697 0.0153529345989227 0.00869977474212646
0.0420083726415892 0.586059033870697 0.0153529345989227 0.00869977474212646
0.0462787480746938 0.586059033870697 0.0295145809650421 0.0133575797080994
0.0509357916233132 0.586059033870697 0.0295145809650421 0.0133575797080994
0.056061474785492 0.586059033870697 0.0295145809650421 0.0133575797080994
0.0617029568985016 0.586059033870697 0.0295145809650421 0.0133575797080994
0.0679121429571029 0.651752918958664 0.0295145809650421 0.018029510974884
0.0747461611704054 0.768446087837219 0.0511348247528076 0.0236709117889404
0.0822678885754094 0.967256665229797 0.0511348247528076 0.0363653898239136
0.0905465295431877 1.00701880455017 0.0511348247528076 0.0371382236480713
0.0996582525003081 1.9137766957283 0.0696426033973694 0.0383719801902771
0.109686890723714 2.30101633071899 0.0953887701034546 0.0534636080265045
0.120724713656792 2.30101633071899 0.0977372527122498 0.0617371052503586
0.132873275843195 2.74790793657303 0.100958794355392 0.0658273100852966
0.146244351289115 2.74790793657303 0.136274162679911 0.0878229141235352
0.160960961850701 2.74790793657303 0.16142350435257 0.0998101234436035
0.177158509108387 2.74790793657303 0.169168800115585 0.100377202033997
0.194986020142061 2.80583125352859 0.213671565055847 0.122702240943909
0.214807390451206 3.0089550614357 0.224847950041294 0.144253253936768
0.23642351909587 3.39448344707489 0.235087811946869 0.154261231422424
0.260214884898814 3.51117664575577 0.282870151102543 0.17428183555603
0.286400382592417 3.51117664575577 0.288016054779291 0.191965818405151
0.315220934348083 3.7056565284729 0.340677797794342 0.216511487960815
0.346941706403675 3.7056565284729 0.365060694515705 0.224779695272446
0.381854548750803 3.7056565284729 0.419452667236328 0.258433222770691
0.420280680328535 3.70566511154175 0.458042059093714 0.282946109771729
0.462573644428912 3.84656143188477 0.503462348133326 0.310819327831268
0.509122561505755 3.93300080299377 0.556813891977072 0.345802068710327
0.560355709314554 3.93300080299377 0.620203852653503 0.386511445045471
0.616744463322841 4.19232761859894 0.686556853353977 0.422945499420166
0.678807633645181 4.19232761859894 0.758209016174078 0.463096767663956
0.74711623840516 4.19232761859894 0.839376837015152 0.502211183309555
0.822298757442146 4.19232761859894 0.929908990859985 0.554373815655708
0.90504691470005 4.19232761859894 1.02078971266747 0.613207548856735
0.997049767162749 4.19232761859894 1.12626700848341 0.670192778110504
1.0973831681079 4.19232761859894 1.24451753497124 0.749277949333191
1.207813147656 4.19232761859894 1.35118946433067 0.837047338485718
1.32935572737641 4.19232761859894 1.51842677593231 0.902323484420776
1.46312917137724 4.19232761859894 1.65055400133133 0.992438554763794
1.61036427500108 4.19232761859894 1.78708830475807 1.10247981548309
1.77241568887504 4.19232761859894 1.99307706952095 1.22081562876701
1.95077438250316 4.19232761859894 2.19713640213013 1.34565699100494
2.14708136207369 4.19232761859894 2.39697998762131 1.47465190291405
2.36314276869316 4.19232761859894 2.64580541849136 1.62478759884834
2.60094649596008 4.19232761859894 2.79451495409012 1.78970262408257
2.86268047976978 4.19232761859894 3.08575689792633 1.92671513557434
3.15075282862747 4.19232761859894 3.34748494625092 2.14372479915619
3.46781397968047 4.19232761859894 3.60686647891998 2.30150878429413
3.81678108431816 4.19232761859894 3.90573847293854 2.54288709163666
4.2008648477019 4.19232761859894 4.35705137252808 2.76565861701965
4.62790519502682 4.19232761859894 4.53503096103668 3.05347621440887
5.09361260779729 4.19232761859894 4.85467422008514 3.36646473407745
5.6061842896419 4.19232761859894 5.2389976978302 3.72347843647003
6.17033620525356 4.19232761859894 5.60042071342468 4.03528237342834
6.79125888819023 4.19232761859894 6.15438973903656 4.28900170326233
7.47466519687438 4.19232761859894 6.64601302146912 4.46746325492859
8.22684287629239 4.19232761859894 6.65761828422546 4.94912028312683
9.05471240899251 4.19232761859894 6.65761828422546 4.94912028312683
9.96589068764523 4.19232761859894 6.65761828422546 5.06051802635193
10.9687610949915 4.19232761859894 6.65761828422546 5.35084080696106
12.072550635956 4.19232761859894 6.65761828422546 5.6041088104248
13.2874148315868 4.19232761859894 6.65761828422546 5.72888016700745
14.6245311558961 4.19232761859894 6.65761828422546 6.22867345809937
16.0962018752773 4.19232761859894 6.65761828422546 6.29859161376953
17.7159672366814 4.19232761859894 6.65761828422546 6.67663097381592
19.4987300459514 4.19232761859894 6.65761828422546 6.67663097381592
21.4808800919766 4.19232761859894 6.65761828422546 7.12383198738098
23.6425071500281 4.19232761859894 6.65761828422546 7.67446208000183
26.0216593522121 4.19232761859894 6.65761828422546 7.82859396934509
28.6402263154973 4.19232761859894 6.65761828422546 8.45596885681152
31.5223004152183 4.19232761859894 6.65761828422546 8.72375249862671
34.6943984492749 4.19232761859894 6.65761828422546 11.2307825088501
38.1857056084627 4.19232761859894 6.65761828422546 13.5428440570831
42.0283439976073 4.19232761859894 6.65761828422546 14.7647252082825
46.2576681780564 4.19232761859894 6.65761828422546 14.7647252082825
50.9125904506965 4.19232761859894 6.65761828422546 14.7647252082825
56.0359388722924 4.19232761859894 6.65761828422546 14.7647252082825
61.674851299112 4.19232761859894 6.65761828422546 17.1762790679932
67.8812090832727 4.19232761859894 6.65761828422546 20.7564475536346
74.7121144120754 4.19232761859894 6.65761828422546 21.5379543304443
82.2304156821292 4.19232761859894 6.65761828422546 27.8467106819153
90.5052857420251 4.19232761859894 6.65761828422546 27.8467106819153
99.7056313992196 4.19232761859894 7.71495962142944 31.9410042762756
109.739037374665 4.19232761859894 7.71495962142944 31.9410042762756
120.782107840023 4.19232761859894 7.71495962142944 33.4796142578125
132.936445619368 4.19232761859894 7.71495962142944 33.4796142578125
146.313877857786 4.19232761859894 7.71495962142944 33.4796142578125
161.037484897703 4.19232761859894 7.71495962142944 46.5615997314453
177.242732691319 4.19232761859894 7.71495962142944 46.5615997314453
195.078719168039 4.19232761859894 7.97049880027771 61.3263249397278
214.709546024206 4.19232761859894 7.97049880027771 61.3263249397278
214.909512828253 4.19232761859894 7.97049880027771 61.3263249397278
