0.0387145280838013 0.586059033870697 0.00927239656448364 0.00329682230949402
0.0387500300966981 0.586059033870697 0.00927239656448364 0.00329682230949402
0.0425866726076336 0.586059033870697 0.00927239656448364 0.00329682230949402
0.0468031812946723 0.586059033870697 0.00927239656448364 0.00329682230949402
0.0514371667278207 0.586059033870697 0.00927239656448364 0.00329682230949402
0.0565299633015929 0.586059033870697 0.00927239656448364 0.00329682230949402
0.0621269979310704 0.586059033870697 0.00927239656448364 0.00329682230949402
0.068278195252578 0.586059033870697 0.00927239656448364 0.00329682230949402
0.0750384229432996 0.586059033870697 0.018141508102417 0.00461704656481743
0.0824679811320132 0.586059033870697 0.018141508102417 0.00461704656481743
0.0907162527069789 0.586059033870697 0.018141508102417 0.00461704656481743
0.0996980736423392 0.586059033870697 0.018141508102417 0.00461704656481743
0.109569185139287 0.586059033870697 0.018141508102417 0.00461704656481743
0.120417635902936 0.586059033870697 0.018141508102417 0.00461704656481743
0.132340192345309 0.586059033870697 0.018141508102417 0.00461704656481743
0.145443201725957 0.586059033870697 0.018141508102417 0.00461704656481743
0.159843540752169 0.967256665229797 0.044732391834259 0.022668331861496
0.175669658100152 0.967256665229797 0.0521615743637085 0.022668331861496
0.193062720156276 0.967256665229797 0.085810124874115 0.0295836329460144
0.212177870198225 1.85931992530823 0.0884745717048645 0.0379117056727409
0.233185612247737 1.9137766957283 0.0884745717048645 0.0449502468109131
0.25627333193868 1.9137766957283 0.103541493415833 0.050503958016634
0.281646967966354 2.74790793657303 0.147190809249878 0.0621210932731628
0.309532849027073 2.74790793657303 0.159345388412476 0.0626821480691433
0.340179712633237 2.74790793657303 0.179370731115341 0.0739496424794197
0.373860923811385 2.74790793657303 0.209498852491379 0.0805806964635849
0.411253695994416 3.10663169622421 0.254491988569498 0.0864611864089966
0.451971945990459 3.10663169622421 0.299593240022659 0.110167175531387
0.496721712052834 3.12219077348709 0.299593240022659 0.121920496225357
0.54590215479858 3.56563341617584 0.345413684844971 0.121920496225357
0.599951955758347 3.56563341617584 0.387652784585953 0.137917339801788
0.659353230344131 3.56563341617584 0.437311142683029 0.158397853374481
0.724635828240139 3.56563341617584 0.443977002054453 0.163552612066269
0.796382059575582 3.56563341617584 0.512456625699997 0.185540623962879
0.875231889036086 3.84656143188477 0.543243020772934 0.199707001447678
0.961888644244345 3.84656143188477 0.645561307668686 0.215812683105469
1.05712528932784 3.84656143188477 0.670875996351242 0.245773456990719
1.16179131963283 3.84656143188477 0.767106682062149 0.275727927684784
1.27682033908432 3.98659324645996 0.822203755378723 0.298252701759338
1.4032383877809 4.04104137420654 0.948321729898453 0.325990051031113
1.54217309410505 4.04104995727539 1.02337083220482 0.365429669618607
1.69486373298454 4.17070913314819 1.14970749616623 0.366931848227978
1.86438038854372 4.17070913314819 1.27464640140533 0.451707601547241
2.0489727885339 4.17070913314819 1.35789036750793 0.485109865665436
2.25184169172242 4.17070913314819 1.49630597233772 0.486441344022751
2.4747966556489 4.17070913314819 1.6766936480999 0.539042346179485
2.7198264022398 4.17070913314819 1.83527320623398 0.622253268957138
2.98911655688376 4.19232761859894 2.06895944476128 0.622253268957138
3.28506914385371 4.19232761859894 2.21075376868248 0.653947114944458
3.61032401197175 4.19232761859894 2.50091862678528 0.823994249105453
3.96778238163021 4.19232761859894 2.69201278686523 0.823994249105453
4.36063272320454 4.19232761859894 2.97776320949197 0.918554604053497
4.79237919768918 4.19232761859894 3.26416006684303 0.969303786754608
5.2668729132423 4.19232761859894 3.71171597018838 1.08521223068237
5.78834627644265 4.19232761859894 3.91896778345108 1.30918776988983
6.36145074466621 4.19232761859894 4.16728910803795 1.30918776988983
6.99129831632754 4.19232761859894 4.61535975337029 1.41381621360779
7.68350712907217 4.19232761859894 5.05615967512131 1.81916904449463
8.45199512379247 4.19232761859894 5.43082410097122 1.81916904449463
9.28882760400582 4.19232761859894 5.64123713970184 1.87639671564102
10.2085149119472 4.19232761859894 6.16662240028381 1.87639671564102
11.2192605084528 4.19232761859894 6.62491130828857 2.08099681138992
12.330080079446 4.19232761859894 6.69731521606445 2.20634013414383
13.5508819543863 4.19232761859894 6.7017936706543 2.56869047880173
14.8925554869521 4.19232761859894 6.70344734191895 2.56869047880173
16.3670681863003 4.19232761859894 6.78752708435059 2.56869047880173
17.9875724652967 4.19232761859894 6.79200553894043 3.01866549253464
19.7685229578944 4.19232761859894 6.79200553894043 3.01866549253464
21.7258054521118 4.19232761859894 6.79200553894043 3.01866549253464
23.8768785886714 4.19232761859894 6.83872997760773 3.61928653717041
26.2409295892292 4.19232761859894 6.83872997760773 3.61928653717041
28.8390454032626 4.19232761859894 6.83872997760773 3.61928653717041
31.6944008002223 4.19232761859894 6.83872997760773 3.61928653717041
34.8324650846968 4.19232761859894 6.83872997760773 3.63039749860764
38.3163339475004 4.19232761859894 6.83872997760773 4.32154607772827
42.1100361799719 4.19232761859894 6.83872997760773 5.58561688661575
46.2793530693252 4.19232761859894 6.83872997760773 6.16093450784683
50.8614742424258 4.19232761859894 6.83872997760773 6.40912610292435
55.8972714730444 4.19232761859894 6.83872997760773 6.40912610292435
61.4316632514152 4.19232761859894 6.83872997760773 6.59810423851013
67.5140154498445 4.19232761859894 6.83872997760773 7.87450361251831
74.1985816582434 4.19232761859894 6.83872997760773 10.2309188842773
81.5449871173038 4.19232761859894 6.83872997760773 10.8701796531677
89.6187605659235 4.19232761859894 6.83872997760773 12.3184989094734
98.4919187468734 4.19232761859894 6.83872997760773 13.6228102147579
108.243608784401 4.19232761859894 7.57374286651611 14.2836297154427
118.960814163673 4.19232761859894 7.57374286651611 14.2836297154427
130.739130609284 4.19232761859894 7.57374286651611 14.923538684845
143.683618783529 4.19232761859894 7.57374286651611 14.923538684845
157.909741410383 4.19232761859894 7.57374286651611 14.923538684845
173.703536936922 4.19232761859894 7.57374286651611 14.923538684845
190.901933233621 4.19232761859894 7.57374286651611 14.923538684845
209.803143649102 4.19232761859894 7.57374286651611 14.923538684845
230.575763898515 4.19232761859894 8.1774001121521 14.923538684845
253.405082367608 4.19232761859894 8.1774001121521 14.923538684845
278.494732854913 4.19232761859894 8.1774001121521 14.923538684845
306.068510952025 4.19232761859894 8.1774001121521 14.923538684845
336.372370263797 4.19232761859894 8.1774001121521 14.923538684845
369.676616274388 4.19232761859894 8.1774001121521 14.923538684845
370.015617281199 4.19232761859894 8.1774001121521 14.923538684845
