0.0387145280838013 0.586059033870697 0.0089152455329895 0.00544464588165283
0.0387500300966981 0.586059033870697 0.0089152455329895 0.00544464588165283
0.0425866726076336 0.586059033870697 0.0089152455329895 0.00544464588165283
0.0468031812946723 0.586059033870697 0.0089152455329895 0.00544464588165283
0.0514371667278207 0.586059033870697 0.0089152455329895 0.00544464588165283
0.0565299633015929 0.586059033870697 0.0089152455329895 0.00544464588165283
0.0621269979310704 0.586059033870697 0.0089152455329895 0.00544464588165283
0.068278195252578 0.586059033870697 0.0089152455329895 0.00544464588165283
0.0750384229432996 0.586059033870697 0.017786979675293 0.00888383388519287
0.0824679811320132 0.586059033870697 0.017786979675293 0.00888383388519287
0.0907162527069789 0.586059033870697 0.0314027070999146 0.00888383388519287
0.0996980736423392 0.586059033870697 0.0314027070999146 0.00888383388519287
0.109569185139287 0.586059033870697 0.0314027070999146 0.00888383388519287
0.120417635902936 0.586059033870697 0.0314027070999146 0.00888383388519287
0.132340192345309 0.586059033870697 0.0314027070999146 0.00888383388519287
0.145443201725957 0.99837489426136 0.0610613822937012 0.0142132043838501
0.159843540752169 0.99837489426136 0.0610613822937012 0.0343704521656036
0.175669658100152 0.99837489426136 0.0610613822937012 0.0369555950164795
0.193062720156276 0.99837489426136 0.0858603417873383 0.0423356294631958
0.212177870198225 2.30101633071899 0.109905540943146 0.0527462065219879
0.233185612247737 2.30101633071899 0.109905540943146 0.061070442199707
0.25627333193868 2.30101633071899 0.125419199466705 0.0681114196777344
0.281646967966354 2.74790793657303 0.14653480052948 0.0756673812866211
0.309532849027073 2.74790793657303 0.159260034561157 0.0789211690425873
0.340179712633237 2.74790793657303 0.186519801616669 0.091926634311676
0.373860923811385 2.74790793657303 0.209840148687363 0.0986974239349365
0.411253695994416 3.10663169622421 0.254660598933697 0.107647657394409
0.451971945990459 3.13343650102615 0.300069808959961 0.122230172157288
0.496721712052834 3.13343650102615 0.308516390621662 0.142798244953156
0.54590215479858 3.56563341617584 0.345545828342438 0.150036856532097
0.599951955758347 3.7056565284729 0.382424831390381 0.17271363735199
0.659353230344131 3.7056565284729 0.439109764993191 0.181105196475983
0.724635828240139 3.7056565284729 0.477152206003666 0.204943299293518
0.796382059575582 3.7056565284729 0.513494104146957 0.225456595420837
0.875231889036086 3.84656143188477 0.588097304105759 0.244387567043304
0.961888644244345 3.84656143188477 0.638189047574997 0.272463262081146
1.05712528932784 3.93300080299377 0.701227582991123 0.3056600689888
1.16179131963283 3.93300080299377 0.775155678391457 0.331761866807938
1.27682033908432 4.04104995727539 0.836892776191235 0.372892290353775
1.4032383877809 4.04104995727539 0.942601799964905 0.397570550441742
1.54217309410505 4.19232761859894 1.02015948295593 0.446848183870316
1.69486373298454 4.19232761859894 1.15310353040695 0.493851125240326
1.86438038854372 4.19232761859894 1.26990312337875 0.543510258197784
2.0489727885339 4.19232761859894 1.37843272089958 0.603160679340363
2.25184169172242 4.19232761859894 1.54573237895966 0.652301430702209
2.4747966556489 4.19232761859894 1.67885313183069 0.718776732683182
2.7198264022398 4.19232761859894 1.86313509941101 0.80006143450737
2.98911655688376 4.19232761859894 2.07521611452103 0.854084044694901
3.28506914385371 4.19232761859894 2.2047036215663 0.958086341619492
3.61032401197175 4.19232761859894 2.50242477655411 1.07127746939659
3.96778238163021 4.19232761859894 2.67561054229736 1.15099209547043
4.36063272320454 4.19232761859894 2.97954576462507 1.26403629779816
4.79237919768918 4.19232761859894 3.31895267963409 1.38678765296936
5.2668729132423 4.19232761859894 3.71579997986555 1.53217753767967
5.78834627644265 4.19232761859894 3.88301426172256 1.68064424395561
6.36145074466621 4.19232761859894 4.17086827754974 1.8509014248848
6.99129831632754 4.19232761859894 4.59481900930405 2.03907415270805
7.68350712907217 4.19232761859894 5.02662438154221 2.22404065728188
8.45199512379247 4.19232761859894 5.52797472476959 2.4544038772583
9.28882760400582 4.19232761859894 5.75772213935852 2.6718817949295
10.2085149119472 4.19232761859894 6.05082535743713 2.9981492459774
11.2192605084528 4.19232761859894 6.46700215339661 3.27205887436867
12.330080079446 4.19232761859894 6.56124711036682 3.58338677883148
13.5508819543863 4.19232761859894 6.60100293159485 3.97188454866409
14.8925554869521 4.19232761859894 6.64229607582092 4.36912921071053
16.3670681863003 4.19232761859894 6.72714018821716 4.79687285423279
17.9875724652967 4.19232761859894 6.72714018821716 5.29116842150688
19.7685229578944 4.19232761859894 6.72714018821716 5.75488936901093
21.7258054521118 4.19232761859894 6.72714018821716 6.32727184891701
23.8768785886714 4.19232761859894 6.72714018821716 6.93172645568848
26.2409295892292 4.19232761859894 6.72714018821716 7.6747071146965
28.8390454032626 4.19232761859894 6.72714018821716 8.44203823804855
31.6944008002223 4.19232761859894 6.72714018821716 9.28072515130043
34.8324650846968 4.19232761859894 6.72714018821716 10.1262497901917
38.3163339475004 4.19232761859894 6.72714018821716 11.0396255850792
42.1100361799719 4.19232761859894 6.72714018821716 12.2726220190525
46.2793530693252 4.19232761859894 6.89130520820618 13.4077234566212
50.8614742424258 4.19232761859894 6.89130520820618 14.8412429094315
55.8972714730444 4.19232761859894 6.89130520820618 16.3738998174667
61.4316632514152 4.19232761859894 6.89130520820618 16.8727198839188
67.5140154498445 4.19232761859894 6.89130520820618 18.0116882324219
74.1985816582434 4.19232761859894 6.89130520820618 20.7299995422363
81.5449871173038 4.19232761859894 6.89130520820618 23.9104738235474
89.6187605659235 4.19232761859894 7.15157055854797 25.806224822998
98.4919187468734 4.19232761859894 7.15157055854797 28.9064450263977
108.243608784401 4.19232761859894 7.39799380302429 31.786196231842
118.960814163673 4.19232761859894 7.39799380302429 35.166690826416
130.739130609284 4.19232761859894 7.39799380302429 37.1605222225189
143.683618783529 4.19232761859894 7.39799380302429 37.3742307424545
157.909741410383 4.19232761859894 7.39799380302429 39.0594098567963
173.703536936922 4.19232761859894 7.39799380302429 39.0594098567963
190.901933233621 4.19232761859894 7.39799380302429 39.0594098567963
209.803143649102 4.19232761859894 7.47224068641663 39.0594098567963
230.575763898515 4.19232761859894 7.65825915336609 39.0594098567963
253.405082367608 4.19232761859894 7.65825915336609 39.0594098567963
278.494732854913 4.19232761859894 7.65825915336609 39.0594098567963
306.068510952025 4.19232761859894 7.65825915336609 39.0594098567963
336.372370263797 4.19232761859894 7.73250603675842 39.0594098567963
369.676616274388 4.19232761859894 7.73250603675842 39.0594098567963
370.015617281199 4.19232761859894 7.73250603675842 39.0594098567963
