0.0194894644874591 0.586059033870697 0.00858056545257568 0.00228214263916016
0.0195076157341004 0.586059033870697 0.00858056545257568 0.00228214263916016
0.0214706726399789 0.586059033870697 0.00858056545257568 0.00228214263916016
0.0236312725192399 0.586059033870697 0.00858056545257568 0.00228214263916016
0.0260092941773403 0.586059033870697 0.00858056545257568 0.00228214263916016
0.02862661682957 0.586059033870697 0.00858056545257568 0.00228214263916016
0.0315073214028609 0.586059033870697 0.0173319280147552 0.00228214263916016
0.0346779120946542 0.586059033870697 0.0173319280147552 0.00228214263916016
0.0381675602272991 0.586059033870697 0.0173319280147552 0.00228214263916016
0.0420083726415892 0.586059033870697 0.0173319280147552 0.00228214263916016
0.0462787480746938 0.586059033870697 0.0173319280147552 0.00228214263916016
0.0509357916233132 0.586059033870697 0.0173319280147552 0.00228214263916016
0.056061474785492 0.586059033870697 0.0173319280147552 0.00228214263916016
0.0617029568985016 0.586059033870697 0.0173319280147552 0.00228214263916016
0.0679121429571029 0.586059033870697 0.0283629894256592 0.0070343017578125
0.0747461611704054 0.768446087837219 0.0463110208511353 0.0233393311500549
0.0822678885754094 0.967256665229797 0.0463110208511353 0.0497503876686096
0.0905465295431877 1.00701880455017 0.0464392602443695 0.0497503876686096
0.0996582525003081 1.9137766957283 0.0506591796875 0.0629441738128662
0.109686890723714 1.9137766957283 0.0971575975418091 0.0673855543136597
0.120724713656792 1.9137766957283 0.0972986221313477 0.0800278782844543
0.132873275843195 2.74790793657303 0.0972986221313477 0.0800278782844543
0.146244351289115 2.74790793657303 0.125854730606079 0.0933372974395752
0.160960961850701 2.74790793657303 0.131136178970337 0.107313930988312
0.177158509108387 2.74790793657303 0.166321039199829 0.110956430435181
0.194986020142061 2.80583125352859 0.20992386341095 0.139405131340027
0.214807390451206 2.80583125352859 0.21726206690073 0.146150887012482
0.23642351909587 3.39448344707489 0.244982428848743 0.159337103366852
0.260214884898814 3.51117664575577 0.282793469727039 0.171874463558197
0.286400382592417 3.51117664575577 0.289237894117832 0.204816684126854
0.315220934348083 3.56563341617584 0.332452021539211 0.224718809127808
0.346941706403675 3.56563341617584 0.368128009140491 0.250928580760956
0.381854548750803 3.56563341617584 0.420846998691559 0.271939784288406
0.420280680328535 3.62527656555176 0.447449415922165 0.306139647960663
0.462573644428912 3.84656143188477 0.49759692652151 0.335362434387207
0.509122561505755 3.84656143188477 0.546943061053753 0.364316031336784
0.560355709314554 3.93300080299377 0.619537591934204 0.410293370485306
0.616744463322841 3.98659324645996 0.678800545632839 0.450087308883667
0.678807633645181 3.98659324645996 0.757749103009701 0.488797903060913
0.74711623840516 4.04104995727539 0.843488752841949 0.546130433678627
0.822298757442146 4.06265139579773 0.928916424512863 0.602744743227959
0.90504691470005 4.17070913314819 1.01905843615532 0.664717555046082
0.997049767162749 4.17070913314819 1.12590434402227 0.734851524233818
1.0973831681079 4.17070913314819 1.24382600188255 0.810237362980843
1.207813147656 4.17070913314819 1.36375095695257 0.890479639172554
1.32935572737641 4.17070913314819 1.51316571235657 0.985732764005661
1.46312917137724 4.17070913314819 1.65973997116089 1.10007162392139
1.61036427500108 4.19232761859894 1.78770923614502 1.18157863616943
1.77241568887504 4.19232761859894 1.95445591211319 1.29971665143967
1.95077438250316 4.19232761859894 2.19459533691406 1.4252604842186
2.14708136207369 4.19232761859894 2.38893818855286 1.59847325086594
2.36314276869316 4.19232761859894 2.62741363048553 1.69772917032242
2.60094649596008 4.19232761859894 2.80993485450745 1.89367699623108
2.86268047976978 4.19232761859894 3.09292471408844 2.03479439020157
3.15075282862747 4.19232761859894 3.31968951225281 2.23911446332932
3.46781397968047 4.19232761859894 3.60289883613586 2.58512836694717
3.81678108431816 4.19232761859894 3.88957500457764 2.71845096349716
4.2008648477019 4.19232761859894 4.32724094390869 3.0378692150116
4.62790519502682 4.19232761859894 4.45342934131622 3.22068929672241
5.09361260779729 4.19232761859894 4.85009610652924 3.53358483314514
5.6061842896419 4.19232761859894 5.228346824646 3.96643400192261
6.17033620525356 4.19232761859894 5.5742996931076 4.26892614364624
6.79125888819023 4.19232761859894 6.05176675319672 4.71747589111328
7.47466519687438 4.19232761859894 6.6810097694397 5.23113751411438
8.22684287629239 4.19232761859894 6.68799066543579 5.48355960845947
9.05471240899251 4.19232761859894 6.73097586631775 6.25371932983398
9.96589068764523 4.19232761859894 6.73097586631775 6.45549345016479
10.9687610949915 4.19232761859894 6.73097586631775 6.83242297172546
12.072550635956 4.19232761859894 6.73097586631775 7.40230178833008
13.2874148315868 4.19232761859894 6.73097586631775 7.93048930168152
14.6245311558961 4.19232761859894 6.73097586631775 8.50255918502808
16.0962018752773 4.19232761859894 6.73097586631775 9.92429065704346
17.7159672366814 4.19232761859894 6.73097586631775 10.7984476089478
19.4987300459514 4.19232761859894 6.73097586631775 11.8471651077271
21.4808800919766 4.19232761859894 6.73097586631775 12.4627285003662
23.6425071500281 4.19232761859894 6.73097586631775 13.3000378608704
26.0216593522121 4.19232761859894 6.73097586631775 14.5676693916321
28.6402263154973 4.19232761859894 6.73097586631775 14.5676693916321
31.5223004152183 4.19232761859894 6.73097586631775 16.8643560409546
34.6943984492749 4.19232761859894 6.73097586631775 17.9544286727905
38.1857056084627 4.19232761859894 6.73097586631775 18.1267981529236
42.0283439976073 4.19232761859894 6.73097586631775 20.4234848022461
46.2576681780564 4.19232761859894 6.73097586631775 23.3587055206299
50.9125904506965 4.19232761859894 6.73097586631775 25.4532651901245
56.0359388722924 4.19232761859894 6.73097586631775 25.4532651901245
61.674851299112 4.19232761859894 6.73097586631775 25.4532651901245
67.8812090832727 4.19232761859894 6.73097586631775 25.4778326749802
74.7121144120754 4.19232761859894 6.73097586631775 30.8275942802429
82.2304156821292 4.19232761859894 6.73097586631775 38.8590784072876
90.5052857420251 4.19232761859894 6.98520016670227 40.6232252120972
99.7056313992196 4.19232761859894 7.4067804813385 41.7445735931396
109.739037374665 4.19232761859894 7.4067804813385 52.7757244110107
120.782107840023 4.19232761859894 7.4067804813385 57.0142345428467
132.936445619368 4.19232761859894 7.66100478172302 58.7783813476562
146.313877857786 4.19232761859894 7.66100478172302 58.7783813476562
161.037484897703 4.19232761859894 7.66100478172302 58.7783813476562
177.242732691319 4.19232761859894 7.66100478172302 58.7783813476562
195.078719168039 4.19232761859894 7.66100478172302 58.7783813476562
214.709546024206 4.19232761859894 7.66100478172302 58.7783813476562
214.909512828253 4.19232761859894 7.66100478172302 58.7783813476562
