0.0387145280838013 0.586059033870697 0.00778967142105103 0.00279238075017929
0.0387500300966981 0.586059033870697 0.00778967142105103 0.00279238075017929
0.0425866726076336 0.586059033870697 0.00778967142105103 0.00279238075017929
0.0468031812946723 0.586059033870697 0.00778967142105103 0.00279238075017929
0.0514371667278207 0.586059033870697 0.00778967142105103 0.00279238075017929
0.0565299633015929 0.586059033870697 0.00778967142105103 0.00279238075017929
0.0621269979310704 0.586059033870697 0.00778967142105103 0.00279238075017929
0.068278195252578 0.586059033870697 0.00778967142105103 0.00279238075017929
0.0750384229432996 0.586059033870697 0.0163067877292633 0.00732618570327759
0.0824679811320132 0.586059033870697 0.0163067877292633 0.00732618570327759
0.0907162527069789 0.586059033870697 0.0163067877292633 0.00732618570327759
0.0996980736423392 0.586059033870697 0.0163067877292633 0.00732618570327759
0.109569185139287 0.586059033870697 0.0163067877292633 0.00732618570327759
0.120417635902936 0.586059033870697 0.0163067877292633 0.00732618570327759
0.132340192345309 0.586059033870697 0.0163067877292633 0.00732618570327759
0.145443201725957 0.586059033870697 0.0163067877292633 0.00732618570327759
0.159843540752169 0.967256665229797 0.0513783246278763 0.0196191668510437
0.175669658100152 0.967256665229797 0.0513783246278763 0.0366747006773949
0.193062720156276 0.967256665229797 0.0797555297613144 0.0406124591827393
0.212177870198225 1.85931992530823 0.0859126448631287 0.0406124591827393
0.233185612247737 1.9137766957283 0.0859126448631287 0.0522247590124607
0.25627333193868 1.9137766957283 0.105856269598007 0.0586622059345245
0.281646967966354 2.74790793657303 0.140760287642479 0.0643431320786476
0.309532849027073 2.74790793657303 0.150799036026001 0.0746065080165863
0.340179712633237 2.74790793657303 0.1855788230896 0.0897301957011223
0.373860923811385 2.74790793657303 0.202378481626511 0.0938565507531166
0.411253695994416 3.10663169622421 0.240020923316479 0.103017009794712
0.451971945990459 3.10663169622421 0.284547716379166 0.119572818279266
0.496721712052834 3.12219077348709 0.284547716379166 0.128616780042648
0.54590215479858 3.56563341617584 0.330001622438431 0.139311134815216
0.599951955758347 3.56563341617584 0.377919048070908 0.152572274208069
0.659353230344131 3.56563341617584 0.417910508811474 0.178506717085838
0.724635828240139 3.56563341617584 0.421457313001156 0.193792402744293
0.796382059575582 3.56563341617584 0.486707508563995 0.208616435527802
0.875231889036086 3.84656143188477 0.528552234172821 0.233055889606476
0.961888644244345 3.84656143188477 0.628047436475754 0.257224425673485
1.05712528932784 3.84656143188477 0.670183524489403 0.282843738794327
1.16179131963283 3.84656143188477 0.729603841900826 0.315534111112356
1.27682033908432 3.98659324645996 0.795874953269958 0.351836584508419
1.4032383877809 4.04104137420654 0.916128128767014 0.382040321826935
1.54217309410505 4.04104995727539 0.987122789025307 0.419816493988037
1.69486373298454 4.17070913314819 1.09949117898941 0.465543210506439
1.86438038854372 4.17070913314819 1.22999328374863 0.509346157312393
2.0489727885339 4.17070913314819 1.31623750925064 0.56146115064621
2.25184169172242 4.17070913314819 1.47956150770187 0.61620819568634
2.4747966556489 4.17070913314819 1.6070311255753 0.680780544877052
2.7198264022398 4.17070913314819 1.78305115178227 0.751630961894989
2.98911655688376 4.19232761859894 2.00553160905838 0.824796766042709
3.28506914385371 4.19232761859894 2.13462164252996 0.908895999193192
3.61032401197175 4.19232761859894 2.4034321308136 1.0062772333622
3.96778238163021 4.19232761859894 2.61355769634247 1.10486721247435
4.36063272320454 4.19232761859894 2.84536274150014 1.19633394479752
4.79237919768918 4.19232761859894 3.13586995005608 1.32351537793875
5.2668729132423 4.19232761859894 3.55111463740468 1.45994240790606
5.78834627644265 4.19232761859894 3.81632572412491 1.58525987714529
6.36145074466621 4.19232761859894 4.02073964476585 1.7559267282486
6.99129831632754 4.19232761859894 4.46262393891811 1.94535710662603
7.68350712907217 4.19232761859894 4.9227831363678 2.10987448692322
8.45199512379247 4.19232761859894 5.29923677444458 2.35559305548668
9.28882760400582 4.19232761859894 5.5274646282196 2.57114690542221
10.2085149119472 4.19232761859894 6.13420867919922 2.80733186006546
11.2192605084528 4.19232761859894 6.64487242698669 3.00215870141983
12.330080079446 4.19232761859894 6.70022702217102 3.26321560144424
13.5508819543863 4.19232761859894 6.72343564033508 3.47784930467606
14.8925554869521 4.19232761859894 6.72343564033508 3.82337981462479
16.3670681863003 4.19232761859894 6.72343564033508 4.14566057175398
17.9875724652967 4.19232761859894 6.72343564033508 4.42275500297546
19.7685229578944 4.19232761859894 6.72343564033508 4.67204993963242
21.7258054521118 4.19232761859894 6.72343564033508 4.96267127990723
23.8768785886714 4.19232761859894 6.72343564033508 5.25638711452484
26.2409295892292 4.19232761859894 6.72343564033508 5.71084308624268
28.8390454032626 4.19232761859894 6.72343564033508 6.24099159240723
31.6944008002223 4.19232761859894 6.72343564033508 6.58511328697205
34.8324650846968 4.19232761859894 6.72343564033508 7.26248812675476
38.3163339475004 4.19232761859894 6.72343564033508 8.00469887256622
42.1100361799719 4.19232761859894 6.72343564033508 9.60154330730438
46.2793530693252 4.19232761859894 6.72343564033508 10.5772475004196
50.8614742424258 4.19232761859894 6.72343564033508 10.8707318305969
55.8972714730444 4.19232761859894 6.72343564033508 10.9476413726807
61.4316632514152 4.19232761859894 6.72343564033508 11.650119304657
67.5140154498445 4.19232761859894 6.72343564033508 14.253324508667
74.1985816582434 4.19232761859894 6.72343564033508 16.9304279088974
81.5449871173038 4.19232761859894 6.72343564033508 17.7262365818024
89.6187605659235 4.19232761859894 6.72343564033508 20.7147569656372
98.4919187468734 4.19232761859894 6.72343564033508 23.8703857064247
108.243608784401 4.19232761859894 7.62878561019897 25.1240563392639
118.960814163673 4.19232761859894 7.62878561019897 25.2009658813477
130.739130609284 4.19232761859894 7.62878561019897 29.3378443717957
143.683618783529 4.19232761859894 7.62878561019897 29.3378443717957
157.909741410383 4.19232761859894 7.62878561019897 29.3378443717957
173.703536936922 4.19232761859894 7.62878561019897 29.3378443717957
190.901933233621 4.19232761859894 7.62878561019897 29.3378443717957
209.803143649102 4.19232761859894 7.62878561019897 29.3378443717957
230.575763898515 4.19232761859894 7.71900844573975 29.3378443717957
253.405082367608 4.19232761859894 7.71900844573975 29.3378443717957
278.494732854913 4.19232761859894 7.71900844573975 29.3378443717957
306.068510952025 4.19232761859894 7.71900844573975 29.3378443717957
336.372370263797 4.19232761859894 7.71900844573975 29.3378443717957
369.676616274388 4.19232761859894 7.71900844573975 29.3378443717957
370.015617281199 4.19232761859894 7.71900844573975 29.3378443717957
