0.0387145280838013 0.586059033870697 0.00832200050354004 0.000745862722396851
0.0387500300966981 0.586059033870697 0.00832200050354004 0.000745862722396851
0.0425866726076336 0.586059033870697 0.00832200050354004 0.000745862722396851
0.0468031812946723 0.586059033870697 0.00832200050354004 0.000745862722396851
0.0514371667278207 0.586059033870697 0.00832200050354004 0.000745862722396851
0.0565299633015929 0.586059033870697 0.00832200050354004 0.000745862722396851
0.0621269979310704 0.586059033870697 0.00832200050354004 0.000745862722396851
0.068278195252578 0.586059033870697 0.00832200050354004 0.000745862722396851
0.0750384229432996 0.586059033870697 0.0170517265796661 0.00181519985198975
0.0824679811320132 0.586059033870697 0.0170517265796661 0.00181519985198975
0.0907162527069789 0.586059033870697 0.0308924913406372 0.00181519985198975
0.0996980736423392 0.586059033870697 0.0308924913406372 0.00181519985198975
0.109569185139287 0.586059033870697 0.0308924913406372 0.00181519985198975
0.120417635902936 0.586059033870697 0.0308924913406372 0.00181519985198975
0.132340192345309 0.586059033870697 0.0308924913406372 0.00181519985198975
0.145443201725957 0.99837489426136 0.0646788477897644 0.0307380259037018
0.159843540752169 0.99837489426136 0.0646788477897644 0.0307380259037018
0.175669658100152 0.99837489426136 0.0646788477897644 0.0356818437576294
0.193062720156276 0.99837489426136 0.0830712765455246 0.0429333448410034
0.212177870198225 2.30101633071899 0.107084095478058 0.0429333448410034
0.233185612247737 2.30101633071899 0.107084095478058 0.0516752004623413
0.25627333193868 2.30101633071899 0.122827559709549 0.0643212199211121
0.281646967966354 2.74790793657303 0.143867567181587 0.0739261209964752
0.309532849027073 2.74790793657303 0.155332565307617 0.079399585723877
0.340179712633237 2.74790793657303 0.181492149829865 0.0938998460769653
0.373860923811385 2.74790793657303 0.206521302461624 0.105805993080139
0.411253695994416 3.10663169622421 0.247972682118416 0.115705654025078
0.451971945990459 3.13343650102615 0.293082505464554 0.124795198440552
0.496721712052834 3.13343650102615 0.309629857540131 0.143813133239746
0.54590215479858 3.56563341617584 0.338543802499771 0.153690382838249
0.599951955758347 3.7056565284729 0.379398435354233 0.17137598991394
0.659353230344131 3.7056565284729 0.429829940199852 0.189759969711304
0.724635828240139 3.7056565284729 0.467070624232292 0.203192710876465
0.796382059575582 3.7056565284729 0.501389563083649 0.233059167861938
0.875231889036086 3.84656143188477 0.582015186548233 0.253259539604187
0.961888644244345 3.84656143188477 0.632139682769775 0.275812327861786
1.05712528932784 3.93300080299377 0.691675618290901 0.308260083198547
1.16179131963283 3.93300080299377 0.758137181401253 0.335157126188278
1.27682033908432 4.04104995727539 0.820073008537292 0.375036418437958
1.4032383877809 4.04104995727539 0.929510027170181 0.411325812339783
1.54217309410505 4.19232761859894 1.00458958745003 0.45730447769165
1.69486373298454 4.19232761859894 1.1293198466301 0.503350257873535
1.86438038854372 4.19232761859894 1.25096184015274 0.551515698432922
2.0489727885339 4.19232761859894 1.35378098487854 0.605834245681763
2.25184169172242 4.19232761859894 1.51807138323784 0.667773962020874
2.4747966556489 4.19232761859894 1.64448098838329 0.7243472635746
2.7198264022398 4.19232761859894 1.8307797908783 0.807802885770798
2.98911655688376 4.19232761859894 2.03006879985332 0.885671317577362
3.28506914385371 4.19232761859894 2.17195020616055 0.966406494379044
3.61032401197175 4.19232761859894 2.45784509181976 1.07545351982117
3.96778238163021 4.19232761859894 2.63791537284851 1.18424960970879
4.36063272320454 4.19232761859894 2.91861985437572 1.28167510032654
4.79237919768918 4.19232761859894 3.25970327854156 1.43424320220947
5.2668729132423 4.19232761859894 3.6419722866267 1.56012800335884
5.78834627644265 4.19232761859894 3.84651440382004 1.68611019849777
6.36145074466621 4.19232761859894 4.10090199112892 1.85761527717113
6.99129831632754 4.19232761859894 4.53070099651814 2.03461623191833
7.68350712907217 4.19232761859894 4.97584706544876 2.24693432450294
8.45199512379247 4.19232761859894 5.49380505084991 2.47811141610146
9.28882760400582 4.19232761859894 5.76536810398102 2.69086754322052
10.2085149119472 4.19232761859894 6.07038295269012 2.94502058625221
11.2192605084528 4.19232761859894 6.52310609817505 3.21507880091667
12.330080079446 4.19232761859894 6.60403537750244 3.51395988464355
13.5508819543863 4.19232761859894 6.62007474899292 3.89806768298149
14.8925554869521 4.19232761859894 6.63052940368652 4.24649122357368
16.3670681863003 4.19232761859894 6.68607592582703 4.62577605247498
17.9875724652967 4.19232761859894 6.68784642219543 5.07079458236694
19.7685229578944 4.19232761859894 6.68784642219543 5.53008484840393
21.7258054521118 4.19232761859894 6.68784642219543 5.82907557487488
23.8768785886714 4.19232761859894 6.68784642219543 6.44021153450012
26.2409295892292 4.19232761859894 6.68784642219543 7.41358375549316
28.8390454032626 4.19232761859894 6.68784642219543 8.14216268062592
31.6944008002223 4.19232761859894 6.68784642219543 8.99600869417191
34.8324650846968 4.19232761859894 6.68784642219543 9.8939197063446
38.3163339475004 4.19232761859894 6.68784642219543 10.7737230062485
42.1100361799719 4.19232761859894 6.68784642219543 11.3220522403717
46.2793530693252 4.19232761859894 6.7459237575531 11.7389900684357
50.8614742424258 4.19232761859894 6.7459237575531 11.7389900684357
55.8972714730444 4.19232761859894 6.7459237575531 12.7977035045624
61.4316632514152 4.19232761859894 6.7459237575531 12.7977035045624
67.5140154498445 4.19232761859894 6.7459237575531 13.5650882720947
74.1985816582434 4.19232761859894 6.7459237575531 14.0495128631592
81.5449871173038 4.19232761859894 6.7459237575531 15.4625341892242
89.6187605659235 4.19232761859894 6.78427338600159 18.4399180412292
98.4919187468734 4.19232761859894 6.78427338600159 19.9537986516953
108.243608784401 4.19232761859894 7.39072012901306 21.6932413578033
118.960814163673 4.19232761859894 7.39072012901306 22.7519547939301
130.739130609284 4.19232761859894 7.39072012901306 23.7776794433594
143.683618783529 4.19232761859894 7.39072012901306 24.1247801780701
157.909741410383 4.19232761859894 7.39072012901306 25.6130924224854
173.703536936922 4.19232761859894 7.39072012901306 32.1171140670776
190.901933233621 4.19232761859894 7.39072012901306 32.1171140670776
209.803143649102 4.19232761859894 7.39072012901306 42.6647655963898
230.575763898515 4.19232761859894 7.42906975746155 44.4536511898041
253.405082367608 4.19232761859894 7.42906975746155 45.8264765739441
278.494732854913 4.19232761859894 7.42906975746155 47.3147888183594
306.068510952025 4.19232761859894 7.42906975746155 47.3147888183594
336.372370263797 4.19232761859894 7.42906975746155 53.5285472869873
369.676616274388 4.19232761859894 7.42906975746155 53.5285472869873
370.015617281199 4.19232761859894 7.42906975746155 53.5285472869873
