0.0194894644874591 0.586059033870697 0.00776016712188721 0.00350236892700195
0.0195076157341004 0.586059033870697 0.00776016712188721 0.00350236892700195
0.0214706726399789 0.586059033870697 0.00776016712188721 0.00350236892700195
0.0236312725192399 0.586059033870697 0.00776016712188721 0.00350236892700195
0.0260092941773403 0.586059033870697 0.00776016712188721 0.00350236892700195
0.02862661682957 0.586059033870697 0.00776016712188721 0.00350236892700195
0.0315073214028609 0.586059033870697 0.0163758993148804 0.00940185785293579
0.0346779120946542 0.586059033870697 0.0163758993148804 0.00940185785293579
0.0381675602272991 0.586059033870697 0.0163758993148804 0.00940185785293579
0.0420083726415892 0.586059033870697 0.0163758993148804 0.00940185785293579
0.0462787480746938 0.586059033870697 0.0163758993148804 0.00940185785293579
0.0509357916233132 0.586059033870697 0.0163758993148804 0.00940185785293579
0.056061474785492 0.586059033870697 0.0163758993148804 0.00940185785293579
0.0617029568985016 0.586059033870697 0.0163758993148804 0.00940185785293579
0.0679121429571029 0.586059033870697 0.0255043506622314 0.0167108774185181
0.0747461611704054 0.768446087837219 0.0435641407966614 0.0168235898017883
0.0822678885754094 0.967256665229797 0.0435641407966614 0.0168235898017883
0.0905465295431877 1.00701880455017 0.0459350943565369 0.0216403007507324
0.0996582525003081 1.9137766957283 0.0503255128860474 0.0412611961364746
0.109686890723714 1.9137766957283 0.0892993211746216 0.048601508140564
0.120724713656792 1.9137766957283 0.0918901562690735 0.048601508140564
0.132873275843195 2.74790793657303 0.0918901562690735 0.0523967891931534
0.146244351289115 2.74790793657303 0.11758828163147 0.0610170662403107
0.160960961850701 2.74790793657303 0.126010835170746 0.0700879693031311
0.177158509108387 2.74790793657303 0.159119248390198 0.0833959579467773
0.194986020142061 2.80583125352859 0.197741270065308 0.0942458212375641
0.214807390451206 2.80583125352859 0.20514715090394 0.100796550512314
0.23642351909587 3.39448344707489 0.232125643640757 0.115837752819061
0.260214884898814 3.51117664575577 0.269331611692905 0.135343343019485
0.286400382592417 3.51117664575577 0.275329921394587 0.14794334769249
0.315220934348083 3.56563341617584 0.314765565097332 0.165290892124176
0.346941706403675 3.56563341617584 0.351151593029499 0.178849279880524
0.381854548750803 3.56563341617584 0.397000133991241 0.202101603150368
0.420280680328535 3.62527656555176 0.42875063419342 0.225648164749146
0.462573644428912 3.84656143188477 0.47326547279954 0.241411864757538
0.509122561505755 3.84656143188477 0.522600214928389 0.268873602151871
0.560355709314554 3.93300080299377 0.582915876060724 0.30346006155014
0.616744463322841 3.98659324645996 0.64286857098341 0.330009609460831
0.678807633645181 3.98659324645996 0.718679126352072 0.364635393023491
0.74711623840516 4.04104995727539 0.79514217376709 0.414413139224052
0.822298757442146 4.06265139579773 0.877292931079865 0.450932562351227
0.90504691470005 4.17070913314819 0.966818928718567 0.499819934368134
0.997049767162749 4.17070913314819 1.06695532798767 0.54481515288353
1.0973831681079 4.17070913314819 1.17476981133223 0.604588180780411
1.207813147656 4.17070913314819 1.29222893342376 0.665685713291168
1.32935572737641 4.17070913314819 1.43350040912628 0.724584460258484
1.46312917137724 4.17070913314819 1.57385045289993 0.801244556903839
1.61036427500108 4.19232761859894 1.70392215251923 0.877223372459412
1.77241568887504 4.19232761859894 1.85251742601395 0.97288978099823
1.95077438250316 4.19232761859894 2.08344054222107 1.07768964767456
2.14708136207369 4.19232761859894 2.27074265480042 1.17334872484207
2.36314276869316 4.19232761859894 2.49865883588791 1.29602497816086
2.60094649596008 4.19232761859894 2.68785154819489 1.43610149621964
2.86268047976978 4.19232761859894 2.96019625663757 1.55569040775299
3.15075282862747 4.19232761859894 3.15748691558838 1.69173896312714
3.46781397968047 4.19232761859894 3.4547473192215 1.91397005319595
3.81678108431816 4.19232761859894 3.72996306419373 2.02271163463593
4.2008648477019 4.19232761859894 4.16758370399475 2.21121752262115
4.62790519502682 4.19232761859894 4.31850838661194 2.43222892284393
5.09361260779729 4.19232761859894 4.70494914054871 2.65681886672974
5.6061842896419 4.19232761859894 5.07670068740845 2.72422444820404
6.17033620525356 4.19232761859894 5.43299508094788 2.84761336445808
6.79125888819023 4.19232761859894 5.91389799118042 3.18057042360306
7.47466519687438 4.19232761859894 6.52284145355225 3.492467045784
8.22684287629239 4.19232761859894 6.551997423172 3.69430935382843
9.05471240899251 4.19232761859894 6.61341762542725 3.75670981407166
9.96589068764523 4.19232761859894 6.61341762542725 3.98023772239685
10.9687610949915 4.19232761859894 6.61341762542725 4.53970086574554
12.072550635956 4.19232761859894 6.61341762542725 4.59909725189209
13.2874148315868 4.19232761859894 6.61341762542725 4.96704542636871
14.6245311558961 4.19232761859894 6.61341762542725 4.96704542636871
16.0962018752773 4.19232761859894 6.61341762542725 5.06199848651886
17.7159672366814 4.19232761859894 6.61341762542725 5.4383157491684
19.4987300459514 4.19232761859894 6.61341762542725 5.92608642578125
21.4808800919766 4.19232761859894 6.61341762542725 6.10634481906891
23.6425071500281 4.19232761859894 6.61341762542725 6.24413645267487
26.0216593522121 4.19232761859894 6.61341762542725 7.11129081249237
28.6402263154973 4.19232761859894 6.61341762542725 7.74047768115997
31.5223004152183 4.19232761859894 6.61341762542725 8.10220003128052
34.6943984492749 4.19232761859894 6.61341762542725 8.62513482570648
38.1857056084627 4.19232761859894 6.61341762542725 9.93774652481079
42.0283439976073 4.19232761859894 6.61341762542725 10.8307542800903
46.2576681780564 4.19232761859894 6.61341762542725 11.3540391921997
50.9125904506965 4.19232761859894 6.61341762542725 12.4484605789185
56.0359388722924 4.19232761859894 6.61341762542725 12.4484605789185
61.674851299112 4.19232761859894 6.61341762542725 12.4484605789185
67.8812090832727 4.19232761859894 6.61341762542725 14.2310981750488
74.7121144120754 4.19232761859894 6.61341762542725 16.3620244264603
82.2304156821292 4.19232761859894 6.61341762542725 19.4523010253906
90.5052857420251 4.19232761859894 6.61341762542725 22.9138126373291
99.7056313992196 4.19232761859894 7.45888781547546 22.9138126373291
109.739037374665 4.19232761859894 7.45888781547546 22.9138126373291
120.782107840023 4.19232761859894 7.45888781547546 22.9766163825989
132.936445619368 4.19232761859894 7.45888781547546 23.8287100791931
146.313877857786 4.19232761859894 7.45888781547546 23.8287100791931
161.037484897703 4.19232761859894 7.45888781547546 23.8287100791931
177.242732691319 4.19232761859894 7.45888781547546 23.8287100791931
195.078719168039 4.19232761859894 7.45888781547546 23.8287100791931
214.709546024206 4.19232761859894 7.45888781547546 23.8287100791931
214.909512828253 4.19232761859894 7.45888781547546 23.8287100791931
