0.0387145280838013 0.586059033870697 0.00646531581878662 0.00322109460830688
0.0387500300966981 0.586059033870697 0.00646531581878662 0.00322109460830688
0.0425866726076336 0.586059033870697 0.00646531581878662 0.00322109460830688
0.0468031812946723 0.586059033870697 0.00646531581878662 0.00322109460830688
0.0514371667278207 0.586059033870697 0.00646531581878662 0.00322109460830688
0.0565299633015929 0.586059033870697 0.00646531581878662 0.00322109460830688
0.0621269979310704 0.586059033870697 0.00646531581878662 0.00322109460830688
0.068278195252578 0.586059033870697 0.00646531581878662 0.00322109460830688
0.0750384229432996 0.586059033870697 0.0147458910942078 0.00322109460830688
0.0824679811320132 0.586059033870697 0.0147458910942078 0.00322109460830688
0.0907162527069789 0.586059033870697 0.0290160477161407 0.00983908772468567
0.0996980736423392 0.586059033870697 0.0290160477161407 0.00983908772468567
0.109569185139287 0.586059033870697 0.0290160477161407 0.00983908772468567
0.120417635902936 0.586059033870697 0.0290160477161407 0.00983908772468567
0.132340192345309 0.586059033870697 0.0290160477161407 0.00983908772468567
0.145443201725957 0.99837489426136 0.0705289840698242 0.0333828330039978
0.159843540752169 0.99837489426136 0.0705289840698242 0.0425301790237427
0.175669658100152 0.99837489426136 0.0705289840698242 0.0425301790237427
0.193062720156276 0.99837489426136 0.0757467746734619 0.0425301790237427
0.212177870198225 2.30101633071899 0.0995227694511414 0.0467113554477692
0.233185612247737 2.30101633071899 0.0995227694511414 0.0536767244338989
0.25627333193868 2.30101633071899 0.116544604301453 0.0680038332939148
0.281646967966354 2.74790793657303 0.136068999767303 0.0683533549308777
0.309532849027073 2.74790793657303 0.145045399665833 0.0743662863969803
0.340179712633237 2.74790793657303 0.183042287826538 0.0849928259849548
0.373860923811385 2.74790793657303 0.19815269112587 0.0964572131633759
0.411253695994416 3.10663169622421 0.230558581650257 0.112058579921722
0.451971945990459 3.13343650102615 0.275087028741837 0.128496170043945
0.496721712052834 3.13343650102615 0.307353489100933 0.130901291966438
0.54590215479858 3.56563341617584 0.320135742425919 0.148244604468346
0.599951955758347 3.7056565284729 0.367840319871902 0.167664587497711
0.659353230344131 3.7056565284729 0.406831867992878 0.175378203392029
0.724635828240139 3.7056565284729 0.439766757190228 0.20630931854248
0.796382059575582 3.7056565284729 0.47064945101738 0.22129225730896
0.875231889036086 3.84656143188477 0.561687737703323 0.248607605695724
0.961888644244345 3.84656143188477 0.611393570899963 0.26773689687252
1.05712528932784 3.93300080299377 0.664097659289837 0.301700592041016
1.16179131963283 3.93300080299377 0.713838294148445 0.338821172714233
1.27682033908432 4.04104995727539 0.794520348310471 0.357785537838936
1.4032383877809 4.04104995727539 0.891252785921097 0.39850527048111
1.54217309410505 4.19232761859894 0.961627632379532 0.425145208835602
1.69486373298454 4.19232761859894 1.06982928514481 0.461375996470451
1.86438038854372 4.19232761859894 1.19792932271957 0.501521423459053
2.0489727885339 4.19232761859894 1.28824564814568 0.565839633345604
2.25184169172242 4.19232761859894 1.45385092496872 0.619978427886963
2.4747966556489 4.19232761859894 1.57552526146173 0.704958751797676
2.7198264022398 4.19232761859894 1.75111977010965 0.754099115729332
2.98911655688376 4.19232761859894 1.95991241931915 0.852510347962379
3.28506914385371 4.19232761859894 2.08169917017221 0.942222774028778
3.61032401197175 4.19232761859894 2.34252816438675 1.01650565862656
3.96778238163021 4.19232761859894 2.54401981830597 1.11186091601849
4.36063272320454 4.19232761859894 2.77595567703247 1.22974628210068
4.79237919768918 4.19232761859894 3.11519902944565 1.39717715978622
5.2668729132423 4.19232761859894 3.45068303495646 1.43898886442184
5.78834627644265 4.19232761859894 3.72525072097778 1.68882972002029
6.36145074466621 4.19232761859894 3.93767264485359 1.79939872026443
6.99129831632754 4.19232761859894 4.35061624646187 1.92852234840393
7.68350712907217 4.19232761859894 4.81808811426163 2.12516085803509
8.45199512379247 4.19232761859894 5.35678279399872 2.36717742681503
9.28882760400582 4.19232761859894 5.71169888973236 2.68340867757797
10.2085149119472 4.19232761859894 6.03406584262848 2.75242012739182
11.2192605084528 4.19232761859894 6.54891133308411 3.03595066070557
12.330080079446 4.19232761859894 6.61131501197815 3.11231315135956
13.5508819543863 4.19232761859894 6.6462299823761 3.41073846817017
14.8925554869521 4.19232761859894 6.65772294998169 3.68880999088287
16.3670681863003 4.19232761859894 6.65772294998169 3.9371417760849
17.9875724652967 4.19232761859894 6.65772294998169 4.19138748943806
19.7685229578944 4.19232761859894 6.65772294998169 4.54015266895294
21.7258054521118 4.19232761859894 6.65772294998169 5.11597633361816
23.8768785886714 4.19232761859894 6.65772294998169 6.25629138946533
26.2409295892292 4.19232761859894 6.65772294998169 6.25629138946533
28.8390454032626 4.19232761859894 6.65772294998169 6.53742247819901
31.6944008002223 4.19232761859894 6.65772294998169 7.03740572929382
34.8324650846968 4.19232761859894 6.65772294998169 7.7516617923975
38.3163339475004 4.19232761859894 6.65772294998169 8.4181991815567
42.1100361799719 4.19232761859894 6.65772294998169 9.0076779127121
46.2793530693252 4.19232761859894 6.65772294998169 9.81288456916809
50.8614742424258 4.19232761859894 6.65772294998169 10.2398102283478
55.8972714730444 4.19232761859894 6.65772294998169 10.2398102283478
61.4316632514152 4.19232761859894 6.65772294998169 10.2398102283478
67.5140154498445 4.19232761859894 6.65772294998169 11.5629529953003
74.1985816582434 4.19232761859894 6.65772294998169 13.5141863822937
81.5449871173038 4.19232761859894 6.65772294998169 13.5141863822937
89.6187605659235 4.19232761859894 6.65772294998169 16.093181848526
98.4919187468734 4.19232761859894 6.65772294998169 17.2562719583511
108.243608784401 4.19232761859894 7.45922136306763 19.2055513858795
118.960814163673 4.19232761859894 7.45922136306763 20.7226829528809
130.739130609284 4.19232761859894 7.45922136306763 23.8350524902344
143.683618783529 4.19232761859894 7.45922136306763 23.8350524902344
157.909741410383 4.19232761859894 7.45922136306763 23.8350524902344
173.703536936922 4.19232761859894 7.45922136306763 28.1760468482971
190.901933233621 4.19232761859894 7.45922136306763 28.1760468482971
209.803143649102 4.19232761859894 7.45922136306763 37.1907405853271
230.575763898515 4.19232761859894 7.45922136306763 41.6902332305908
253.405082367608 4.19232761859894 7.45922136306763 41.6902332305908
278.494732854913 4.19232761859894 7.45922136306763 41.6902332305908
306.068510952025 4.19232761859894 7.45922136306763 41.6902332305908
336.372370263797 4.19232761859894 7.45922136306763 50.4909324645996
369.676616274388 4.19232761859894 7.45922136306763 50.4909324645996
370.015617281199 4.19232761859894 7.45922136306763 50.4909324645996
