0.0387145280838013 0.586059033870697 0.00952816009521484 0.00655484199523926
0.0387500300966981 0.586059033870697 0.00952816009521484 0.00655484199523926
0.0425866726076336 0.586059033870697 0.00952816009521484 0.00655484199523926
0.0468031812946723 0.586059033870697 0.00952816009521484 0.00655484199523926
0.0514371667278207 0.586059033870697 0.00952816009521484 0.00655484199523926
0.0565299633015929 0.586059033870697 0.00952816009521484 0.00655484199523926
0.0621269979310704 0.586059033870697 0.00952816009521484 0.00655484199523926
0.068278195252578 0.586059033870697 0.00952816009521484 0.00655484199523926
0.0750384229432996 0.586059033870697 0.0185096263885498 0.0137702971696854
0.0824679811320132 0.586059033870697 0.0185096263885498 0.0137702971696854
0.0907162527069789 0.586059033870697 0.0185096263885498 0.0137702971696854
0.0996980736423392 0.586059033870697 0.0185096263885498 0.0137702971696854
0.109569185139287 0.586059033870697 0.0185096263885498 0.0137702971696854
0.120417635902936 0.586059033870697 0.0185096263885498 0.0137702971696854
0.132340192345309 0.586059033870697 0.0185096263885498 0.0137702971696854
0.145443201725957 0.586059033870697 0.0185096263885498 0.0137702971696854
0.159843540752169 0.967256665229797 0.0398140996694565 0.0260564088821411
0.175669658100152 0.967256665229797 0.0545302033424377 0.039488822221756
0.193062720156276 0.967256665229797 0.0878810733556747 0.0442689955234528
0.212177870198225 1.85931992530823 0.089504212141037 0.0470077395439148
0.233185612247737 1.9137766957283 0.089504212141037 0.0532591193914413
0.25627333193868 1.9137766957283 0.106462299823761 0.0591635257005692
0.281646967966354 2.74790793657303 0.148951664566994 0.0663542747497559
0.309532849027073 2.74790793657303 0.162178754806519 0.0773292779922485
0.340179712633237 2.74790793657303 0.181881964206696 0.085792601108551
0.373860923811385 2.74790793657303 0.212127178907394 0.0992602705955505
0.411253695994416 3.10663169622421 0.259477270767093 0.1047153621912
0.451971945990459 3.10663169622421 0.304995149374008 0.126018226146698
0.496721712052834 3.12219077348709 0.304995149374008 0.139953434467316
0.54590215479858 3.56563341617584 0.350682109594345 0.154607057571411
0.599951955758347 3.56563341617584 0.387609571218491 0.163175851106644
0.659353230344131 3.56563341617584 0.445018753409386 0.189365267753601
0.724635828240139 3.56563341617584 0.452429905533791 0.204710245132446
0.796382059575582 3.56563341617584 0.52222403883934 0.227376878261566
0.875231889036086 3.84656143188477 0.553056448698044 0.254621386528015
0.961888644244345 3.84656143188477 0.646782964468002 0.280651360750198
1.05712528932784 3.84656143188477 0.675188064575195 0.313859820365906
1.16179131963283 3.84656143188477 0.780573040246964 0.33841946721077
1.27682033908432 3.98659324645996 0.832179144024849 0.385206878185272
1.4032383877809 4.04104137420654 0.955581873655319 0.412970125675201
1.54217309410505 4.04104995727539 1.03367665410042 0.45431324839592
1.69486373298454 4.17070913314819 1.16897332668304 0.500958919525146
1.86438038854372 4.17070913314819 1.28680044412613 0.554820746183395
2.0489727885339 4.17070913314819 1.37627303600311 0.612026929855347
2.25184169172242 4.17070913314819 1.51970116794109 0.660860270261765
2.4747966556489 4.17070913314819 1.70332509279251 0.721968144178391
2.7198264022398 4.17070913314819 1.86429274082184 0.822596251964569
2.98911655688376 4.19232761859894 2.10524605214596 0.889950633049011
3.28506914385371 4.19232761859894 2.23286782205105 0.96458575129509
3.61032401197175 4.19232761859894 2.53495454788208 1.06897285580635
3.96778238163021 4.19232761859894 2.7116504907608 1.16992917656898
4.36063272320454 4.19232761859894 3.02371917665005 1.31568241119385
4.79237919768918 4.19232761859894 3.29881343245506 1.44028908014297
5.2668729132423 4.19232761859894 3.76876603066921 1.55832856893539
5.78834627644265 4.19232761859894 3.93118727207184 1.7171123623848
6.36145074466621 4.19232761859894 4.22188082337379 1.88194543123245
6.99129831632754 4.19232761859894 4.65424038469791 2.10311985015869
7.68350712907217 4.19232761859894 5.08326363563538 2.26736479997635
8.45199512379247 4.19232761859894 5.45200860500336 2.56485724449158
9.28882760400582 4.19232761859894 5.7004222869873 2.72276252508163
10.2085149119472 4.19232761859894 6.10563457012177 3.01176959276199
11.2192605084528 4.19232761859894 6.51921772956848 3.28448230028152
12.330080079446 4.19232761859894 6.61349129676819 3.62903052568436
13.5508819543863 4.19232761859894 6.67597770690918 4.01051372289658
14.8925554869521 4.19232761859894 6.67597770690918 4.29365205764771
16.3670681863003 4.19232761859894 6.78979253768921 4.76249241828918
17.9875724652967 4.19232761859894 6.78979253768921 5.14816236495972
19.7685229578944 4.19232761859894 6.78979253768921 5.73652768135071
21.7258054521118 4.19232761859894 6.78979253768921 6.49908936023712
23.8768785886714 4.19232761859894 7.02941429615021 7.12397295236588
26.2409295892292 4.19232761859894 7.02941429615021 7.8498375415802
28.8390454032626 4.19232761859894 7.02941429615021 8.46858286857605
31.6944008002223 4.19232761859894 7.02941429615021 9.35841369628906
34.8324650846968 4.19232761859894 7.02941429615021 10.3525240421295
38.3163339475004 4.19232761859894 7.02941429615021 10.7609632015228
42.1100361799719 4.19232761859894 7.02941429615021 11.2564158439636
46.2793530693252 4.19232761859894 7.02941429615021 11.2564158439636
50.8614742424258 4.19232761859894 7.02941429615021 11.2564158439636
55.8972714730444 4.19232761859894 7.02941429615021 11.2564158439636
61.4316632514152 4.19232761859894 7.02941429615021 11.2564158439636
67.5140154498445 4.19232761859894 7.02941429615021 12.6855969429016
74.1985816582434 4.19232761859894 7.02941429615021 14.3655271530151
81.5449871173038 4.19232761859894 7.02941429615021 14.3655271530151
89.6187605659235 4.19232761859894 7.02941429615021 16.4394645690918
98.4919187468734 4.19232761859894 7.02941429615021 19.0841798782349
108.243608784401 4.19232761859894 7.46903896331787 20.9966354370117
118.960814163673 4.19232761859894 7.46903896331787 22.1020793914795
130.739130609284 4.19232761859894 7.46903896331787 26.6592502593994
143.683618783529 4.19232761859894 7.46903896331787 26.6592502593994
157.909741410383 4.19232761859894 7.46903896331787 26.6592502593994
173.703536936922 4.19232761859894 7.46903896331787 26.6592502593994
190.901933233621 4.19232761859894 7.46903896331787 26.6592502593994
209.803143649102 4.19232761859894 7.46903896331787 26.6592502593994
230.575763898515 4.19232761859894 7.9834771156311 26.6592502593994
253.405082367608 4.19232761859894 7.9834771156311 26.6592502593994
278.494732854913 4.19232761859894 7.9834771156311 26.6592502593994
306.068510952025 4.19232761859894 7.9834771156311 26.6592502593994
336.372370263797 4.19232761859894 7.9834771156311 26.6592502593994
369.676616274388 4.19232761859894 7.9834771156311 26.6592502593994
370.015617281199 4.19232761859894 7.9834771156311 26.6592502593994
