0.0387145280838013 0.586059033870697 0.00877457857131958 0.0022016167640686
0.0387500300966981 0.586059033870697 0.00877457857131958 0.0022016167640686
0.0425866726076336 0.586059033870697 0.00877457857131958 0.0022016167640686
0.0468031812946723 0.586059033870697 0.00877457857131958 0.0022016167640686
0.0514371667278207 0.586059033870697 0.00877457857131958 0.0022016167640686
0.0565299633015929 0.586059033870697 0.00877457857131958 0.0022016167640686
0.0621269979310704 0.586059033870697 0.00877457857131958 0.0022016167640686
0.068278195252578 0.586059033870697 0.00877457857131958 0.0022016167640686
0.0750384229432996 0.586059033870697 0.0175737738609314 0.0022016167640686
0.0824679811320132 0.586059033870697 0.0175737738609314 0.0022016167640686
0.0907162527069789 0.586059033870697 0.0175737738609314 0.0022016167640686
0.0996980736423392 0.586059033870697 0.0175737738609314 0.0022016167640686
0.109569185139287 0.586059033870697 0.0175737738609314 0.0022016167640686
0.120417635902936 0.586059033870697 0.0175737738609314 0.0022016167640686
0.132340192345309 0.586059033870697 0.0175737738609314 0.0022016167640686
0.145443201725957 0.586059033870697 0.0175737738609314 0.0022016167640686
0.159843540752169 0.967256665229797 0.0428590774536133 0.0182596445083618
0.175669658100152 0.967256665229797 0.0520893335342407 0.0252976715564728
0.193062720156276 0.967256665229797 0.0847218930721283 0.0252976715564728
0.212177870198225 1.85931992530823 0.0881093740463257 0.0329126119613647
0.233185612247737 1.9137766957283 0.0881093740463257 0.0443552136421204
0.25627333193868 1.9137766957283 0.100985169410706 0.0443552136421204
0.281646967966354 2.74790793657303 0.145470321178436 0.0492810346186161
0.309532849027073 2.74790793657303 0.1576988697052 0.0568654537200928
0.340179712633237 2.74790793657303 0.177207440137863 0.0638493299484253
0.373860923811385 2.74790793657303 0.208263605833054 0.0784401670098305
0.411253695994416 3.10663169622421 0.251885112375021 0.0786380618810654
0.451971945990459 3.10663169622421 0.297033280134201 0.100390858948231
0.496721712052834 3.12219077348709 0.297033280134201 0.102506995201111
0.54590215479858 3.56563341617584 0.342459946870804 0.109858572483063
0.599951955758347 3.56563341617584 0.38198247551918 0.126510977745056
0.659353230344131 3.56563341617584 0.434696488082409 0.132675856351852
0.724635828240139 3.56563341617584 0.438762065023184 0.148403406143188
0.796382059575582 3.56563341617584 0.508232027292252 0.181012198328972
0.875231889036086 3.84656143188477 0.537193030118942 0.181012198328972
0.961888644244345 3.84656143188477 0.636848032474518 0.207053944468498
1.05712528932784 3.84656143188477 0.661199301481247 0.227517537772655
1.16179131963283 3.84656143188477 0.76009401679039 0.241123989224434
1.27682033908432 3.98659324645996 0.81377649307251 0.276404172182083
1.4032383877809 4.04104137420654 0.937844008207321 0.295854195952415
1.54217309410505 4.04104995727539 1.01385483145714 0.340235531330109
1.69486373298454 4.17070913314819 1.14213281869888 0.357779279351234
1.86438038854372 4.17070913314819 1.26230978965759 0.393540680408478
2.0489727885339 4.17070913314819 1.34351348876953 0.458008140325546
2.25184169172242 4.17070913314819 1.48365661501884 0.48351414501667
2.4747966556489 4.17070913314819 1.66360457986593 0.562619984149933
2.7198264022398 4.17070913314819 1.82102790474892 0.608875900506973
2.98911655688376 4.19232761859894 2.05458083748817 0.639049276709557
3.28506914385371 4.19232761859894 2.19110812991858 0.714093685150146
3.61032401197175 4.19232761859894 2.48233759403229 0.783968552947044
3.96778238163021 4.19232761859894 2.65786373615265 0.856525361537933
4.36063272320454 4.19232761859894 2.95301630534232 0.928375706076622
4.79237919768918 4.19232761859894 3.22930350899696 1.005122423172
5.2668729132423 4.19232761859894 3.68271186389029 1.17119486629963
5.78834627644265 4.19232761859894 3.87240087985992 1.32729822397232
6.36145074466621 4.19232761859894 4.13825884461403 1.41809870302677
6.99129831632754 4.19232761859894 4.57014532387257 1.51682738959789
7.68350712907217 4.19232761859894 5.00687521696091 1.67796242237091
8.45199512379247 4.19232761859894 5.37634885311127 1.73584753274918
9.28882760400582 4.19232761859894 5.57455313205719 1.97586864233017
10.2085149119472 4.19232761859894 6.07401013374329 2.08817905187607
11.2192605084528 4.19232761859894 6.512202501297 2.21166408061981
12.330080079446 4.19232761859894 6.59587550163269 2.73156261444092
13.5508819543863 4.19232761859894 6.61154699325562 3.07723879814148
14.8925554869521 4.19232761859894 6.61744117736816 3.07723879814148
16.3670681863003 4.19232761859894 6.71337985992432 3.38087129592896
17.9875724652967 4.19232761859894 6.71927404403687 3.66610276699066
19.7685229578944 4.19232761859894 6.71927404403687 3.77396249771118
21.7258054521118 4.19232761859894 6.71927404403687 4.11673498153687
23.8768785886714 4.19232761859894 6.71927404403687 4.47851753234863
26.2409295892292 4.19232761859894 6.71927404403687 4.96821492910385
28.8390454032626 4.19232761859894 6.71927404403687 5.64769838750362
31.6944008002223 4.19232761859894 6.71927404403687 5.8151148557663
34.8324650846968 4.19232761859894 6.71927404403687 6.35071802139282
38.3163339475004 4.19232761859894 6.71927404403687 6.73364567756653
42.1100361799719 4.19232761859894 6.71927404403687 7.4179162979126
46.2793530693252 4.19232761859894 6.71927404403687 7.89421486854553
50.8614742424258 4.19232761859894 6.71927404403687 8.75728386640549
55.8972714730444 4.19232761859894 6.71927404403687 9.59879791736603
61.4316632514152 4.19232761859894 6.71927404403687 10.3775994777679
67.5140154498445 4.19232761859894 6.71927404403687 10.3775994777679
74.1985816582434 4.19232761859894 6.71927404403687 11.30921459198
81.5449871173038 4.19232761859894 6.71927404403687 14.6900858879089
89.6187605659235 4.19232761859894 6.71927404403687 14.6900858879089
98.4919187468734 4.19232761859894 6.71927404403687 17.1064076423645
108.243608784401 4.19232761859894 7.51151466369629 18.6192711591721
118.960814163673 4.19232761859894 7.51151466369629 20.600866779685
130.739130609284 4.19232761859894 7.51151466369629 21.6868140697479
143.683618783529 4.19232761859894 7.51151466369629 22.0627965927124
157.909741410383 4.19232761859894 7.51151466369629 22.0627965927124
173.703536936922 4.19232761859894 7.51151466369629 23.307980298996
190.901933233621 4.19232761859894 7.51151466369629 24.1074934005737
209.803143649102 4.19232761859894 7.51151466369629 28.5860109329224
230.575763898515 4.19232761859894 7.77998733520508 30.2481689453125
253.405082367608 4.19232761859894 7.77998733520508 30.2481689453125
278.494732854913 4.19232761859894 7.77998733520508 30.2481689453125
306.068510952025 4.19232761859894 7.77998733520508 30.2481689453125
336.372370263797 4.19232761859894 7.77998733520508 30.2481689453125
369.676616274388 4.19232761859894 7.77998733520508 30.2481689453125
370.015617281199 4.19232761859894 7.77998733520508 30.2481689453125
