0.0194894644874591 0.586059033870697 0.00993716716766357 0.00408953428268433
0.0195076157341004 0.586059033870697 0.00993716716766357 0.00408953428268433
0.0214706726399789 0.586059033870697 0.00993716716766357 0.00408953428268433
0.0236312725192399 0.586059033870697 0.00993716716766357 0.00408953428268433
0.0260092941773403 0.586059033870697 0.00993716716766357 0.00408953428268433
0.02862661682957 0.586059033870697 0.00993716716766357 0.00408953428268433
0.0315073214028609 0.586059033870697 0.0190399289131165 0.00408953428268433
0.0346779120946542 0.586059033870697 0.0190399289131165 0.00408953428268433
0.0381675602272991 0.586059033870697 0.0190399289131165 0.00408953428268433
0.0420083726415892 0.586059033870697 0.0190399289131165 0.00408953428268433
0.0462787480746938 0.586059033870697 0.0190399289131165 0.00408953428268433
0.0509357916233132 0.586059033870697 0.0190399289131165 0.00408953428268433
0.056061474785492 0.586059033870697 0.0190399289131165 0.00408953428268433
0.0617029568985016 0.586059033870697 0.0190399289131165 0.00408953428268433
0.0679121429571029 0.586059033870697 0.0311816930770874 0.00408953428268433
0.0747461611704054 0.768446087837219 0.0355575084686279 0.0288333594799042
0.0822678885754094 0.967256665229797 0.0464461445808411 0.0288333594799042
0.0905465295431877 1.00701880455017 0.0489456951618195 0.0288333594799042
0.0996582525003081 1.9137766957283 0.0566138923168182 0.0308845639228821
0.109686890723714 1.9137766957283 0.0897799730300903 0.0474394857883453
0.120724713656792 1.9137766957283 0.0957627594470978 0.0474394857883453
0.132873275843195 2.74790793657303 0.102151334285736 0.0556608438491821
0.146244351289115 2.74790793657303 0.119374863803387 0.0638979375362396
0.160960961850701 2.74790793657303 0.12611648440361 0.0765260457992554
0.177158509108387 2.74790793657303 0.158522367477417 0.0922248959541321
0.194986020142061 2.80583125352859 0.188804864883423 0.109048575162888
0.214807390451206 2.80583125352859 0.212343331426382 0.111278563737869
0.23642351909587 3.39448344707489 0.244947668164968 0.129589051008224
0.260214884898814 3.51117664575577 0.268756598234177 0.153200298547745
0.286400382592417 3.51117664575577 0.291153613477945 0.153508991003036
0.315220934348083 3.56563341617584 0.322430931031704 0.186463236808777
0.346941706403675 3.56563341617584 0.360152594745159 0.191818177700043
0.381854548750803 3.56563341617584 0.399943768978119 0.226643323898315
0.420280680328535 3.62527656555176 0.436621606349945 0.242360711097717
0.462573644428912 3.84656143188477 0.479657828807831 0.258723556995392
0.509122561505755 3.84656143188477 0.527078449726105 0.287298679351807
0.560355709314554 3.93300080299377 0.581569582223892 0.32033434510231
0.616744463322841 3.98659324645996 0.644374988973141 0.356622576713562
0.678807633645181 3.98659324645996 0.727005992084742 0.401216089725494
0.74711623840516 4.04104995727539 0.787800431251526 0.448261797428131
0.822298757442146 4.06265139579773 0.889756713062525 0.507447600364685
0.90504691470005 4.17070913314819 0.959552258253098 0.543681919574738
0.997049767162749 4.17070913314819 1.06852599978447 0.598957777023315
1.0973831681079 4.17070913314819 1.18151459097862 0.650835871696472
1.207813147656 4.17070913314819 1.30620519071817 0.724551856517792
1.32935572737641 4.17070913314819 1.42669725418091 0.81860363483429
1.46312917137724 4.17070913314819 1.58586812019348 0.87228661775589
1.61036427500108 4.19232761859894 1.72566968202591 0.959808230400085
1.77241568887504 4.19232761859894 1.88787460327148 1.07206243276596
1.95077438250316 4.19232761859894 2.04959201812744 1.14723634719849
2.14708136207369 4.19232761859894 2.24872314929962 1.30422925949097
2.36314276869316 4.19232761859894 2.4709255695343 1.32926654815674
2.60094649596008 4.19232761859894 2.71577668190002 1.45236694812775
2.86268047976978 4.19232761859894 2.93430936336517 1.55375951528549
3.15075282862747 4.19232761859894 3.07543838024139 1.72190809249878
3.46781397968047 4.19232761859894 3.42732012271881 1.7482196688652
3.81678108431816 4.19232761859894 3.68304455280304 1.87530738115311
4.2008648477019 4.19232761859894 4.07845854759216 1.89232897758484
4.62790519502682 4.19232761859894 4.28788948059082 2.05027914047241
5.09361260779729 4.19232761859894 4.66753339767456 2.16338014602661
5.6061842896419 4.19232761859894 5.01532089710236 2.35223126411438
6.17033620525356 4.19232761859894 5.41230309009552 2.35223126411438
6.79125888819023 4.19232761859894 5.93280458450317 2.59536993503571
7.47466519687438 4.19232761859894 6.54013252258301 2.59536993503571
8.22684287629239 4.19232761859894 6.6769437789917 2.71260190010071
9.05471240899251 4.19232761859894 6.78616189956665 2.90770375728607
9.96589068764523 4.19232761859894 6.78616189956665 2.90770375728607
10.9687610949915 4.19232761859894 6.78616189956665 3.18291020393372
12.072550635956 4.19232761859894 6.78616189956665 3.18348228931427
13.2874148315868 4.19232761859894 6.78616189956665 3.49581611156464
14.6245311558961 4.19232761859894 6.78616189956665 3.49581611156464
16.0962018752773 4.19232761859894 6.78616189956665 3.50136935710907
17.7159672366814 4.19232761859894 7.35142135620117 3.595294713974
19.4987300459514 4.19232761859894 7.35142135620117 3.68961489200592
21.4808800919766 4.19232761859894 7.35142135620117 3.69563806056976
23.6425071500281 4.19232761859894 7.35142135620117 4.13336223363876
26.0216593522121 4.19232761859894 7.35142135620117 4.79458737373352
28.6402263154973 4.19232761859894 7.35142135620117 5.18939757347107
31.5223004152183 4.19232761859894 7.35142135620117 5.77286696434021
34.6943984492749 4.19232761859894 7.35142135620117 6.36653256416321
38.1857056084627 4.19232761859894 7.35142135620117 6.73883748054504
42.0283439976073 4.19232761859894 7.35142135620117 7.34733247756958
46.2576681780564 4.19232761859894 7.35142135620117 8.0036199092865
50.9125904506965 4.19232761859894 7.35142135620117 8.0036199092865
56.0359388722924 4.19232761859894 7.35142135620117 8.0036199092865
61.674851299112 4.19232761859894 7.35142135620117 8.0036199092865
67.8812090832727 4.19232761859894 7.35142135620117 8.0036199092865
74.7121144120754 4.19232761859894 7.35142135620117 9.17969965934753
82.2304156821292 4.19232761859894 7.35142135620117 12.4323496818542
90.5052857420251 4.19232761859894 7.35142135620117 12.4323496818542
99.7056313992196 4.19232761859894 7.41052579879761 13.1920402050018
109.739037374665 4.19232761859894 7.41052579879761 15.5291314125061
120.782107840023 4.19232761859894 7.41052579879761 17.6207699775696
132.936445619368 4.19232761859894 7.81199789047241 17.6207699775696
146.313877857786 4.19232761859894 7.81199789047241 17.6207699775696
161.037484897703 4.19232761859894 7.81199789047241 17.6207699775696
177.242732691319 4.19232761859894 7.81199789047241 17.6207699775696
195.078719168039 4.19232761859894 7.81199789047241 17.6207699775696
214.709546024206 4.19232761859894 7.81199789047241 17.6207699775696
214.909512828253 4.19232761859894 7.81199789047241 17.6207699775696
