0.0194894644874591 0.586059033870697 0.0102128982543945 0.00857660174369812
0.0195076157341004 0.586059033870697 0.0102128982543945 0.00857660174369812
0.0214706726399789 0.586059033870697 0.0102128982543945 0.00857660174369812
0.0236312725192399 0.586059033870697 0.0102128982543945 0.00857660174369812
0.0260092941773403 0.586059033870697 0.0102128982543945 0.00857660174369812
0.02862661682957 0.586059033870697 0.0102128982543945 0.00857660174369812
0.0315073214028609 0.586059033870697 0.0193354487419128 0.0147014260292053
0.0346779120946542 0.586059033870697 0.0193354487419128 0.0147014260292053
0.0381675602272991 0.586059033870697 0.0193354487419128 0.0147014260292053
0.0420083726415892 0.586059033870697 0.0193354487419128 0.0147014260292053
0.0462787480746938 0.586059033870697 0.0329734683036804 0.0147014260292053
0.0509357916233132 0.586059033870697 0.0329734683036804 0.0147014260292053
0.056061474785492 0.586059033870697 0.0329734683036804 0.0147014260292053
0.0617029568985016 0.586059033870697 0.0329734683036804 0.0147014260292053
0.0679121429571029 0.651752918958664 0.0329734683036804 0.0238071829080582
0.0747461611704054 0.768446087837219 0.0369644910097122 0.0284269154071808
0.0822678885754094 0.967256665229797 0.0468194484710693 0.0336510241031647
0.0905465295431877 1.00701880455017 0.049090176820755 0.0336510241031647
0.0996582525003081 1.9137766957283 0.0646094670519233 0.055116593837738
0.109686890723714 2.30101633071899 0.0983152687549591 0.0607860684394836
0.120724713656792 2.30101633071899 0.0983152687549591 0.0627723634243011
0.132873275843195 2.74790793657303 0.111263692378998 0.0711950957775116
0.146244351289115 2.74790793657303 0.13383836299181 0.0876763761043549
0.160960961850701 2.74790793657303 0.160499081015587 0.0907708704471588
0.177158509108387 2.74790793657303 0.171177923679352 0.10477688908577
0.194986020142061 2.80583125352859 0.194158315658569 0.113671064376831
0.214807390451206 3.0089550614357 0.217282898724079 0.141112446784973
0.23642351909587 3.39448344707489 0.250055499374866 0.147903949022293
0.260214884898814 3.51117664575577 0.273912936449051 0.162530601024628
0.286400382592417 3.51117664575577 0.296200461685658 0.176713347434998
0.315220934348083 3.7056565284729 0.333965510129929 0.209474384784698
0.346941706403675 3.7056565284729 0.367058642208576 0.223360046744347
0.381854548750803 3.7056565284729 0.41307145357132 0.242921531200409
0.420280680328535 3.70566511154175 0.446222983300686 0.270142912864685
0.462573644428912 3.84656143188477 0.48929426074028 0.305805593729019
0.509122561505755 3.93300080299377 0.553916849195957 0.345790416002274
0.560355709314554 3.93300080299377 0.597675874829292 0.365420028567314
0.616744463322841 4.19232761859894 0.656935907900333 0.410036027431488
0.678807633645181 4.19232761859894 0.742522219195962 0.446686744689941
0.74711623840516 4.19232761859894 0.828897401690483 0.479756325483322
0.822298757442146 4.19232761859894 0.909129539504647 0.563984215259552
0.90504691470005 4.19232761859894 0.990641981363297 0.582953751087189
0.997049767162749 4.19232761859894 1.09312725067139 0.635535717010498
1.0973831681079 4.19232761859894 1.21257102489471 0.703405618667603
1.207813147656 4.19232761859894 1.33594081550837 0.774402052164078
1.32935572737641 4.19232761859894 1.46118319034576 0.865815281867981
1.46312917137724 4.19232761859894 1.62168496847153 0.904247984290123
1.61036427500108 4.19232761859894 1.76828055083752 0.996676057577133
1.77241568887504 4.19232761859894 1.92871767282486 1.09638088941574
1.95077438250316 4.19232761859894 2.11695057153702 1.22090047597885
2.14708136207369 4.19232761859894 2.30152773857117 1.31688272953033
2.36314276869316 4.19232761859894 2.52530062198639 1.50746005773544
2.60094649596008 4.19232761859894 2.76672887802124 1.58953627943993
2.86268047976978 4.19232761859894 2.99423623085022 1.73771217465401
3.15075282862747 4.19232761859894 3.26376402378082 1.8878453373909
3.46781397968047 4.19232761859894 3.49070930480957 2.09558296203613
3.81678108431816 4.19232761859894 3.75321042537689 2.22186529636383
4.2008648477019 4.19232761859894 4.14859735965729 2.35210478305817
4.62790519502682 4.19232761859894 4.50890624523163 2.58584904670715
5.09361260779729 4.19232761859894 4.78233790397644 2.7915210723877
5.6061842896419 4.19232761859894 5.08495056629181 2.96688437461853
6.17033620525356 4.19232761859894 5.4965842962265 3.25050783157349
6.79125888819023 4.19232761859894 6.15390431880951 3.38571238517761
7.47466519687438 4.19232761859894 6.62699449062347 3.62748408317566
8.22684287629239 4.19232761859894 6.7480628490448 4.06583333015442
9.05471240899251 4.19232761859894 6.8571035861969 4.40490770339966
9.96589068764523 4.19232761859894 6.8571035861969 4.86811017990112
10.9687610949915 4.19232761859894 6.8571035861969 5.14532232284546
12.072550635956 4.19232761859894 6.8571035861969 5.47200536727905
13.2874148315868 4.19232761859894 6.8571035861969 5.77284908294678
14.6245311558961 4.19232761859894 6.8571035861969 6.0306556224823
16.0962018752773 4.19232761859894 6.8571035861969 6.94035673141479
17.7159672366814 4.19232761859894 7.5940101146698 6.94035673141479
19.4987300459514 4.19232761859894 7.5940101146698 6.94035673141479
21.4808800919766 4.19232761859894 7.5940101146698 8.60514324903488
23.6425071500281 4.19232761859894 7.5940101146698 8.70316290855408
26.0216593522121 4.19232761859894 7.5940101146698 9.92086029052734
28.6402263154973 4.19232761859894 7.5940101146698 9.92086029052734
31.5223004152183 4.19232761859894 7.5940101146698 10.850426197052
34.6943984492749 4.19232761859894 7.5940101146698 10.850426197052
38.1857056084627 4.19232761859894 7.5940101146698 12.8248567581177
42.0283439976073 4.19232761859894 7.5940101146698 15.8053603172302
46.2576681780564 4.19232761859894 7.5940101146698 16.7349262237549
50.9125904506965 4.19232761859894 7.5940101146698 16.7349262237549
56.0359388722924 4.19232761859894 7.5940101146698 16.7349262237549
61.674851299112 4.19232761859894 7.88998007774353 16.7349262237549
67.8812090832727 4.19232761859894 7.88998007774353 17.9773262143135
74.7121144120754 4.19232761859894 7.88998007774353 17.9773262143135
82.2304156821292 4.19232761859894 7.88998007774353 27.512035369873
90.5052857420251 4.19232761859894 7.88998007774353 27.512035369873
99.7056313992196 4.19232761859894 7.88998007774353 32.8324565887451
109.739037374665 4.19232761859894 7.88998007774353 32.8324565887451
120.782107840023 4.19232761859894 7.88998007774353 34.905369758606
132.936445619368 4.19232761859894 7.96886873245239 34.905369758606
146.313877857786 4.19232761859894 7.96886873245239 34.905369758606
161.037484897703 4.19232761859894 7.96886873245239 42.5617046356201
177.242732691319 4.19232761859894 7.96886873245239 42.5617046356201
195.078719168039 4.19232761859894 7.96886873245239 59.296630859375
214.709546024206 4.19232761859894 7.97005677223206 61.3695440292358
214.909512828253 4.19232761859894 7.97005677223206 61.3695440292358
