0.0194894644874591 0.586059033870697 0.00716835260391235 0.00570622086524963
0.0195076157341004 0.586059033870697 0.00716835260391235 0.00570622086524963
0.0214706726399789 0.586059033870697 0.00716835260391235 0.00570622086524963
0.0236312725192399 0.586059033870697 0.00716835260391235 0.00570622086524963
0.0260092941773403 0.586059033870697 0.00716835260391235 0.00570622086524963
0.02862661682957 0.586059033870697 0.00716835260391235 0.00570622086524963
0.0315073214028609 0.586059033870697 0.0156261920928955 0.00570622086524963
0.0346779120946542 0.586059033870697 0.0156261920928955 0.00570622086524963
0.0381675602272991 0.586059033870697 0.0156261920928955 0.00570622086524963
0.0420083726415892 0.586059033870697 0.0156261920928955 0.00570622086524963
0.0462787480746938 0.586059033870697 0.0156261920928955 0.00570622086524963
0.0509357916233132 0.586059033870697 0.0156261920928955 0.00570622086524963
0.056061474785492 0.586059033870697 0.0156261920928955 0.00570622086524963
0.0617029568985016 0.586059033870697 0.0156261920928955 0.00570622086524963
0.0679121429571029 0.586059033870697 0.0246632099151611 0.010629415512085
0.0747461611704054 0.768446087837219 0.0508391261100769 0.0277004241943359
0.0822678885754094 0.967256665229797 0.0508391261100769 0.0277004241943359
0.0905465295431877 1.00701880455017 0.0508391261100769 0.0464600324630737
0.0996582525003081 1.9137766957283 0.0508391261100769 0.0464600324630737
0.109686890723714 1.9137766957283 0.0961021184921265 0.0464600324630737
0.120724713656792 1.9137766957283 0.097882091999054 0.047199159860611
0.132873275843195 2.74790793657303 0.097882091999054 0.064128041267395
0.146244351289115 2.74790793657303 0.129664778709412 0.069593757390976
0.160960961850701 2.74790793657303 0.134675621986389 0.0794599950313568
0.177158509108387 2.74790793657303 0.168300658930093 0.0925592482089996
0.194986020142061 2.80583125352859 0.214145183563232 0.0983207076787949
0.214807390451206 2.80583125352859 0.214145183563232 0.11105178296566
0.23642351909587 3.39448344707489 0.236032724380493 0.124503668397665
0.260214884898814 3.51117664575577 0.283834159374237 0.139036998152733
0.286400382592417 3.51117664575577 0.288556457031518 0.158809177577496
0.315220934348083 3.56563341617584 0.33551350235939 0.173525154590607
0.346941706403675 3.56563341617584 0.366621971130371 0.191808134317398
0.381854548750803 3.56563341617584 0.416645109653473 0.21128748357296
0.420280680328535 3.62527656555176 0.440896779298782 0.240822687745094
0.462573644428912 3.84656143188477 0.504521280992776 0.262894578278065
0.509122561505755 3.84656143188477 0.549095511436462 0.278386015444994
0.560355709314554 3.93300080299377 0.621845781803131 0.319656297564507
0.616744463322841 3.98659324645996 0.688028603792191 0.346674114465714
0.678807633645181 3.98659324645996 0.76099196029827 0.382942877709866
0.74711623840516 4.04104995727539 0.843298822641373 0.422292143106461
0.822298757442146 4.06265139579773 0.933239936828613 0.472387492656708
0.90504691470005 4.17070913314819 1.02422496676445 0.513745680451393
0.997049767162749 4.17070913314819 1.13026729226112 0.560681581497192
1.0973831681079 4.17070913314819 1.24001342058182 0.616002067923546
1.207813147656 4.17070913314819 1.35651233792305 0.686313450336456
1.32935572737641 4.17070913314819 1.5232589840889 0.748769488185644
1.46312917137724 4.17070913314819 1.65588861703873 0.829992324113846
1.61036427500108 4.19232761859894 1.7860894203186 0.922881469130516
1.77241568887504 4.19232761859894 1.98430719971657 1.03172262012959
1.95077438250316 4.19232761859894 2.20416527986526 1.12360233068466
2.14708136207369 4.19232761859894 2.40438163280487 1.2181733250618
2.36314276869316 4.19232761859894 2.65391707420349 1.33347201347351
2.60094649596008 4.19232761859894 2.78344339132309 1.44160982966423
2.86268047976978 4.19232761859894 3.09622406959534 1.62592105567455
3.15075282862747 4.19232761859894 3.35779082775116 1.76273816823959
3.46781397968047 4.19232761859894 3.61274325847626 1.88007342815399
3.81678108431816 4.19232761859894 3.91243803501129 2.10032290220261
4.2008648477019 4.19232761859894 4.36510729789734 2.25317722558975
4.62790519502682 4.19232761859894 4.4933887720108 2.42150515317917
5.09361260779729 4.19232761859894 4.86447703838348 2.64815318584442
5.6061842896419 4.19232761859894 5.25199484825134 2.90939617156982
6.17033620525356 4.19232761859894 5.60904216766357 3.15879213809967
6.79125888819023 4.19232761859894 6.05932104587555 3.41185176372528
7.47466519687438 4.19232761859894 6.66309404373169 3.77434456348419
8.22684287629239 4.19232761859894 6.67088007926941 4.04487860202789
9.05471240899251 4.19232761859894 6.67088007926941 4.34259557723999
9.96589068764523 4.19232761859894 6.67088007926941 4.71956491470337
10.9687610949915 4.19232761859894 6.67088007926941 5.11562275886536
12.072550635956 4.19232761859894 6.67088007926941 5.47583818435669
13.2874148315868 4.19232761859894 6.67088007926941 5.80951237678528
14.6245311558961 4.19232761859894 6.67088007926941 6.17451310157776
16.0962018752773 4.19232761859894 6.67088007926941 6.29260766506195
17.7159672366814 4.19232761859894 6.67088007926941 6.89342725276947
19.4987300459514 4.19232761859894 6.67088007926941 7.50724864006042
21.4808800919766 4.19232761859894 6.67088007926941 8.21453881263733
23.6425071500281 4.19232761859894 6.67088007926941 8.29388165473938
26.0216593522121 4.19232761859894 6.67088007926941 8.49414575099945
28.6402263154973 4.19232761859894 6.67088007926941 9.11151576042175
31.5223004152183 4.19232761859894 6.67088007926941 10.2010263204575
34.6943984492749 4.19232761859894 6.67088007926941 11.0894336700439
38.1857056084627 4.19232761859894 6.67088007926941 11.6014807224274
42.0283439976073 4.19232761859894 6.67088007926941 11.6014807224274
46.2576681780564 4.19232761859894 6.67088007926941 12.9648818969727
50.9125904506965 4.19232761859894 6.67088007926941 13.9516668319702
56.0359388722924 4.19232761859894 6.67088007926941 13.9516668319702
61.674851299112 4.19232761859894 6.67088007926941 14.9997992515564
67.8812090832727 4.19232761859894 6.67088007926941 16.5012254714966
74.7121144120754 4.19232761859894 6.67088007926941 18.413559794426
82.2304156821292 4.19232761859894 6.67088007926941 23.2536668777466
90.5052857420251 4.19232761859894 6.67088007926941 24.9681558609009
99.7056313992196 4.19232761859894 7.60428619384766 27.4477014541626
109.739037374665 4.19232761859894 7.60428619384766 27.4477014541626
120.782107840023 4.19232761859894 7.60428619384766 27.4477014541626
132.936445619368 4.19232761859894 7.60428619384766 27.4477014541626
146.313877857786 4.19232761859894 7.60428619384766 27.4477014541626
161.037484897703 4.19232761859894 7.60428619384766 27.4477014541626
177.242732691319 4.19232761859894 7.60428619384766 27.4477014541626
195.078719168039 4.19232761859894 7.60428619384766 27.4477014541626
214.709546024206 4.19232761859894 7.60428619384766 27.4477014541626
214.909512828253 4.19232761859894 7.60428619384766 27.4477014541626
