0.0387145280838013 0.586059033870697 0.00927239656448364 0.00329682230949402
0.0387500300966981 0.586059033870697 0.00927239656448364 0.00329682230949402
0.0425866726076336 0.586059033870697 0.00927239656448364 0.00329682230949402
0.0468031812946723 0.586059033870697 0.00927239656448364 0.00329682230949402
0.0514371667278207 0.586059033870697 0.00927239656448364 0.00329682230949402
0.0565299633015929 0.586059033870697 0.00927239656448364 0.00329682230949402
0.0621269979310704 0.586059033870697 0.00927239656448364 0.00329682230949402
0.068278195252578 0.586059033870697 0.00927239656448364 0.00329682230949402
0.0750384229432996 0.586059033870697 0.018141508102417 0.00461704656481743
0.0824679811320132 0.586059033870697 0.018141508102417 0.00461704656481743
0.0907162527069789 0.586059033870697 0.0322232842445374 0.00461704656481743
0.0996980736423392 0.586059033870697 0.0322232842445374 0.00461704656481743
0.109569185139287 0.586059033870697 0.0322232842445374 0.00461704656481743
0.120417635902936 0.586059033870697 0.0322232842445374 0.00461704656481743
0.132340192345309 0.586059033870697 0.0322232842445374 0.00461704656481743
0.145443201725957 0.99837489426136 0.0664488673210144 0.0210164338350296
0.159843540752169 0.99837489426136 0.0664488673210144 0.022668331861496
0.175669658100152 0.99837489426136 0.0664488673210144 0.022668331861496
0.193062720156276 0.99837489426136 0.085810124874115 0.0295836329460144
0.212177870198225 2.30101633071899 0.110048949718475 0.0379117056727409
0.233185612247737 2.30101633071899 0.110048949718475 0.0449502468109131
0.25627333193868 2.30101633071899 0.124752789735794 0.050503958016634
0.281646967966354 2.74790793657303 0.147190809249878 0.0653369426727295
0.309532849027073 2.74790793657303 0.159345388412476 0.0653369426727295
0.340179712633237 2.74790793657303 0.185535430908203 0.0756787657737732
0.373860923811385 2.74790793657303 0.209498852491379 0.0805806964635849
0.411253695994416 3.10663169622421 0.254491988569498 0.0864611864089966
0.451971945990459 3.13343650102615 0.299593240022659 0.110483445227146
0.496721712052834 3.13343650102615 0.315899610519409 0.121920496225357
0.54590215479858 3.56563341617584 0.345413684844971 0.140182554721832
0.599951955758347 3.7056565284729 0.387652784585953 0.140182554721832
0.659353230344131 3.7056565284729 0.437311142683029 0.158397853374481
0.724635828240139 3.7056565284729 0.478502720594406 0.163552612066269
0.796382059575582 3.7056565284729 0.512456625699997 0.185540623962879
0.875231889036086 3.84656143188477 0.594683855772018 0.199707001447678
0.961888644244345 3.84656143188477 0.645561307668686 0.232120275497437
1.05712528932784 3.93300080299377 0.704094499349594 0.256604075431824
1.16179131963283 3.93300080299377 0.774479806423187 0.276443779468536
1.27682033908432 4.04104995727539 0.836384862661362 0.322529271245003
1.4032383877809 4.04104995727539 0.948321729898453 0.329268723726273
1.54217309410505 4.19232761859894 1.02337083220482 0.365429669618607
1.69486373298454 4.19232761859894 1.14970749616623 0.395967423915863
1.86438038854372 4.19232761859894 1.27464640140533 0.451707601547241
2.0489727885339 4.19232761859894 1.3807764351368 0.485109865665436
2.25184169172242 4.19232761859894 1.54914796352386 0.509221315383911
2.4747966556489 4.19232761859894 1.6766936480999 0.539042346179485
2.7198264022398 4.19232761859894 1.86652612686157 0.622253268957138
2.98911655688376 4.19232761859894 2.06895944476128 0.639344811439514
3.28506914385371 4.19232761859894 2.21075376868248 0.653947114944458
3.61032401197175 4.19232761859894 2.50091862678528 0.823994249105453
3.96778238163021 4.19232761859894 2.69201278686523 0.854240387678146
4.36063272320454 4.19232761859894 2.97776320949197 0.918554604053497
4.79237919768918 4.19232761859894 3.32318246364594 0.969303786754608
5.2668729132423 4.19232761859894 3.71171597018838 1.08521223068237
5.78834627644265 4.19232761859894 3.91896778345108 1.30918776988983
6.36145074466621 4.19232761859894 4.16728910803795 1.30918776988983
6.99129831632754 4.19232761859894 4.61535975337029 1.41381621360779
7.68350712907217 4.19232761859894 5.05615967512131 1.81916904449463
8.45199512379247 4.19232761859894 5.59000182151794 1.84638613462448
9.28882760400582 4.19232761859894 5.85906958580017 1.87820738554001
10.2085149119472 4.19232761859894 6.16662240028381 2.31357878446579
11.2192605084528 4.19232761859894 6.62491130828857 2.31357878446579
12.330080079446 4.19232761859894 6.69731521606445 2.79651087522507
13.5508819543863 4.19232761859894 6.71454858779907 2.79651087522507
14.8925554869521 4.19232761859894 6.71620225906372 2.79651087522507
16.3670681863003 4.19232761859894 6.80476045608521 2.79651087522507
17.9875724652967 4.19232761859894 6.80476045608521 3.01866549253464
19.7685229578944 4.19232761859894 6.80476045608521 3.01866549253464
21.7258054521118 4.19232761859894 6.80476045608521 3.64226859807968
23.8768785886714 4.19232761859894 6.83872997760773 3.64226859807968
26.2409295892292 4.19232761859894 6.83872997760773 3.64226859807968
28.8390454032626 4.19232761859894 6.83872997760773 3.9930791258812
31.6944008002223 4.19232761859894 6.83872997760773 3.9930791258812
34.8324650846968 4.19232761859894 6.83872997760773 4.05843114852905
38.3163339475004 4.19232761859894 6.83872997760773 4.32154607772827
42.1100361799719 4.19232761859894 6.83872997760773 5.58561688661575
46.2793530693252 4.19232761859894 6.96343898773193 6.17105895280838
50.8614742424258 4.19232761859894 6.96343898773193 6.40912610292435
55.8972714730444 4.19232761859894 6.96343898773193 6.40912610292435
61.4316632514152 4.19232761859894 6.96343898773193 6.59810423851013
67.5140154498445 4.19232761859894 6.96343898773193 7.87450361251831
74.1985816582434 4.19232761859894 6.96343898773193 10.2309188842773
81.5449871173038 4.19232761859894 6.96343898773193 10.8701796531677
89.6187605659235 4.19232761859894 7.55434131622314 12.3184989094734
98.4919187468734 4.19232761859894 7.55434131622314 13.6228102147579
108.243608784401 4.19232761859894 7.58649778366089 14.2836297154427
118.960814163673 4.19232761859894 7.58649778366089 14.2836297154427
130.739130609284 4.19232761859894 7.58649778366089 15.8001871109009
143.683618783529 4.19232761859894 7.58649778366089 15.8001871109009
157.909741410383 4.19232761859894 7.58649778366089 15.8001871109009
173.703536936922 4.19232761859894 7.58649778366089 21.70955991745
190.901933233621 4.19232761859894 7.58649778366089 21.70955991745
209.803143649102 4.19232761859894 7.66487455368042 28.1186860203743
230.575763898515 4.19232761859894 8.1774001121521 28.7585949897766
253.405082367608 4.19232761859894 8.1774001121521 28.7585949897766
278.494732854913 4.19232761859894 8.1774001121521 28.7585949897766
306.068510952025 4.19232761859894 8.1774001121521 28.7585949897766
336.372370263797 4.19232761859894 8.25577688217163 28.7585949897766
369.676616274388 4.19232761859894 8.25577688217163 28.7585949897766
370.015617281199 4.19232761859894 8.25577688217163 28.7585949897766
