0.0194894644874591 0.586059033870697 0.00838315486907959 0.000399958342313766
0.0195076157341004 0.586059033870697 0.00838315486907959 0.000399958342313766
0.0214706726399789 0.586059033870697 0.00838315486907959 0.000399958342313766
0.0236312725192399 0.586059033870697 0.00838315486907959 0.000399958342313766
0.0260092941773403 0.586059033870697 0.00838315486907959 0.000399958342313766
0.02862661682957 0.586059033870697 0.00838315486907959 0.000399958342313766
0.0315073214028609 0.586059033870697 0.017109602689743 0.00204983353614807
0.0346779120946542 0.586059033870697 0.017109602689743 0.00204983353614807
0.0381675602272991 0.586059033870697 0.017109602689743 0.00204983353614807
0.0420083726415892 0.586059033870697 0.017109602689743 0.00204983353614807
0.0462787480746938 0.586059033870697 0.017109602689743 0.00204983353614807
0.0509357916233132 0.586059033870697 0.017109602689743 0.00204983353614807
0.056061474785492 0.586059033870697 0.017109602689743 0.00204983353614807
0.0617029568985016 0.586059033870697 0.017109602689743 0.00204983353614807
0.0679121429571029 0.586059033870697 0.0273484587669373 0.00526057183742523
0.0747461611704054 0.768446087837219 0.0433156043291092 0.0124092400074005
0.0822678885754094 0.967256665229797 0.0433156043291092 0.0130802392959595
0.0905465295431877 1.00701880455017 0.046638697385788 0.0244562029838562
0.0996582525003081 1.9137766957283 0.0514834523200989 0.0331966876983643
0.109686890723714 1.9137766957283 0.0921985507011414 0.0432150140404701
0.120724713656792 1.9137766957283 0.0935487747192383 0.0495786964893341
0.132873275843195 2.74790793657303 0.0935487747192383 0.0495786964893341
0.146244351289115 2.74790793657303 0.11933171749115 0.065295934677124
0.160960961850701 2.74790793657303 0.126919910311699 0.0716156363487244
0.177158509108387 2.74790793657303 0.16156804561615 0.0772904753684998
0.194986020142061 2.80583125352859 0.200618863105774 0.0935030281543732
0.214807390451206 2.80583125352859 0.210406428202987 0.101424962282181
0.23642351909587 3.39448344707489 0.238773053511977 0.113324515521526
0.260214884898814 3.51117664575577 0.273598186671734 0.126970529556274
0.286400382592417 3.51117664575577 0.282373495399952 0.145227551460266
0.315220934348083 3.56563341617584 0.322338126599789 0.159278899431229
0.346941706403675 3.56563341617584 0.358689032495022 0.175698965787888
0.381854548750803 3.56563341617584 0.405945122241974 0.193214721977711
0.420280680328535 3.62527656555176 0.436729416251183 0.219451516866684
0.462573644428912 3.84656143188477 0.479760250076652 0.233995765447617
0.509122561505755 3.84656143188477 0.53037390857935 0.263722658157349
0.560355709314554 3.93300080299377 0.592606954276562 0.290018558502197
0.616744463322841 3.98659324645996 0.654315330088139 0.319895386695862
0.678807633645181 3.98659324645996 0.731015423312783 0.349231228232384
0.74711623840516 4.04104995727539 0.811322271823883 0.386095844209194
0.822298757442146 4.06265139579773 0.894115775823593 0.427026696503162
0.90504691470005 4.17070913314819 0.983228802680969 0.468342043459415
0.997049767162749 4.17070913314819 1.08824616670609 0.522088587284088
1.0973831681079 4.17070913314819 1.19877884536982 0.569982290267944
1.207813147656 4.17070913314819 1.32012484222651 0.641458570957184
1.32935572737641 4.17070913314819 1.45723646879196 0.694610029459
1.46312917137724 4.17070913314819 1.60663336515427 0.782329149544239
1.61036427500108 4.19232761859894 1.73783868551254 0.854150801897049
1.77241568887504 4.19232761859894 1.89363771677017 0.934988975524902
1.95077438250316 4.19232761859894 2.11814731359482 1.01830603927374
2.14708136207369 4.19232761859894 2.30986154079437 1.14128097891808
2.36314276869316 4.19232761859894 2.54011982679367 1.23738831281662
2.60094649596008 4.19232761859894 2.73636174201965 1.36629348993301
2.86268047976978 4.19232761859894 3.00445592403412 1.46262890845537
3.15075282862747 4.19232761859894 3.20151472091675 1.62283915281296
3.46781397968047 4.19232761859894 3.50381422042847 1.79298162460327
3.81678108431816 4.19232761859894 3.78097438812256 1.95039919018745
4.2008648477019 4.19232761859894 4.2114200592041 2.19424563646317
4.62790519502682 4.19232761859894 4.35455572605133 2.42527812719345
5.09361260779729 4.19232761859894 4.75102603435516 2.62291300296783
5.6061842896419 4.19232761859894 5.12478685379028 2.92360937595367
6.17033620525356 4.19232761859894 5.47649943828583 3.05788016319275
6.79125888819023 4.19232761859894 5.96062338352203 3.31751698255539
7.47466519687438 4.19232761859894 6.58415389060974 3.64163887500763
8.22684287629239 4.19232761859894 6.60576367378235 3.94431054592133
9.05471240899251 4.19232761859894 6.68698811531067 4.29332989454269
9.96589068764523 4.19232761859894 6.68698811531067 4.71913635730743
10.9687610949915 4.19232761859894 6.68698811531067 5.18826980143785
12.072550635956 4.19232761859894 6.68698811531067 5.61859196424484
13.2874148315868 4.19232761859894 6.68698811531067 6.15302836894989
14.6245311558961 4.19232761859894 6.68698811531067 6.53158414363861
16.0962018752773 4.19232761859894 6.68698811531067 6.96968001872301
17.7159672366814 4.19232761859894 6.68698811531067 7.89888143539429
19.4987300459514 4.19232761859894 6.68698811531067 8.61652392148972
21.4808800919766 4.19232761859894 6.68698811531067 9.09967303276062
23.6425071500281 4.19232761859894 6.68698811531067 9.78012597560883
26.0216593522121 4.19232761859894 6.68698811531067 10.9383842423558
28.6402263154973 4.19232761859894 6.68698811531067 12.0258593559265
31.5223004152183 4.19232761859894 6.68698811531067 13.0336099863052
34.6943984492749 4.19232761859894 6.68698811531067 14.1157047227025
38.1857056084627 4.19232761859894 6.68698811531067 15.4385764598846
42.0283439976073 4.19232761859894 6.68698811531067 15.8331718444824
46.2576681780564 4.19232761859894 6.68698811531067 17.665843963623
50.9125904506965 4.19232761859894 6.68698811531067 19.2240982055664
56.0359388722924 4.19232761859894 6.68698811531067 21.6934781074524
61.674851299112 4.19232761859894 6.68698811531067 23.9781274795532
67.8812090832727 4.19232761859894 6.68698811531067 26.5268411636353
74.7121144120754 4.19232761859894 6.68698811531067 29.7559188604355
82.2304156821292 4.19232761859894 6.68698811531067 31.835213124752
90.5052857420251 4.19232761859894 6.68698811531067 34.3117537498474
99.7056313992196 4.19232761859894 7.45270752906799 34.3117537498474
109.739037374665 4.19232761859894 7.45270752906799 34.9509716033936
120.782107840023 4.19232761859894 7.45270752906799 38.3418979644775
132.936445619368 4.19232761859894 7.45270752906799 40.4503355026245
146.313877857786 4.19232761859894 7.45270752906799 40.4503355026245
161.037484897703 4.19232761859894 7.45270752906799 40.4503355026245
177.242732691319 4.19232761859894 7.45270752906799 40.4503355026245
195.078719168039 4.19232761859894 7.45270752906799 40.4503355026245
214.709546024206 4.19232761859894 7.45270752906799 40.4503355026245
214.909512828253 4.19232761859894 7.45270752906799 40.4503355026245
