0.0194894644874591 0.586059033870697 0.00895786285400391 0.00436806678771973
0.0195076157341004 0.586059033870697 0.00895786285400391 0.00436806678771973
0.0214706726399789 0.586059033870697 0.00895786285400391 0.00436806678771973
0.0236312725192399 0.586059033870697 0.00895786285400391 0.00436806678771973
0.0260092941773403 0.586059033870697 0.00895786285400391 0.00436806678771973
0.02862661682957 0.586059033870697 0.00895786285400391 0.00436806678771973
0.0315073214028609 0.586059033870697 0.01776123046875 0.00821274518966675
0.0346779120946542 0.586059033870697 0.01776123046875 0.00821274518966675
0.0381675602272991 0.586059033870697 0.01776123046875 0.00821274518966675
0.0420083726415892 0.586059033870697 0.01776123046875 0.00821274518966675
0.0462787480746938 0.586059033870697 0.01776123046875 0.00821274518966675
0.0509357916233132 0.586059033870697 0.01776123046875 0.00821274518966675
0.056061474785492 0.586059033870697 0.01776123046875 0.00821274518966675
0.0617029568985016 0.586059033870697 0.01776123046875 0.00821274518966675
0.0679121429571029 0.586059033870697 0.029350757598877 0.0174980759620667
0.0747461611704054 0.768446087837219 0.0452750325202942 0.0174980759620667
0.0822678885754094 0.967256665229797 0.0452750325202942 0.0174980759620667
0.0905465295431877 1.00701880455017 0.04698246717453 0.0174980759620667
0.0996582525003081 1.9137766957283 0.0516170859336853 0.0194253921508789
0.109686890723714 1.9137766957283 0.0978620648384094 0.0397619307041168
0.120724713656792 1.9137766957283 0.0978620648384094 0.0465903133153915
0.132873275843195 2.74790793657303 0.0978620648384094 0.052775576710701
0.146244351289115 2.74790793657303 0.12524688243866 0.0590428411960602
0.160960961850701 2.74790793657303 0.130702555179596 0.0604853630065918
0.177158509108387 2.74790793657303 0.166707515716553 0.0667095482349396
0.194986020142061 2.80583125352859 0.209332466125488 0.0854271650314331
0.214807390451206 2.80583125352859 0.218984521925449 0.0854271650314331
0.23642351909587 3.39448344707489 0.247886365279555 0.10229280591011
0.260214884898814 3.51117664575577 0.283124305307865 0.109115302562714
0.286400382592417 3.51117664575577 0.291416579857469 0.12186524271965
0.315220934348083 3.56563341617584 0.334808491170406 0.139918312430382
0.346941706403675 3.56563341617584 0.370281554758549 0.15075971186161
0.381854548750803 3.56563341617584 0.422710061073303 0.167254939675331
0.420280680328535 3.62527656555176 0.449723064899445 0.187622129917145
0.462573644428912 3.84656143188477 0.497096038423479 0.20298720151186
0.509122561505755 3.84656143188477 0.547508770599961 0.22726833820343
0.560355709314554 3.93300080299377 0.620920717716217 0.248824074864388
0.616744463322841 3.98659324645996 0.67942326515913 0.273297131061554
0.678807633645181 3.98659324645996 0.758905524387956 0.306612014770508
0.74711623840516 4.04104995727539 0.845672369003296 0.338842064142227
0.822298757442146 4.06265139579773 0.930125057697296 0.370861396193504
0.90504691470005 4.17070913314819 1.0224521458149 0.407365277409554
0.997049767162749 4.17070913314819 1.1291047334671 0.449314460158348
1.0973831681079 4.17070913314819 1.24780318140984 0.496497049927711
1.207813147656 4.17070913314819 1.37023853510618 0.550052389502525
1.32935572737641 4.17070913314819 1.51309925317764 0.602900460362434
1.46312917137724 4.17070913314819 1.66644376516342 0.662705548107624
1.61036427500108 4.19232761859894 1.7960969209671 0.720012813806534
1.77241568887504 4.19232761859894 1.9636732339859 0.80234219878912
1.95077438250316 4.19232761859894 2.19612294435501 0.888454228639603
2.14708136207369 4.19232761859894 2.39189743995667 0.956825375556946
2.36314276869316 4.19232761859894 2.63071322441101 1.05970215797424
2.60094649596008 4.19232761859894 2.82066559791565 1.15147733688354
2.86268047976978 4.19232761859894 3.09734010696411 1.28642760962248
3.15075282862747 4.19232761859894 3.31622803211212 1.39706790447235
3.46781397968047 4.19232761859894 3.60626494884491 1.55967879295349
3.81678108431816 4.19232761859894 3.89335405826569 1.73324835300446
4.2008648477019 4.19232761859894 4.32020163536072 1.89164805412292
4.62790519502682 4.19232761859894 4.44614911079407 2.03350442647934
5.09361260779729 4.19232761859894 4.8479106426239 2.19271016120911
5.6061842896419 4.19232761859894 5.22870874404907 2.29717326164246
6.17033620525356 4.19232761859894 5.5778386592865 2.32946610450745
6.79125888819023 4.19232761859894 6.05106592178345 2.41183888912201
7.47466519687438 4.19232761859894 6.68826007843018 2.5945999622345
8.22684287629239 4.19232761859894 6.69093942642212 2.62938928604126
9.05471240899251 4.19232761859894 6.76993298530579 2.8236391544342
9.96589068764523 4.19232761859894 6.76993298530579 2.9308934211731
10.9687610949915 4.19232761859894 6.76993298530579 3.04752230644226
12.072550635956 4.19232761859894 6.76993298530579 3.16380882263184
13.2874148315868 4.19232761859894 6.76993298530579 3.22835683822632
14.6245311558961 4.19232761859894 6.76993298530579 3.25937461853027
16.0962018752773 4.19232761859894 6.76993298530579 3.49871957302094
17.7159672366814 4.19232761859894 6.76993298530579 3.97455668449402
19.4987300459514 4.19232761859894 6.76993298530579 3.97455668449402
21.4808800919766 4.19232761859894 6.76993298530579 3.97455668449402
23.6425071500281 4.19232761859894 6.76993298530579 3.97455668449402
26.0216593522121 4.19232761859894 6.76993298530579 4.63794720172882
28.6402263154973 4.19232761859894 6.76993298530579 4.66896498203278
31.5223004152183 4.19232761859894 6.76993298530579 5.11206686496735
34.6943984492749 4.19232761859894 6.76993298530579 5.1430846452713
38.1857056084627 4.19232761859894 6.76993298530579 5.36077570915222
42.0283439976073 4.19232761859894 6.76993298530579 5.36077570915222
46.2576681780564 4.19232761859894 6.76993298530579 6.12101793289185
50.9125904506965 4.19232761859894 6.76993298530579 6.59513759613037
56.0359388722924 4.19232761859894 6.76993298530579 6.59513759613037
61.674851299112 4.19232761859894 6.76993298530579 6.59513759613037
67.8812090832727 4.19232761859894 6.76993298530579 7.0154100060463
74.7121144120754 4.19232761859894 6.76993298530579 8.02942097187042
82.2304156821292 4.19232761859894 6.82166254520416 8.46847075223923
90.5052857420251 4.19232761859894 7.19599318504333 11.2962760925293
99.7056313992196 4.19232761859894 7.46326541900635 11.2962760925293
109.739037374665 4.19232761859894 7.46326541900635 11.2962760925293
120.782107840023 4.19232761859894 7.46326541900635 11.7526097297668
132.936445619368 4.19232761859894 7.8893256187439 12.5374069213867
146.313877857786 4.19232761859894 7.8893256187439 12.5374069213867
161.037484897703 4.19232761859894 7.8893256187439 12.5374069213867
177.242732691319 4.19232761859894 7.8893256187439 12.5374069213867
195.078719168039 4.19232761859894 7.8893256187439 12.5374069213867
214.709546024206 4.19232761859894 7.8893256187439 12.5374069213867
214.909512828253 4.19232761859894 7.8893256187439 12.5374069213867
