0.0387145280838013 0.586059033870697 0.00845324993133545 7.15255737304688e-07
0.0387500300966981 0.586059033870697 0.00845324993133545 7.15255737304688e-07
0.0425866726076336 0.586059033870697 0.00845324993133545 7.15255737304688e-07
0.0468031812946723 0.586059033870697 0.00845324993133545 7.15255737304688e-07
0.0514371667278207 0.586059033870697 0.00845324993133545 7.15255737304688e-07
0.0565299633015929 0.586059033870697 0.00845324993133545 7.15255737304688e-07
0.0621269979310704 0.586059033870697 0.00845324993133545 7.15255737304688e-07
0.068278195252578 0.586059033870697 0.00845324993133545 7.15255737304688e-07
0.0750384229432996 0.586059033870697 0.0171601176261902 0.00466467440128326
0.0824679811320132 0.586059033870697 0.0171601176261902 0.00466467440128326
0.0907162527069789 0.586059033870697 0.0312153995037079 0.00466467440128326
0.0996980736423392 0.586059033870697 0.0312153995037079 0.00466467440128326
0.109569185139287 0.586059033870697 0.0312153995037079 0.00466467440128326
0.120417635902936 0.586059033870697 0.0312153995037079 0.00466467440128326
0.132340192345309 0.586059033870697 0.0312153995037079 0.00466467440128326
0.145443201725957 0.99837489426136 0.066852867603302 0.00916892290115356
0.159843540752169 0.99837489426136 0.066852867603302 0.0137145221233368
0.175669658100152 0.99837489426136 0.066852867603302 0.0217963755130768
0.193062720156276 0.99837489426136 0.0829242765903473 0.029158815741539
0.212177870198225 2.30101633071899 0.10699850320816 0.0397056341171265
0.233185612247737 2.30101633071899 0.10699850320816 0.043609194457531
0.25627333193868 2.30101633071899 0.122386336326599 0.0489567518234253
0.281646967966354 2.74790793657303 0.143867194652557 0.0575248450040817
0.309532849027073 2.74790793657303 0.155198335647583 0.062031626701355
0.340179712633237 2.74790793657303 0.18084728717804 0.0679150819778442
0.373860923811385 2.74790793657303 0.206118524074554 0.0800325870513916
0.411253695994416 3.10663169622421 0.247581236064434 0.0885492414236069
0.451971945990459 3.13343650102615 0.292494714260101 0.093952089548111
0.496721712052834 3.13343650102615 0.312221117317677 0.104867842048407
0.54590215479858 3.56563341617584 0.33800345659256 0.117917507886887
0.599951955758347 3.7056565284729 0.381019473075867 0.134201109409332
0.659353230344131 3.7056565284729 0.428511701524258 0.146663919091225
0.724635828240139 3.7056565284729 0.467001177370548 0.161861471831799
0.796382059575582 3.7056565284729 0.50033974647522 0.179779797792435
0.875231889036086 3.84656143188477 0.583992719650269 0.19859080016613
0.961888644244345 3.84656143188477 0.634373545646667 0.220082193613052
1.05712528932784 3.93300080299377 0.691772788763046 0.239842057228088
1.16179131963283 3.93300080299377 0.756852895021439 0.273750737309456
1.27682033908432 4.04104995727539 0.818886660039425 0.298423275351524
1.4032383877809 4.04104995727539 0.930587351322174 0.328588396310806
1.54217309410505 4.19232761859894 1.00456035137177 0.361604638397694
1.69486373298454 4.19232761859894 1.12643605470657 0.403966665267944
1.86438038854372 4.19232761859894 1.25114387273788 0.430323839187622
2.0489727885339 4.19232761859894 1.3528473675251 0.479152530431747
2.25184169172242 4.19232761859894 1.517493724823 0.537225276231766
2.4747966556489 4.19232761859894 1.6414013877511 0.58459098637104
2.7198264022398 4.19232761859894 1.82967460155487 0.645394757390022
2.98911655688376 4.19232761859894 2.02484029531479 0.717206165194511
3.28506914385371 4.19232761859894 2.17139928787947 0.809109926223755
3.61032401197175 4.19232761859894 2.453921854496 0.871594563126564
3.96778238163021 4.19232761859894 2.64434731006622 0.968177363276482
4.36063272320454 4.19232761859894 2.91406374576036 1.03788869827986
4.79237919768918 4.19232761859894 3.25679850578308 1.15655845403671
5.2668729132423 4.19232761859894 3.63507490756456 1.2904137223959
5.78834627644265 4.19232761859894 3.85587781667709 1.41234164685011
6.36145074466621 4.19232761859894 4.09328144788742 1.54746845364571
6.99129831632754 4.19232761859894 4.53345710039139 1.68804323673248
7.68350712907217 4.19232761859894 4.97980171442032 1.8521414399147
8.45199512379247 4.19232761859894 5.51058399677277 2.10577633976936
9.28882760400582 4.19232761859894 5.79795300960541 2.23875051736832
10.2085149119472 4.19232761859894 6.10724723339081 2.42379307746887
11.2192605084528 4.19232761859894 6.57579231262207 2.72395604848862
12.330080079446 4.19232761859894 6.64836502075195 2.9542253613472
13.5508819543863 4.19232761859894 6.66109752655029 3.25052607059479
14.8925554869521 4.19232761859894 6.66833901405334 3.57474732398987
16.3670681863003 4.19232761859894 6.71521973609924 3.85630393028259
17.9875724652967 4.19232761859894 6.71521973609924 3.8919985294342
19.7685229578944 4.19232761859894 6.71521973609924 4.40666460990906
21.7258054521118 4.19232761859894 6.71521973609924 5.093106508255
23.8768785886714 4.19232761859894 6.71521973609924 5.73986029624939
26.2409295892292 4.19232761859894 6.71521973609924 6.32834911346436
28.8390454032626 4.19232761859894 6.71521973609924 6.89312034845352
31.6944008002223 4.19232761859894 6.71521973609924 7.64146535098553
34.8324650846968 4.19232761859894 6.71521973609924 8.17522919178009
38.3163339475004 4.19232761859894 6.71521973609924 8.46770787239075
42.1100361799719 4.19232761859894 6.71521973609924 9.19527614116669
46.2793530693252 4.19232761859894 6.75984978675842 9.34520769119263
50.8614742424258 4.19232761859894 6.75984978675842 10.0016644001007
55.8972714730444 4.19232761859894 6.75984978675842 10.2218408584595
61.4316632514152 4.19232761859894 6.75984978675842 11.0449774265289
67.5140154498445 4.19232761859894 6.75984978675842 11.3623621463776
74.1985816582434 4.19232761859894 6.75984978675842 12.3075456619263
81.5449871173038 4.19232761859894 6.75984978675842 13.3412208557129
89.6187605659235 4.19232761859894 6.95485806465149 13.5388822555542
98.4919187468734 4.19232761859894 6.95485806465149 13.5388822555542
108.243608784401 4.19232761859894 7.5252628326416 14.0730465650558
118.960814163673 4.19232761859894 7.5252628326416 15.955397605896
130.739130609284 4.19232761859894 7.5252628326416 16.5094952583313
143.683618783529 4.19232761859894 7.5252628326416 21.0445013046265
157.909741410383 4.19232761859894 7.5252628326416 21.0445013046265
173.703536936922 4.19232761859894 7.5252628326416 21.0445013046265
190.901933233621 4.19232761859894 7.5252628326416 21.0445013046265
209.803143649102 4.19232761859894 7.58920526504517 21.0445013046265
230.575763898515 4.19232761859894 7.72027111053467 21.0445013046265
253.405082367608 4.19232761859894 7.72027111053467 21.0445013046265
278.494732854913 4.19232761859894 7.72027111053467 21.0445013046265
306.068510952025 4.19232761859894 7.72027111053467 21.0445013046265
336.372370263797 4.19232761859894 7.78421354293823 21.0445013046265
369.676616274388 4.19232761859894 7.78421354293823 21.0445013046265
370.015617281199 4.19232761859894 7.78421354293823 21.0445013046265
