0.0387145280838013 0.586059033870697 0.00741362571716309 0.0026249885559082
0.0387500300966981 0.586059033870697 0.00741362571716309 0.0026249885559082
0.0425866726076336 0.586059033870697 0.00741362571716309 0.0026249885559082
0.0468031812946723 0.586059033870697 0.00741362571716309 0.0026249885559082
0.0514371667278207 0.586059033870697 0.00741362571716309 0.0026249885559082
0.0565299633015929 0.586059033870697 0.00741362571716309 0.0026249885559082
0.0621269979310704 0.586059033870697 0.00741362571716309 0.0026249885559082
0.068278195252578 0.586059033870697 0.00741362571716309 0.0026249885559082
0.0750384229432996 0.586059033870697 0.0159761905670166 0.0026249885559082
0.0824679811320132 0.586059033870697 0.0159761905670166 0.0026249885559082
0.0907162527069789 0.586059033870697 0.0296806693077087 0.0026249885559082
0.0996980736423392 0.586059033870697 0.0296806693077087 0.0026249885559082
0.109569185139287 0.586059033870697 0.0296806693077087 0.0026249885559082
0.120417635902936 0.586059033870697 0.0296806693077087 0.0026249885559082
0.132340192345309 0.586059033870697 0.0296806693077087 0.0026249885559082
0.145443201725957 0.99837489426136 0.0633743405342102 0.0249853134155273
0.159843540752169 0.99837489426136 0.0633743405342102 0.0264798700809479
0.175669658100152 0.99837489426136 0.0633743405342102 0.0264798700809479
0.193062720156276 0.99837489426136 0.0803802609443665 0.0332819223403931
0.212177870198225 2.30101633071899 0.104142069816589 0.0342645049095154
0.233185612247737 2.30101633071899 0.104142069816589 0.0412696748971939
0.25627333193868 2.30101633071899 0.120896100997925 0.0499822199344635
0.281646967966354 2.74790793657303 0.140527904033661 0.0583627223968506
0.309532849027073 2.74790793657303 0.151577591896057 0.0609139204025269
0.340179712633237 2.74790793657303 0.177518129348755 0.0726073980331421
0.373860923811385 2.74790793657303 0.203591823577881 0.0778979063034058
0.411253695994416 3.10663169622421 0.241665661334991 0.0867073535919189
0.451971945990459 3.13343650102615 0.286688923835754 0.101661443710327
0.496721712052834 3.13343650102615 0.304039895534515 0.107285171747208
0.54590215479858 3.56563341617584 0.331631124019623 0.118125885725021
0.599951955758347 3.7056565284729 0.371668994426727 0.130733475089073
0.659353230344131 3.7056565284729 0.422258317470551 0.149973750114441
0.724635828240139 3.7056565284729 0.456081598997116 0.166594363749027
0.796382059575582 3.7056565284729 0.490706503391266 0.177223384380341
0.875231889036086 3.84656143188477 0.570150285959244 0.194799557328224
0.961888644244345 3.84656143188477 0.619621455669403 0.220418691635132
1.05712528932784 3.93300080299377 0.679460644721985 0.246708706021309
1.16179131963283 3.93300080299377 0.742099180817604 0.265336848795414
1.27682033908432 4.04104995727539 0.804408103227615 0.296774923801422
1.4032383877809 4.04104995727539 0.911457598209381 0.330446258187294
1.54217309410505 4.19232761859894 0.986446380615234 0.357502520084381
1.69486373298454 4.19232761859894 1.10925340652466 0.40280482172966
1.86438038854372 4.19232761859894 1.22809439897537 0.448436871170998
2.0489727885339 4.19232761859894 1.32741177082062 0.484472334384918
2.25184169172242 4.19232761859894 1.48824352025986 0.535653203725815
2.4747966556489 4.19232761859894 1.61253970861435 0.591160103678703
2.7198264022398 4.19232761859894 1.79592931270599 0.637379050254822
2.98911655688376 4.19232761859894 1.99141705036163 0.697487756609917
3.28506914385371 4.19232761859894 2.1344205737114 0.769107401371002
3.61032401197175 4.19232761859894 2.41508680582047 0.853348553180695
3.96778238163021 4.19232761859894 2.58645117282867 0.925443708896637
4.36063272320454 4.19232761859894 2.86076211556792 1.02013084292412
4.79237919768918 4.19232761859894 3.1972177028656 1.1196805536747
5.2668729132423 4.19232761859894 3.57288097962737 1.20842826366425
5.78834627644265 4.19232761859894 3.77781790494919 1.30907931923866
6.36145074466621 4.19232761859894 4.03358197212219 1.44686007499695
6.99129831632754 4.19232761859894 4.44941973686218 1.56770372390747
7.68350712907217 4.19232761859894 4.89764648675919 1.72447323799133
8.45199512379247 4.19232761859894 5.4025731086731 1.86854112148285
9.28882760400582 4.19232761859894 5.67972660064697 2.03620719909668
10.2085149119472 4.19232761859894 5.98356962203979 2.20700693130493
11.2192605084528 4.19232761859894 6.43109917640686 2.43366956710815
12.330080079446 4.19232761859894 6.5221426486969 2.68100082874298
13.5508819543863 4.19232761859894 6.55291175842285 2.7696647644043
14.8925554869521 4.19232761859894 6.5700888633728 2.99675884842873
16.3670681863003 4.19232761859894 6.58547329902649 3.14854776859283
17.9875724652967 4.19232761859894 6.60265040397644 3.32381522655487
19.7685229578944 4.19232761859894 6.60265040397644 3.91304957866669
21.7258054521118 4.19232761859894 6.60265040397644 3.91304957866669
23.8768785886714 4.19232761859894 6.60265040397644 4.60859680175781
26.2409295892292 4.19232761859894 6.60265040397644 4.60859680175781
28.8390454032626 4.19232761859894 6.60265040397644 4.75149822235107
31.6944008002223 4.19232761859894 6.60265040397644 4.97466707229614
34.8324650846968 4.19232761859894 6.60265040397644 5.42400300502777
38.3163339475004 4.19232761859894 6.60265040397644 5.9131897687912
42.1100361799719 4.19232761859894 6.60265040397644 6.21940648555756
46.2793530693252 4.19232761859894 6.60265040397644 6.21940648555756
50.8614742424258 4.19232761859894 6.60265040397644 6.21940648555756
55.8972714730444 4.19232761859894 6.60265040397644 6.30686521530151
61.4316632514152 4.19232761859894 6.60265040397644 6.30686521530151
67.5140154498445 4.19232761859894 6.60265040397644 6.67736268043518
74.1985816582434 4.19232761859894 6.60265040397644 6.8564236164093
81.5449871173038 4.19232761859894 6.60265040397644 7.76865637302399
89.6187605659235 4.19232761859894 6.60265040397644 8.77550530433655
98.4919187468734 4.19232761859894 6.60265040397644 10.5817801952362
108.243608784401 4.19232761859894 7.5231409072876 11.1113798618317
118.960814163673 4.19232761859894 7.5231409072876 11.1979117393494
130.739130609284 4.19232761859894 7.5231409072876 13.5337862968445
143.683618783529 4.19232761859894 7.5231409072876 13.5337862968445
157.909741410383 4.19232761859894 7.5231409072876 13.5337862968445
173.703536936922 4.19232761859894 7.5231409072876 16.7401516437531
190.901933233621 4.19232761859894 7.5231409072876 16.7401516437531
209.803143649102 4.19232761859894 7.73842406272888 21.1741688251495
230.575763898515 4.19232761859894 7.73842406272888 23.5965752601624
253.405082367608 4.19232761859894 7.73842406272888 23.5965752601624
278.494732854913 4.19232761859894 7.73842406272888 23.5965752601624
306.068510952025 4.19232761859894 7.73842406272888 23.5965752601624
336.372370263797 4.19232761859894 7.73842406272888 28.0614347457886
369.676616274388 4.19232761859894 7.73842406272888 28.0614347457886
370.015617281199 4.19232761859894 7.73842406272888 28.0614347457886
