0.0194894644874591 0.586059033870697 0.00624197721481323 0.00637435913085938
0.0195076157341004 0.586059033870697 0.00624197721481323 0.00637435913085938
0.0214706726399789 0.586059033870697 0.00624197721481323 0.00637435913085938
0.0236312725192399 0.586059033870697 0.00624197721481323 0.00637435913085938
0.0260092941773403 0.586059033870697 0.00624197721481323 0.00637435913085938
0.02862661682957 0.586059033870697 0.00624197721481323 0.00637435913085938
0.0315073214028609 0.586059033870697 0.0144873261451721 0.0156979560852051
0.0346779120946542 0.586059033870697 0.0144873261451721 0.0156979560852051
0.0381675602272991 0.586059033870697 0.0144873261451721 0.0156979560852051
0.0420083726415892 0.586059033870697 0.0144873261451721 0.0156979560852051
0.0462787480746938 0.586059033870697 0.0144873261451721 0.0156979560852051
0.0509357916233132 0.586059033870697 0.0144873261451721 0.0156979560852051
0.056061474785492 0.586059033870697 0.0144873261451721 0.0156979560852051
0.0617029568985016 0.586059033870697 0.0144873261451721 0.0156979560852051
0.0679121429571029 0.586059033870697 0.0219946503639221 0.0296313166618347
0.0747461611704054 0.768446087837219 0.0524656772613525 0.0296313166618347
0.0822678885754094 0.967256665229797 0.0524656772613525 0.0296313166618347
0.0905465295431877 1.00701880455017 0.0524656772613525 0.0296313166618347
0.0996582525003081 1.9137766957283 0.0524656772613525 0.0459854602813721
0.109686890723714 1.9137766957283 0.093464195728302 0.0549582839012146
0.120724713656792 1.9137766957283 0.0968392491340637 0.0706571340560913
0.132873275843195 2.74790793657303 0.0968392491340637 0.0706571340560913
0.146244351289115 2.74790793657303 0.129546999931335 0.0708488821983337
0.160960961850701 2.74790793657303 0.134965538978577 0.0877147316932678
0.177158509108387 2.74790793657303 0.167042481712997 0.0929246544837952
0.194986020142061 2.80583125352859 0.213069438934326 0.111812740564346
0.214807390451206 2.80583125352859 0.213069438934326 0.124683439731598
0.23642351909587 3.39448344707489 0.233987003564835 0.151754260063171
0.260214884898814 3.51117664575577 0.280551463365555 0.159501016139984
0.286400382592417 3.51117664575577 0.286939474754035 0.177690327167511
0.315220934348083 3.56563341617584 0.33518186211586 0.195684611797333
0.346941706403675 3.56563341617584 0.361366957426071 0.223160862922668
0.381854548750803 3.56563341617584 0.407919883728027 0.250482589006424
0.420280680328535 3.62527656555176 0.435502167791128 0.277627229690552
0.462573644428912 3.84656143188477 0.502644538879395 0.299286738038063
0.509122561505755 3.84656143188477 0.543179836124182 0.328491777181625
0.560355709314554 3.93300080299377 0.615490321069956 0.365141987800598
0.616744463322841 3.98659324645996 0.684988856315613 0.404967725276947
0.678807633645181 3.98659324645996 0.754029452800751 0.449268043041229
0.74711623840516 4.04104995727539 0.829878747463226 0.492465496063232
0.822298757442146 4.06265139579773 0.921627104282379 0.536287546157837
0.90504691470005 4.17070913314819 1.01315623521805 0.595019906759262
0.997049767162749 4.17070913314819 1.11590591073036 0.66993510723114
1.0973831681079 4.17070913314819 1.22539430856705 0.734221413731575
1.207813147656 4.17070913314819 1.34432947635651 0.807437509298325
1.32935572737641 4.17070913314819 1.50704085826874 0.880319863557816
1.46312917137724 4.17070913314819 1.63786160945892 0.96393808722496
1.61036427500108 4.19232761859894 1.77543711662292 1.06827342510223
1.77241568887504 4.19232761859894 1.98130345344543 1.17881974577904
1.95077438250316 4.19232761859894 2.1784103512764 1.28372019529343
2.14708136207369 4.19232761859894 2.38103377819061 1.42411255836487
2.36314276869316 4.19232761859894 2.63020551204681 1.54413610696793
2.60094649596008 4.19232761859894 2.77093201875687 1.69275251030922
2.86268047976978 4.19232761859894 3.06016492843628 1.86740362644196
3.15075282862747 4.19232761859894 3.33083820343018 2.07605221867561
3.46781397968047 4.19232761859894 3.60216569900513 2.28135323524475
3.81678108431816 4.19232761859894 3.89383411407471 2.51407957077026
4.2008648477019 4.19232761859894 4.33938431739807 2.67818093299866
4.62790519502682 4.19232761859894 4.47301816940308 2.87195694446564
5.09361260779729 4.19232761859894 4.82844758033752 3.15549886226654
5.6061842896419 4.19232761859894 5.21620988845825 3.41171681880951
6.17033620525356 4.19232761859894 5.59099555015564 3.58572340011597
6.79125888819023 4.19232761859894 6.01838755607605 3.85948467254639
7.47466519687438 4.19232761859894 6.60244178771973 4.08566009998322
8.22684287629239 4.19232761859894 6.61736536026001 4.25652551651001
9.05471240899251 4.19232761859894 6.61736536026001 4.50166392326355
9.96589068764523 4.19232761859894 6.61736536026001 4.72769892215729
10.9687610949915 4.19232761859894 6.61736536026001 4.99412107467651
12.072550635956 4.19232761859894 6.61736536026001 5.15098738670349
13.2874148315868 4.19232761859894 6.61736536026001 5.15098738670349
14.6245311558961 4.19232761859894 6.61736536026001 5.84357059001923
16.0962018752773 4.19232761859894 6.61736536026001 5.84357059001923
17.7159672366814 4.19232761859894 6.61736536026001 6.44697022438049
19.4987300459514 4.19232761859894 6.61736536026001 6.84516507387161
21.4808800919766 4.19232761859894 6.61736536026001 7.47845065593719
23.6425071500281 4.19232761859894 6.61736536026001 8.22865331172943
26.0216593522121 4.19232761859894 6.61736536026001 9.24212384223938
28.6402263154973 4.19232761859894 6.61736536026001 9.24212384223938
31.5223004152183 4.19232761859894 6.61736536026001 9.68391013145447
34.6943984492749 4.19232761859894 6.61736536026001 9.68391013145447
38.1857056084627 4.19232761859894 6.61736536026001 9.68391013145447
42.0283439976073 4.19232761859894 6.61736536026001 10.9272665977478
46.2576681780564 4.19232761859894 6.61736536026001 10.9272665977478
50.9125904506965 4.19232761859894 6.61736536026001 11.2816758155823
56.0359388722924 4.19232761859894 6.61736536026001 13.5107378959656
61.674851299112 4.19232761859894 6.61736536026001 14.1518498659134
67.8812090832727 4.19232761859894 6.61736536026001 16.0009294711053
74.7121144120754 4.19232761859894 6.61736536026001 18.1166651248932
82.2304156821292 4.19232761859894 6.61736536026001 18.1166651248932
90.5052857420251 4.19232761859894 6.61736536026001 18.1166651248932
99.7056313992196 4.19232761859894 7.59830713272095 18.1166651248932
109.739037374665 4.19232761859894 7.59830713272095 22.6541991233826
120.782107840023 4.19232761859894 7.59830713272095 24.9250583648682
132.936445619368 4.19232761859894 7.59830713272095 24.9250583648682
146.313877857786 4.19232761859894 7.59830713272095 24.9250583648682
161.037484897703 4.19232761859894 7.59830713272095 24.9250583648682
177.242732691319 4.19232761859894 7.59830713272095 24.9250583648682
195.078719168039 4.19232761859894 7.59830713272095 24.9250583648682
214.709546024206 4.19232761859894 7.59830713272095 24.9250583648682
214.909512828253 4.19232761859894 7.59830713272095 24.9250583648682
