0.0001 0
0.000100161327068543 0
0.000118251669451324 0
0.000139609345615559 0
0.000164824475406054 0
0.000194593761421179 0
0.000229739739142235 0
0.000271233503868114 0
0.000320221542408158 0
0.00037805741090201 0
0.00044705919987608 0
0.000527803477411423 0
0.00062313114425295 0
0.000735676136205744 0
0.000868548109614167 0
0.0010254183622226 0
0.00121062127237877 0
0.00142927405937932 0
0.00168741817397662 0
0.00199218622571455 0
0.00235199905935217 0
0.00277679842566392 0
0.00327832167538937 0
0.00387042606621981 0
0.00456947164353373 0
0.00539477327400603 0
0.00637940945962598 0
0.00753160766528289 0
0.00889190674822645 0
0.0104978922340328 0
0.0123939380470165 0
0.0146324325768271 0
0.0172752261874452 0
0.0203953401637408 0
0.0240789843143707 0
0.0284279389780654 0
0.0335623672489498 0
0.0396241351236373 0
0.0467807313068893 0
0.0552298949814022 0
0.0652050794085705 0
0.0769819023213728 0
0.091032384670411 0.000175303870709574
0.107473930073277 0.000175303870709574
0.126885016658804 0.000175303870709574
0.149801979340737 0.000175303870709574
0.176858021579852 0.000175303870709574
0.208800711010589 0.000175303870709574
0.246512634988641 0.000175303870709574
0.291035786779296 0.000175303870709574
0.343600356185178 0.000175303870709574
0.405658720108231 0.000175303870709574
0.4789255722167 0.000175303870709574
0.565425300513438 0.000175303870709574
0.667547921863846 0.000175303870709574
0.788115118973438 0.000175303870709574
0.930458204439144 0.000175303870709574
1.09851016604758 0.000175303870709574
1.29900661044377 0.000175303870709574
1.53362285433941 0.000175303870709574
1.81061361847009 0.000175303870709574
2.13763225170601 0.000175303870709574
2.52371438992863 0.000175303870709574
2.97952761371828 0.000175303870709574
3.51766619722796 0.000175303870709574
4.15299909225484 0.000175303870709574
4.90308076242738 0.000175303870709574
5.78863621899638 0.000175303870709574
6.83413365993338 0.000175303870709574
8.06846053454919 0.000175303870709574
9.52572171352768 0.000175303870709574
11.2461818180837 0.000175303870709574
13.2773777451197 0.000175303870709574
15.6754321278294 0.000175303870709574
18.5364601848675 0.000175303870709574
21.8843682160737 0.219712010129367
25.8369487723269 0.219712010129367
30.5034129965672 0.219712010129367
36.0126968798934 0.219712010129367
42.5170238067798 0.219712010129367
50.1961105388792 0.219712010129367
59.2621328501737 0.219712010129367
69.9655880156577 0.219712010129367
82.6022161361072 0.524031257044725
97.5211715374879 0.805035065607998
115.134670023544 0.806349824206765
135.92937853843 0.97364386331346
160.479861939634 1.19087236733642
189.464458420098 1.39332091025686
223.684022222826 1.41026532500214
264.510090574363 1.41397165590985
312.283799671849 1.41421187641066
368.686016195935 1.41421356237309
435.275152541583 1.41421356237309
513.89108915758 1.41421356237309
606.706011068103 1.41421356237309
716.28442608254 1.41421356237309
845.654023017094 1.41421356237309
998.389327764872 1.41421356237309
1000 1.41421356237309
