0.0999999046325684 0 0.00487230718135834 0.000215500593185425
0.100049550323889 0 0.00487230718135834 0.000215500593185425
0.105297322169777 0 0.00487230718135834 0.000215500593185425
0.110820348719532 0 0.00487230718135834 0.000215500593185425
0.116633067558138 0 0.00487230718135834 0.000215500593185425
0.122750673546868 0 0.00487230718135834 0.000215500593185425
0.129189158543728 0 0.00487230718135834 0.000215500593185425
0.135965353207321 0 0.00487230718135834 0.000215500593185425
0.143096970993385 0 0.00487230718135834 0.000215500593185425
0.150602654459027 0 0.00487230718135834 0.000215500593185425
0.15858071349631 0 0.00487230718135834 0.000215500593185425
0.166898546019221 0 0.00487230718135834 0.000215500593185425
0.17565266323498 0 0.00487230718135834 0.000215500593185425
0.184865949029824 0 0.00487230718135834 0.000215500593185425
0.194562487589382 0 0.00487230718135834 0.000215500593185425
0.204767626356443 0 0.0103810951113701 0.000569730997085571
0.215508042290986 0 0.0103810951113701 0.000569730997085571
0.226811811605649 0 0.0103810951113701 0.000569730997085571
0.238708483158951 0 0.0103810951113701 0.000569730997085571
0.251229155698115 0 0.0103810951113701 0.000569730997085571
0.264406559153409 0 0.0103810951113701 0.000569730997085571
0.278275140196516 0 0.0103810951113701 0.000569730997085571
0.292871152286588 0 0.0103810951113701 0.000569730997085571
0.30823275043937 2 0.0175780579447746 0.00125551223754883
0.324400090967136 2 0.0175780579447746 0.00125551223754883
0.341415436450146 2 0.0175780579447746 0.00125551223754883
0.359501654903754 2 0.0175780579447746 0.00125551223754883
0.378358138086801 2 0.0175780579447746 0.00125551223754883
0.39820367640543 2 0.0175780579447746 0.00125551223754883
0.419090147511041 2 0.0175780579447746 0.00169321894645691
0.44107215012752 2 0.0175780579447746 0.00169321894645691
0.464207146776192 2 0.0175780579447746 0.00169321894645691
0.488555613986946 2 0.0175780579447746 0.00169321894645691
0.514181200388195 2 0.0248577371239662 0.00177624821662903
0.541150893088928 2 0.0248577371239662 0.00177624821662903
0.569535192787783 2 0.0248577371239662 0.00177624821662903
0.5994082980669 2 0.0248577371239662 0.00177624821662903
0.630848299352301 2 0.0329772755503654 0.0019298791885376
0.663937383047828 2 0.0329772755503654 0.0019298791885376
0.698762046376261 2 0.0329772755503654 0.0019298791885376
0.735413323489223 2 0.034629687666893 0.00241002440452576
0.773987023436936 2 0.034629687666893 0.00241002440452576
0.814988386854148 2 0.0382101163268089 0.00251716375350952
0.857735936417469 2 0.0382101163268089 0.00251716375350952
0.902725668842711 2 0.043601892888546 0.00321343541145325
0.950075190496499 2 0.043601892888546 0.00321343541145325
0.999908276402666 2 0.043601892888546 0.00321343541145325
1.05235519379898 2 0.0494556501507759 0.00328567624092102
1.10755304266501 2 0.051773875951767 0.00382241606712341
1.1656461141112 2 0.051773875951767 0.00382241606712341
1.22678626756614 2 0.0571860820055008 0.00425028800964355
1.29113332774796 2 0.0571860820055008 0.00425028800964355
1.35885550245747 2 0.0650991201400757 0.00425028800964355
1.4301298222854 2 0.0650991201400757 0.00446793437004089
1.50514260338295 2 0.0675093978643417 0.00466582179069519
1.58408993450546 2 0.0675093978643417 0.00466582179069519
1.66717818960246 2 0.0679065808653831 0.00514104962348938
1.75462456729382 2 0.0766963362693787 0.00514104962348938
1.84757444547772 2 0.0791521146893501 0.00572890043258667
1.94448291859701 2 0.0840244218707085 0.00647348165512085
2.04647440863358 2 0.08647071570158 0.00647348165512085
2.15381552861053 2 0.09194515645504 0.00658634305000305
2.26678687586484 2 0.09194515645504 0.00679042935371399
2.38568376554882 2 0.0969863310456276 0.00679042935371399
2.51081700260494 2 0.104892760515213 0.00735664367675781
2.64251369423215 2 0.109080359339714 0.0078698992729187
2.78111810496734 2 0.11090836673975 0.00787186622619629
2.92699255661743 2 0.112811893224716 0.00787186622619629
3.08051837539437 2 0.112811893224716 0.00861486792564392
3.24209688872901 2 0.131683170795441 0.00878912210464478
3.41215047436966 2 0.131683170795441 0.0093553364276886
3.59112366450756 2 0.131683170795441 0.0093553364276886
3.77948430781575 2 0.140209924429655 0.00955531001091003
3.97772479243883 2 0.140209924429655 0.0100294053554535
4.18844168413065 2 0.140209924429655 0.0106135606765747
4.40813269000691 2 0.140209924429655 0.0108460485935211
4.63934686886795 2 0.145328607410192 0.0114374160766602
4.88268863105415 2 0.145328607410192 0.0126112997531891
5.13879408927292 2 0.145328607410192 0.0126112997531891
5.40833272144266 2 0.145328607410192 0.0136695206165314
5.6920091207558 2 0.158911056816578 0.0138794481754303
5.99056483753551 2 0.158911056816578 0.0148696303367615
6.30478031770121 2 0.158911056816578 0.0157141089439392
6.63547694290971 2 0.191838566213846 0.0172917544841766
6.98351917770547 2 0.191838566213846 0.0172917544841766
7.34981682929249 2 0.191838566213846 0.0185599029064178
7.73532742583519 2 0.191838566213846 0.0188539624214172
8.14105871950525 2 0.191838566213846 0.0195064842700958
8.56807132081762 2 0.191838566213846 0.0202837586402893
9.01748147114198 2 0.202348571270704 0.0231000185012817
9.49517557157334 2 0.202348571270704 0.0240606665611267
9.99321394231016 2 0.202348571270704 0.0251830816268921
10.5173752864303 2 0.202348571270704 0.0251830816268921
11.0690297990402 2 0.202348571270704 0.0269069373607635
11.6496195443478 2 0.202348571270704 0.0269069373607635
12.2606622253216 2 0.2035420127213 0.0269069373607635
12.9037551510738 2 0.2035420127213 0.0269069373607635
13.5805794123405 2 0.2035420127213 0.0269069373607635
14.2929042759726 2 0.2035420127213 0.0269069373607635
14.3000000938773 2 0.2035420127213 0.0269069373607635
