0.0999999046325684 0 0.00243103619868634 0.000715374946594238
0.100049550323889 0 0.0147030297666788 0.00170764327049255
0.105297322169777 0 0.0147030297666788 0.00170764327049255
0.110820348719532 0 0.0147030297666788 0.00170764327049255
0.116633067558138 0 0.0147030297666788 0.00170764327049255
0.122750673546868 0 0.0147030297666788 0.00170764327049255
0.129189158543728 0 0.0147030297666788 0.00170764327049255
0.135965353207321 0 0.0147030297666788 0.00170764327049255
0.143096970993385 0 0.0147030297666788 0.00170764327049255
0.150602654459027 0 0.0147030297666788 0.00170764327049255
0.15858071349631 0 0.0147030297666788 0.00170764327049255
0.166898546019221 0 0.0147030297666788 0.00170764327049255
0.17565266323498 0 0.0147030297666788 0.00170764327049255
0.184865949029824 0 0.0147030297666788 0.00170764327049255
0.194562487589382 0 0.0147030297666788 0.00170764327049255
0.204767626356443 0 0.163498234935105 0.00323903560638428
0.215508042290986 0 0.163498234935105 0.00323903560638428
0.226811811605649 0 0.163498234935105 0.00323903560638428
0.238708483158951 0 0.163498234935105 0.00323903560638428
0.251229155698115 0 0.163498234935105 0.00323903560638428
0.264406559153409 0 0.163498234935105 0.00323903560638428
0.278275140196516 0 0.163498234935105 0.00323903560638428
0.292871152286588 0 0.163498234935105 0.00323903560638428
0.30823275043937 2 0.237324735964648 0.00379994511604309
0.324400090967136 2 0.237324735964648 0.00379994511604309
0.341415436450146 2 0.237324735964648 0.00379994511604309
0.359501654903754 2 0.237324735964648 0.00379994511604309
0.378358138086801 2 0.237324735964648 0.00379994511604309
0.39820367640543 2 0.237324735964648 0.00379994511604309
0.419090147511041 2 0.379731054417789 0.00812605023384094
0.44107215012752 2 0.379731054417789 0.00812605023384094
0.464207146776192 2 0.379731054417789 0.00812605023384094
0.488555613986946 2 0.379731054417789 0.00812605023384094
0.514181200388195 2 0.434968620538712 0.00820824503898621
0.541150893088928 2 0.434968620538712 0.00820824503898621
0.569535192787783 2 0.434968620538712 0.00820824503898621
0.5994082980669 2 0.434968620538712 0.00820824503898621
0.630848299352301 2 0.458599932491779 0.0100859999656677
0.663937383047828 2 0.458599932491779 0.0100859999656677
0.698762046376261 2 0.458599932491779 0.0100859999656677
0.735413323489223 2 0.64199008140713 0.0106547772884369
0.773987023436936 2 0.64199008140713 0.0106547772884369
0.814988386854148 2 0.679102862544823 0.014137327671051
0.857735936417469 2 0.679102862544823 0.014137327671051
0.902725668842711 2 0.795067629776895 0.0143943727016449
0.950075190496499 2 0.795067629776895 0.0143943727016449
0.999908276402666 2 0.795067629776895 0.0143943727016449
1.05235519379898 2 0.795067629776895 0.0143943727016449
1.10755304266501 2 0.86601369921118 0.016651064157486
1.1656461141112 2 0.86601369921118 0.016651064157486
1.22678626756614 2 1.03757979813963 0.016651064157486
1.29113332774796 2 1.03757979813963 0.016651064157486
1.35885550245747 2 1.03757979813963 0.016651064157486
1.4301298222854 2 1.15612456435338 0.0210037529468536
1.50514260338295 2 1.17441213002894 0.0210037529468536
1.58408993450546 2 1.17441213002894 0.0210037529468536
1.66717818960246 2 1.23678096506046 0.0210037529468536
1.75462456729382 2 1.25158179580467 0.0225678384304047
1.84757444547772 2 1.38949020233122 0.0247553288936615
1.94448291859701 2 1.48529191713897 0.0247553288936615
2.04647440863358 2 1.48529191713897 0.0252799689769745
2.15381552861053 2 1.48529191713897 0.0252799689769745
2.26678687586484 2 1.48916275973897 0.0252799689769745
2.38568376554882 2 1.52869939809898 0.0265277326107025
2.51081700260494 2 1.57822940131882 0.0269608795642853
2.64251369423215 2 1.57822940131882 0.0269608795642853
2.78111810496734 2 1.60821417396073 0.0269608795642853
2.92699255661743 2 1.61387748819106 0.030644565820694
3.08051837539437 2 1.62129813159117 0.030644565820694
3.24209688872901 2 1.81395065587276 0.0348346829414368
3.41215047436966 2 1.82573172180855 0.0369679927825928
3.59112366450756 2 1.82772483861845 0.0369679927825928
3.77948430781575 2 1.88294278446847 0.0369679927825928
3.97772479243883 2 1.8990138755471 0.0394196510314941
4.18844168413065 2 1.92086347965051 0.0394196510314941
4.40813269000691 2 1.93973054773687 0.0394196510314941
4.63934686886795 2 1.95834723142434 0.0394196510314941
4.88268863105415 2 1.96174580864681 0.0454616844654083
5.13879408927292 2 1.97080904878021 0.0454616844654083
5.40833272144266 2 1.97295456230177 0.0454616844654083
5.6920091207558 2 1.97430869981326 0.0454616844654083
5.99056483753551 2 1.97740092172899 0.0466804206371307
6.30478031770121 2 1.98296100184677 0.0466804206371307
6.63547694290971 2 1.98916551754235 0.0501184463500977
6.98351917770547 2 1.99064098517999 0.0501184463500977
7.34981682929249 2 1.99112970225985 0.0547764897346497
7.73532742583519 2 1.99115384717595 0.0547764897346497
8.14105871950525 2 1.99140524856637 0.0563662946224213
8.56807132081762 2 1.99165612560034 0.0573074221611023
9.01748147114198 2 1.99165612560034 0.0584996044635773
9.49517557157334 2 1.99165612560034 0.0643312036991119
9.99321394231016 2 1.99165612560034 0.0664645135402679
10.5173752864303 2 1.99175472298236 0.0664645135402679
11.0690297990402 2 1.99175472298236 0.0689161717891693
11.6496195443478 2 1.99179110215562 0.0689161717891693
12.2606622253216 2 1.99179110215562 0.0749582052230835
12.9037551510738 2 1.99179110215562 0.0749582052230835
13.5805794123405 2 1.99179110215562 0.0749582052230835
14.2929042759726 2 1.99179110215562 0.0749582052230835
14.3000000938773 2 1.99179110215562 0.0749582052230835
