0.0999999046325684 0 0.000224679708480835 4.83393669128418e-05
0.100049550323889 0 0.000224679708480835 7.82608985900879e-05
0.105297322169777 0 0.000224679708480835 7.82608985900879e-05
0.110820348719532 0 0.000224679708480835 7.82608985900879e-05
0.116633067558138 0 0.000224679708480835 7.82608985900879e-05
0.122750673546868 0 0.000224679708480835 7.82608985900879e-05
0.129189158543728 0 0.000224679708480835 7.82608985900879e-05
0.135965353207321 0 0.000224679708480835 7.82608985900879e-05
0.143096970993385 0 0.000224679708480835 7.82608985900879e-05
0.150602654459027 0 0.000224679708480835 7.82608985900879e-05
0.15858071349631 0 0.000224679708480835 7.82608985900879e-05
0.166898546019221 0 0.000224679708480835 7.82608985900879e-05
0.17565266323498 0 0.000224679708480835 7.82608985900879e-05
0.184865949029824 0 0.000224679708480835 7.82608985900879e-05
0.194562487589382 0 0.000224679708480835 7.82608985900879e-05
0.204767626356443 0 0.000564038753509521 0.000471979379653931
0.215508042290986 0 0.000564038753509521 0.000471979379653931
0.226811811605649 0 0.000564038753509521 0.000471979379653931
0.238708483158951 0 0.000564038753509521 0.000471979379653931
0.251229155698115 0 0.000564038753509521 0.000471979379653931
0.264406559153409 0 0.000564038753509521 0.000471979379653931
0.278275140196516 0 0.000564038753509521 0.000471979379653931
0.292871152286588 0 0.000564038753509521 0.000471979379653931
0.30823275043937 2 0.001053586602211 0.000742852687835693
0.324400090967136 2 0.001053586602211 0.000742852687835693
0.341415436450146 2 0.001053586602211 0.000742852687835693
0.359501654903754 2 0.001053586602211 0.000742852687835693
0.378358138086801 2 0.001053586602211 0.000742852687835693
0.39820367640543 2 0.001053586602211 0.000742852687835693
0.419090147511041 2 0.00112296640872955 0.00101909041404724
0.44107215012752 2 0.00112296640872955 0.00101909041404724
0.464207146776192 2 0.00112296640872955 0.00101909041404724
0.488555613986946 2 0.00112296640872955 0.00101909041404724
0.514181200388195 2 0.00150324404239655 0.00101909041404724
0.541150893088928 2 0.00150324404239655 0.00101909041404724
0.569535192787783 2 0.00150324404239655 0.00101909041404724
0.5994082980669 2 0.00150324404239655 0.00101909041404724
0.630848299352301 2 0.00173532962799072 0.00141268968582153
0.663937383047828 2 0.00173532962799072 0.00141268968582153
0.698762046376261 2 0.00173532962799072 0.00141268968582153
0.735413323489223 2 0.00191222131252289 0.00165173411369324
0.773987023436936 2 0.00191222131252289 0.00165173411369324
0.814988386854148 2 0.00220800936222076 0.00194120407104492
0.857735936417469 2 0.00220800936222076 0.00194120407104492
0.902725668842711 2 0.00268514454364777 0.00194120407104492
0.950075190496499 2 0.00268514454364777 0.00194120407104492
0.999908276402666 2 0.00268514454364777 0.00194120407104492
1.05235519379898 2 0.00285829603672028 0.00216871500015259
1.10755304266501 2 0.00388504564762115 0.00223582983016968
1.1656461141112 2 0.00388504564762115 0.00223582983016968
1.22678626756614 2 0.00415816903114319 0.00286620855331421
1.29113332774796 2 0.00415816903114319 0.00286620855331421
1.35885550245747 2 0.00448822975158691 0.00286620855331421
1.4301298222854 2 0.00448822975158691 0.00323551893234253
1.50514260338295 2 0.00460000336170197 0.00333750247955322
1.58408993450546 2 0.00460000336170197 0.00333750247955322
1.66717818960246 2 0.00478866696357727 0.00339856743812561
1.75462456729382 2 0.00576037168502808 0.00349411368370056
1.84757444547772 2 0.00576037168502808 0.00386464595794678
1.94448291859701 2 0.00608763098716736 0.00386464595794678
2.04647440863358 2 0.00608870387077332 0.00405797362327576
2.15381552861053 2 0.00608870387077332 0.00405797362327576
2.26678687586484 2 0.00639577209949493 0.00433376431465149
2.38568376554882 2 0.00657328963279724 0.00449007749557495
2.51081700260494 2 0.00712765753269196 0.00470411777496338
2.64251369423215 2 0.0077524334192276 0.00499364733695984
2.78111810496734 2 0.0077524334192276 0.00557202100753784
2.92699255661743 2 0.0077524334192276 0.00650942325592041
3.08051837539437 2 0.00799110531806946 0.00650942325592041
3.24209688872901 2 0.00853723287582397 0.00728830695152283
3.41215047436966 2 0.00853723287582397 0.00765955448150635
3.59112366450756 2 0.00853723287582397 0.00777748227119446
3.77948430781575 2 0.00953313708305359 0.0081784725189209
3.97772479243883 2 0.00953313708305359 0.00841200351715088
4.18844168413065 2 0.00953313708305359 0.00917068123817444
4.40813269000691 2 0.00953313708305359 0.00969666242599487
4.63934686886795 2 0.00953313708305359 0.0103695094585419
4.88268863105415 2 0.00953313708305359 0.0104000568389893
5.13879408927292 2 0.00953313708305359 0.0111366808414459
5.40833272144266 2 0.00962573289871216 0.0117165744304657
5.6920091207558 2 0.0107725113630295 0.0117712020874023
5.99056483753551 2 0.0110725909471512 0.0126897394657135
6.30478031770121 2 0.0110725909471512 0.0132401585578918
6.63547694290971 2 0.012007474899292 0.0141450762748718
6.98351917770547 2 0.0125028640031815 0.0141450762748718
7.34981682929249 2 0.0127264410257339 0.0149845480918884
7.73532742583519 2 0.0135894417762756 0.0154452919960022
8.14105871950525 2 0.0138895213603973 0.0157799422740936
8.56807132081762 2 0.0139219015836716 0.0165976285934448
9.01748147114198 2 0.0153197944164276 0.0173484086990356
9.49517557157334 2 0.0153197944164276 0.0177145302295685
9.99321394231016 2 0.0153197944164276 0.018327534198761
10.5173752864303 2 0.0153197944164276 0.0191476345062256
11.0690297990402 2 0.0153197944164276 0.0191476345062256
11.6496195443478 2 0.0153197944164276 0.0196800529956818
12.2606622253216 2 0.0159834027290344 0.0196800529956818
12.9037551510738 2 0.0159834027290344 0.0196800529956818
13.5805794123405 2 0.0159834027290344 0.0196800529956818
14.2929042759726 2 0.0159834027290344 0.0196800529956818
14.3000000938773 2 0.0159834027290344 0.0196800529956818
