0.0999999046325684 0 0.000576218875678057 0.000327082285843517
0.100043356436781 0 0.00430124726778463 0.0010999666773504
0.10462152733392 0 0.00430124726778463 0.0010999666773504
0.109409203884508 0 0.00430124726778463 0.0010999666773504
0.114415973458655 0 0.00430124726778463 0.0010999666773504
0.119651862162442 0 0.00430124726778463 0.0010999666773504
0.125127354915294 0 0.00430124726778463 0.0010999666773504
0.130853416446139 0 0.00430124726778463 0.0010999666773504
0.136841513250383 0 0.00430124726778463 0.0010999666773504
0.143103636551687 0 0.102758920027814 0.00172897450657135
0.149717353012351 0 0.102758920027814 0.00172897450657135
0.156568698796526 0 0.102758920027814 0.00172897450657135
0.163733574963853 0 0.102758920027814 0.00172897450657135
0.171226329250418 0 0.102758920027814 0.00172897450657135
0.179061965971519 0 0.144145092825785 0.00189240897061577
0.187256176067953 0 0.144145092825785 0.00189240897061577
0.19582536852728 0 0.144145092825785 0.00189240897061577
0.204786703242991 0 0.144145092825785 0.00205675341188
0.21415812537736 0 0.144145092825785 0.00205675341188
0.223958401296812 1.4142135623731 0.272330246939392 0.00213057709615407
0.234207156151761 1.4142135623731 0.272330246939392 0.00213057709615407
0.24492491317617 1.4142135623731 0.272330246939392 0.00213057709615407
0.256133134785529 1.4142135623731 0.272330246939392 0.00282287921573831
0.267854265555558 1.4142135623731 0.497464489474617 0.00282287921573831
0.280111777167696 1.4142135623731 0.497464489474617 0.00282287921573831
0.292930215411373 1.4142135623731 0.497464489474617 0.00282287921573831
0.306468357656924 1.4142135623731 0.497464489474617 0.00307700899231094
0.320492922264626 1.4142135623731 0.497464489474617 0.00347483748835857
0.335159277150252 1.4142135623731 0.497464489474617 0.00347483748835857
0.350496791835948 1.4142135623731 0.497464489474617 0.00347483748835857
0.366536179848065 1.4142135623731 0.508365856456555 0.00348676452818379
0.383309560221298 1.4142135623731 0.508365856456555 0.00384937805713483
0.400850521817377 1.4142135623731 0.508365856456555 0.00422548723651064
0.419194190587097 1.4142135623731 0.792057325262536 0.00422548723651064
0.438377299910388 1.4142135623731 0.792057325262536 0.00447658722054394
0.45843826415527 1.4142135623731 0.792057325262536 0.00503522111101283
0.479417255603012 1.4142135623731 0.792057325262536 0.00503522111101283
0.501356284893529 1.4142135623731 0.959835765490148 0.00503522111101283
0.5242992851521 1.4142135623731 0.959835765490148 0.00531797084794323
0.5482921999659 1.4142135623731 0.959835765490148 0.00531797084794323
0.573383075386484 1.4142135623731 0.959835765490148 0.00531797084794323
0.59962215614249 1.4142135623731 1.04494584811597 0.00556960580754134
0.627334456261617 1.4142135623731 1.0625919605117 0.00630661393260674
0.656042453001456 1.4142135623731 1.0625919605117 0.0067497517696654
0.686064181305994 1.4142135623731 1.17191928691961 0.0067497517696654
0.71745975998602 1.4142135623731 1.17191928691961 0.0071231558854799
0.750292059001418 1.4142135623731 1.17191928691961 0.0071231558854799
0.784626825358899 1.4142135623731 1.1743649105602 0.0071231558854799
0.820532814771028 1.4142135623731 1.23775854165313 0.00779263499721609
0.858081929340233 1.4142135623731 1.26467131323956 0.00779263499721609
0.89734936154348 1.4142135623731 1.27980997336248 0.00779263499721609
0.93841374480596 1.4142135623731 1.2942347498985 0.00842373152937115
0.981357310965307 1.4142135623731 1.2942347498985 0.00927856802462103
1.02626605494168 1.4142135623731 1.29729092704037 0.00927856802462103
1.07322990694343 1.4142135623731 1.33412321464258 0.00927856802462103
1.12234291255329 1.4142135623731 1.3393386885467 0.00980490565432054
1.17370342105551 1.4142135623731 1.34831721211764 0.0103685188528915
1.22741428238136 1.4142135623731 1.3629576175738 0.0105851719692048
1.28414079359415 1.4142135623731 1.37235895493591 0.0105851719692048
1.34290547541265 1.4142135623731 1.37311243201273 0.0105851719692048
1.40435933885863 1.4142135623731 1.38761862537041 0.0115518514335254
1.46862544590744 1.4142135623731 1.38761862537041 0.0115518514335254
1.53583249008034 1.4142135623731 1.38761862537041 0.0115518514335254
1.60611505415454 1.4142135623731 1.38761862537041 0.0119166150868539
1.6796138796666 1.4142135623731 1.38826706416416 0.0133610407643496
1.75647614874871 1.4142135623731 1.38826706416416 0.0133610407643496
1.8368557788624 1.4142135623731 1.38826706416416 0.0133610407643496
1.92091373101981 1.4142135623731 1.3945514080442 0.0136374524363317
2.00881833210971 1.4142135623731 1.3945514080442 0.0162245589155207
2.10074561197378 1.4142135623731 1.3945514080442 0.0162245589155207
2.19687965590811 1.4142135623731 1.3945514080442 0.0162245589155207
2.29741297329587 1.4142135623731 1.3945514080442 0.0162245589155207
2.40254688310926 1.4142135623731 1.3945514080442 0.0162245589155207
2.51249191705276 1.4142135623731 1.3945514080442 0.0173040671353991
2.62860992459967 1.4142135623731 1.39753606008086 0.0173040671353991
2.74890002566538 1.4142135623731 1.39753606008086 0.0173040671353991
2.87469482648856 1.4142135623731 1.39753606008086 0.0173040671353991
3.00624623241428 1.4142135623731 1.39753606008086 0.0173040671353991
3.14381767644686 1.4142135623731 1.39753606008086 0.0173040671353991
3.28768464677703 1.4142135623731 1.39753606008086 0.0173040671353991
3.43813523844982 1.4142135623731 1.39753606008086 0.0173040671353991
3.59547073027778 1.4142135623731 1.39753606008086 0.0173040671353991
3.76000618815474 1.4142135623731 1.39753606008086 0.0173040671353991
3.93207109597849 1.4142135623731 1.39967347278417 0.0178587109860019
4.11201001544554 1.4142135623731 1.40080396257741 0.0178587109860019
4.30018327603935 1.4142135623731 1.40518979847227 0.0178587109860019
4.49696769659374 1.4142135623731 1.40672018523985 0.0178587109860019
4.70275733987636 1.4142135623731 1.40687729092873 0.0198395761218594
4.91796430170331 1.4142135623731 1.40832685864289 0.0198395761218594
5.14301953616514 1.4142135623731 1.40984706929751 0.0209808529458905
5.3807107212635 1.4142135623731 1.40984706929751 0.0209808529458905
5.62694209641313 1.4142135623731 1.41000313272914 0.0214607051779277
5.88444147931284 1.4142135623731 1.41000313272914 0.0214607051779277
6.15372451504878 1.4142135623731 1.41000313272914 0.0237419814343551
6.43533044558962 1.4142135623731 1.41133909799912 0.0237419814343551
6.72982318962396 1.4142135623731 1.41149466718533 0.0256373116437261
7.03779247181312 1.4142135623731 1.41149466718533 0.0256373116437261
7.35985500372068 1.4142135623731 1.41149466718533 0.0256373116437261
7.69665571878357 1.4142135623731 1.41149466718533 0.0256373116437261
7.70000005774684 1.4142135623731 1.41149466718533 0.0256373116437261
