0.0999999046325684 0 0.000137692317253213 3.1499546284679e-05
0.100043356436781 0 0.000137692317253213 4.81771848188076e-05
0.10462152733392 0 0.000137692317253213 4.81771848188076e-05
0.109409203884508 0 0.000137692317253213 4.81771848188076e-05
0.114415973458655 0 0.000137692317253213 4.81771848188076e-05
0.119651862162442 0 0.000137692317253213 4.81771848188076e-05
0.125127354915294 0 0.000137692317253213 4.81771848188076e-05
0.130853416446139 0 0.000137692317253213 4.81771848188076e-05
0.136841513250383 0 0.000137692317253213 4.81771848188076e-05
0.143103636551687 0 0.000296174802153701 0.000294307002398639
0.149717353012351 0 0.000296174802153701 0.000294307002398639
0.156568698796526 0 0.000296174802153701 0.000294307002398639
0.163733574963853 0 0.000296174802153701 0.000294307002398639
0.171226329250418 0 0.000296174802153701 0.000294307002398639
0.179061965971519 0 0.000430310637129051 0.000294307002398639
0.187256176067953 0 0.000430310637129051 0.000294307002398639
0.19582536852728 0 0.000430310637129051 0.000294307002398639
0.204786703242991 0 0.000475151856123057 0.000361175232765069
0.21415812537736 0 0.000475151856123057 0.000361175232765069
0.223958401296812 1.4142135623731 0.000655571809663589 0.000505378080243521
0.234207156151761 1.4142135623731 0.000655571809663589 0.000505378080243521
0.24492491317617 1.4142135623731 0.000655571809663589 0.000505378080243521
0.256133134785529 1.4142135623731 0.000655571809663589 0.000505378080243521
0.267854265555558 1.4142135623731 0.000655571809663589 0.000505378080243521
0.280111777167696 1.4142135623731 0.000655571809663589 0.000505378080243521
0.292930215411373 1.4142135623731 0.000655571809663589 0.000505378080243521
0.306468357656924 1.4142135623731 0.000711761855772054 0.000666630050552352
0.320492922264626 1.4142135623731 0.000783026050681228 0.000666630050552352
0.335159277150252 1.4142135623731 0.000947707109012136 0.000666630050552352
0.350496791835948 1.4142135623731 0.000947707109012136 0.000685048607704461
0.366536179848065 1.4142135623731 0.000947707109012136 0.000694572268934151
0.383309560221298 1.4142135623731 0.000947707109012136 0.000837376644125214
0.400850521817377 1.4142135623731 0.000947707109012136 0.000865786235666962
0.419194190587097 1.4142135623731 0.000968026685329307 0.000865786235666962
0.438377299910388 1.4142135623731 0.00105150914569545 0.00105797916272487
0.45843826415527 1.4142135623731 0.00111564909361338 0.00106127892166626
0.479417255603012 1.4142135623731 0.00118010036392479 0.00106127892166626
0.501356284893529 1.4142135623731 0.00136669374563068 0.00106127892166626
0.5242992851521 1.4142135623731 0.00136669374563068 0.00106127892166626
0.5482921999659 1.4142135623731 0.00136669374563068 0.00131964909944021
0.573383075386484 1.4142135623731 0.00136669374563068 0.00131964909944021
0.59962215614249 1.4142135623731 0.00165639019321851 0.00131964909944021
0.627334456261617 1.4142135623731 0.00165639019321851 0.00139202432385122
0.656042453001456 1.4142135623731 0.00165639019321851 0.00141384791886053
0.686064181305994 1.4142135623731 0.00173378767700338 0.00144650132003085
0.71745975998602 1.4142135623731 0.00173378767700338 0.00150135048067249
0.750292059001418 1.4142135623731 0.00186094975680433 0.0015723705342586
0.784626825358899 1.4142135623731 0.00238178452275892 0.00168824055446565
0.820532814771028 1.4142135623731 0.00255881622782666 0.00177829247660026
0.858081929340233 1.4142135623731 0.00255881622782666 0.0018401362097644
0.89734936154348 1.4142135623731 0.00255881622782666 0.0018401362097644
0.93841374480596 1.4142135623731 0.00282385052099053 0.00196580165913686
0.981357310965307 1.4142135623731 0.00282385052099053 0.00201451954789371
1.02626605494168 1.4142135623731 0.00282385052099053 0.00215705096554797
1.07322990694343 1.4142135623731 0.00293529685559491 0.00229142122845899
1.12234291255329 1.4142135623731 0.00293529685559491 0.00237783054091019
1.17370342105551 1.4142135623731 0.00325909779838639 0.00259018625167507
1.22741428238136 1.4142135623731 0.00325909779838639 0.00259018625167507
1.28414079359415 1.4142135623731 0.00354241106375889 0.00267875532579115
1.34290547541265 1.4142135623731 0.00369753861162588 0.00274818056107658
1.40435933885863 1.4142135623731 0.00376365311423112 0.00287488322417821
1.46862544590744 1.4142135623731 0.00405182403305476 0.00297805118636875
1.53583249008034 1.4142135623731 0.00417591710068165 0.00315175244716593
1.60611505415454 1.4142135623731 0.00417591710068165 0.00323532217615796
1.6796138796666 1.4142135623731 0.00455057909303935 0.0035723745292094
1.75647614874871 1.4142135623731 0.00455057909303935 0.00427690372230722
1.8368557788624 1.4142135623731 0.00455057909303935 0.00427690372230722
1.92091373101981 1.4142135623731 0.00496635886400768 0.00458190811256409
2.00881833210971 1.4142135623731 0.0052849945977381 0.00472041824316577
2.10074561197378 1.4142135623731 0.0052849945977381 0.00478287393698901
2.19687965590811 1.4142135623731 0.00531444423155377 0.00504333549318063
2.29741297329587 1.4142135623731 0.00531444423155377 0.00537820668667242
2.40254688310926 1.4142135623731 0.00531444423155377 0.00562863139300741
2.51249191705276 1.4142135623731 0.00593695590952767 0.00601685788435694
2.62860992459967 1.4142135623731 0.00593695590952767 0.00620596402691684
2.74890002566538 1.4142135623731 0.00593695590952767 0.00648340407182
2.87469482648856 1.4142135623731 0.00593695590952767 0.00662723292676869
3.00624623241428 1.4142135623731 0.00604723188031611 0.00688060157222211
3.14381767644686 1.4142135623731 0.00625804595356829 0.00715619878450441
3.28768464677703 1.4142135623731 0.00664033899485533 0.00743851949848133
3.43813523844982 1.4142135623731 0.00678314755806591 0.00768553459525705
3.59547073027778 1.4142135623731 0.00695481094887495 0.00798820466227272
3.76000618815474 1.4142135623731 0.00741169312929202 0.00848623809593574
3.93207109597849 1.4142135623731 0.00780115310683429 0.00873582718776399
4.11201001544554 1.4142135623731 0.00797593476957627 0.00903677476650829
4.30018327603935 1.4142135623731 0.00797593476957627 0.00941644594042098
4.49696769659374 1.4142135623731 0.00833284869621988 0.00982769757300935
4.70275733987636 1.4142135623731 0.00909416855227017 0.0101961886118671
4.91796430170331 1.4142135623731 0.00938587173917086 0.0104322474035584
5.14301953616514 1.4142135623731 0.00938587173917086 0.0108657056854206
5.3807107212635 1.4142135623731 0.00938587173917086 0.01123044767422
5.62694209641313 1.4142135623731 0.00938587173917086 0.0115702468872653
5.88444147931284 1.4142135623731 0.00938587173917086 0.0119425388031836
6.15372451504878 1.4142135623731 0.00938587173917086 0.0124345995089855
6.43533044558962 1.4142135623731 0.00938587173917086 0.0126833734024862
6.72982318962396 1.4142135623731 0.00981102181095403 0.0129000192025862
7.03779247181312 1.4142135623731 0.00981102181095403 0.0129000192025862
7.35985500372068 1.4142135623731 0.00981102181095403 0.0129000192025862
7.69665571878357 1.4142135623731 0.00981102181095403 0.0129000192025862
7.70000005774684 1.4142135623731 0.00981102181095403 0.0129000192025862
