0.0999999046325684 0 0.000546517365410448 0.000475555658340454
0.100049550323889 0 0.0060832975210019 0.000475555658340454
0.105297322169777 0 0.0060832975210019 0.000475555658340454
0.110820348719532 0 0.0060832975210019 0.000475555658340454
0.116633067558138 0 0.0060832975210019 0.000475555658340454
0.122750673546868 0 0.0060832975210019 0.000475555658340454
0.129189158543728 0 0.0060832975210019 0.000475555658340454
0.135965353207321 0 0.0060832975210019 0.000475555658340454
0.143096970993385 0 0.0060832975210019 0.000475555658340454
0.150602654459027 0 0.0060832975210019 0.000475555658340454
0.15858071349631 0 0.0060832975210019 0.000475555658340454
0.166898546019221 0 0.0060832975210019 0.000475555658340454
0.17565266323498 0 0.0060832975210019 0.000475555658340454
0.184865949029824 0 0.0060832975210019 0.000475555658340454
0.194562487589382 0 0.0060832975210019 0.000475555658340454
0.204767626356443 0 0.202470427844673 0.00316524505615234
0.215508042290986 0 0.202470427844673 0.00316524505615234
0.226811811605649 0 0.202470427844673 0.00316524505615234
0.238708483158951 0 0.202470427844673 0.00316524505615234
0.251229155698115 0 0.202470427844673 0.00316524505615234
0.264406559153409 0 0.202470427844673 0.00316524505615234
0.278275140196516 0 0.202470427844673 0.00316524505615234
0.292871152286588 0 0.202470427844673 0.00316524505615234
0.30823275043937 2 0.202470427844673 0.00446268916130066
0.324400090967136 2 0.202470427844673 0.00446268916130066
0.341415436450146 2 0.202470427844673 0.00446268916130066
0.359501654903754 2 0.202470427844673 0.00446268916130066
0.378358138086801 2 0.202470427844673 0.00446268916130066
0.39820367640543 2 0.202470427844673 0.00446268916130066
0.419090147511041 2 0.52499738993356 0.00446268916130066
0.44107215012752 2 0.52499738993356 0.00446268916130066
0.464207146776192 2 0.52499738993356 0.00446268916130066
0.488555613986946 2 0.52499738993356 0.00446268916130066
0.514181200388195 2 0.719451451848727 0.00590261816978455
0.541150893088928 2 0.719451451848727 0.00590261816978455
0.569535192787783 2 0.719451451848727 0.00590261816978455
0.5994082980669 2 0.719451451848727 0.00590261816978455
0.630848299352301 2 0.719451451848727 0.00694334506988525
0.663937383047828 2 0.719451451848727 0.00694334506988525
0.698762046376261 2 0.719451451848727 0.00694334506988525
0.735413323489223 2 1.09358531053294 0.00916239619255066
0.773987023436936 2 1.09358531053294 0.00916239619255066
0.814988386854148 2 1.29206055203394 0.00916239619255066
0.857735936417469 2 1.29206055203394 0.00916239619255066
0.902725668842711 2 1.38508361025015 0.0109415650367737
0.950075190496499 2 1.38508361025015 0.0109415650367737
0.999908276402666 2 1.38508361025015 0.0109415650367737
1.05235519379898 2 1.47996681538643 0.0109415650367737
1.10755304266501 2 1.54876325896475 0.0125471353530884
1.1656461141112 2 1.54876325896475 0.0125471353530884
1.22678626756614 2 1.62517248291988 0.0125471353530884
1.29113332774796 2 1.62517248291988 0.0125471353530884
1.35885550245747 2 1.63703957272446 0.0157329142093658
1.4301298222854 2 1.75489110204217 0.0157329142093658
1.50514260338295 2 1.77755761195658 0.0157404243946075
1.58408993450546 2 1.77755761195658 0.0157404243946075
1.66717818960246 2 1.84962059780719 0.0160667598247528
1.75462456729382 2 1.84962059780719 0.0160667598247528
1.84757444547772 2 1.87775286142858 0.0170230567455292
1.94448291859701 2 1.90959468080382 0.0170230567455292
2.04647440863358 2 1.90959468080382 0.0174875855445862
2.15381552861053 2 1.92990207746925 0.0174875855445862
2.26678687586484 2 1.95206161709802 0.0174875855445862
2.38568376554882 2 1.95814491461903 0.0174875855445862
2.51081700260494 2 1.96058342569961 0.0190362632274628
2.64251369423215 2 1.96058342569961 0.0195401310920715
2.78111810496734 2 1.96058342569961 0.0195401310920715
2.92699255661743 2 1.96897158409922 0.0245106220245361
3.08051837539437 2 1.96897158409922 0.0245106220245361
3.24209688872901 2 1.96897158409922 0.0249740183353424
3.41215047436966 2 1.97643885888613 0.0249740183353424
3.59112366450756 2 1.97643885888613 0.0249740183353424
3.77948430781575 2 1.97643885888613 0.0274801254272461
3.97772479243883 2 1.97643885888613 0.0274801254272461
4.18844168413065 2 1.97643885888613 0.0274801254272461
4.40813269000691 2 1.97995368044723 0.0274801254272461
4.63934686886795 2 1.98171141637178 0.0274801254272461
4.88268863105415 2 1.9857245775704 0.0274801254272461
5.13879408927292 2 1.98806797822322 0.0274801254272461
5.40833272144266 2 1.98965129974896 0.0274801254272461
5.6920091207558 2 1.99129295246465 0.0274801254272461
5.99056483753551 2 1.99193954970477 0.0274801254272461
6.30478031770121 2 1.99439009856661 0.0274801254272461
6.63547694290971 2 1.995418303078 0.0274801254272461
6.98351917770547 2 1.99554747197027 0.0274801254272461
7.34981682929249 2 1.99556332210063 0.0276652276515961
7.73532742583519 2 1.99556332210063 0.0282339751720428
8.14105871950525 2 1.99556380330415 0.029847115278244
8.56807132081762 2 1.99556490818987 0.0307835340499878
9.01748147114198 2 1.99556490818987 0.033684641122818
9.49517557157334 2 1.99556490818987 0.033684641122818
9.99321394231016 2 1.99556490818987 0.0345229804515839
10.5173752864303 2 1.99674289575821 0.0345229804515839
11.0690297990402 2 1.99674289575821 0.0387213230133057
11.6496195443478 2 1.99674289713742 0.0387213230133057
12.2606622253216 2 1.99674289713742 0.0418120324611664
12.9037551510738 2 1.99674289713742 0.0418120324611664
13.5805794123405 2 1.99674289713742 0.0418120324611664
14.2929042759726 2 1.99674289713742 0.0418120324611664
14.3000000938773 2 1.99674289713742 0.0418120324611664
