0.0999999046325684 0 0.00298880254042484 0.000134896652784289
0.100043356436781 0 0.00298880254042484 0.000134896652784289
0.10462152733392 0 0.00298880254042484 0.000134896652784289
0.109409203884508 0 0.00298880254042484 0.000134896652784289
0.114415973458655 0 0.00298880254042484 0.000134896652784289
0.119651862162442 0 0.00298880254042484 0.000134896652784289
0.125127354915294 0 0.00298880254042484 0.000134896652784289
0.130853416446139 0 0.00298880254042484 0.000134896652784289
0.136841513250383 0 0.00298880254042484 0.000134896652784289
0.143103636551687 0 0.00452115319132947 0.000329005507447651
0.149717353012351 0 0.00452115319132947 0.000329005507447651
0.156568698796526 0 0.00452115319132947 0.000329005507447651
0.163733574963853 0 0.00452115319132947 0.000329005507447651
0.171226329250418 0 0.00452115319132947 0.000329005507447651
0.179061965971519 0 0.00593281342683494 0.000391976595930187
0.187256176067953 0 0.00593281342683494 0.000391976595930187
0.19582536852728 0 0.00593281342683494 0.000391976595930187
0.204786703242991 0 0.00718087652423007 0.00039957754678261
0.21415812537736 0 0.00718087652423007 0.00039957754678261
0.223958401296812 1.4142135623731 0.0083672248351001 0.000586182454816468
0.234207156151761 1.4142135623731 0.0083672248351001 0.000586182454816468
0.24492491317617 1.4142135623731 0.0083672248351001 0.000586182454816468
0.256133134785529 1.4142135623731 0.0083672248351001 0.000638174284216425
0.267854265555558 1.4142135623731 0.0083672248351001 0.000777202444095158
0.280111777167696 1.4142135623731 0.0083672248351001 0.000777202444095158
0.292930215411373 1.4142135623731 0.0101336321713415 0.000777202444095158
0.306468357656924 1.4142135623731 0.0110707769958637 0.000917040193907122
0.320492922264626 1.4142135623731 0.0119097309908626 0.000992719099450887
0.335159277150252 1.4142135623731 0.0134184940313151 0.000992719099450887
0.350496791835948 1.4142135623731 0.0134184940313151 0.00109319787246252
0.366536179848065 1.4142135623731 0.0152298033443482 0.00121020016762543
0.383309560221298 1.4142135623731 0.0152298033443482 0.00121020016762543
0.400850521817377 1.4142135623731 0.0157650686930183 0.00121020016762543
0.419194190587097 1.4142135623731 0.0166635303467747 0.00127671981045901
0.438377299910388 1.4142135623731 0.0181529585754952 0.00127671981045901
0.45843826415527 1.4142135623731 0.0190064623780504 0.00139051941448145
0.479417255603012 1.4142135623731 0.0190064623780504 0.00139051941448145
0.501356284893529 1.4142135623731 0.0194464669737691 0.00150388837336245
0.5242992851521 1.4142135623731 0.0205001183260684 0.00159755235159271
0.5482921999659 1.4142135623731 0.0228641163540699 0.00161799186509931
0.573383075386484 1.4142135623731 0.0228641163540699 0.00161799186509931
0.59962215614249 1.4142135623731 0.0230546911353743 0.00203011995367847
0.627334456261617 1.4142135623731 0.0244117079592509 0.00203011995367847
0.656042453001456 1.4142135623731 0.0271657010331214 0.00213352575093261
0.686064181305994 1.4142135623731 0.0278727887384805 0.00213559606945482
0.71745975998602 1.4142135623731 0.0278727887384805 0.00234736089834017
0.750292059001418 1.4142135623731 0.030576210603161 0.0024534325077386
0.784626825358899 1.4142135623731 0.0314887378987551 0.0024534325077386
0.820532814771028 1.4142135623731 0.0345771050957726 0.00261654194508829
0.858081929340233 1.4142135623731 0.0345771050957726 0.00263333782576877
0.89734936154348 1.4142135623731 0.0356104277947559 0.00298658983070843
0.93841374480596 1.4142135623731 0.0399103860604535 0.00322603479502734
0.981357310965307 1.4142135623731 0.0399103860604535 0.00322603479502734
1.02626605494168 1.4142135623731 0.041378227406579 0.00333214174483022
1.07322990694343 1.4142135623731 0.0416232025895594 0.00333214174483022
1.12234291255329 1.4142135623731 0.0430065833899607 0.00343414108390044
1.17370342105551 1.4142135623731 0.0462252584044525 0.00361623997530078
1.22741428238136 1.4142135623731 0.0485215161827988 0.00361623997530078
1.28414079359415 1.4142135623731 0.0490735349470728 0.00397597231841201
1.34290547541265 1.4142135623731 0.0529986178331241 0.00417307455940457
1.40435933885863 1.4142135623731 0.0531369728562748 0.004646626464257
1.46862544590744 1.4142135623731 0.0577416146198481 0.00472595647259928
1.53583249008034 1.4142135623731 0.0605988629989618 0.00472595647259928
1.60611505415454 1.4142135623731 0.0605988629989618 0.00480852160564461
1.6796138796666 1.4142135623731 0.065883589663305 0.00503451020329845
1.75647614874871 1.4142135623731 0.065883589663305 0.00539200902342284
1.8368557788624 1.4142135623731 0.0679967389772044 0.00559592786224591
1.92091373101981 1.4142135623731 0.0684836900628542 0.00567253018942699
2.00881833210971 1.4142135623731 0.0770107154921718 0.00613197752654263
2.10074561197378 1.4142135623731 0.0770107154921718 0.00613197752654263
2.19687965590811 1.4142135623731 0.0807450433907258 0.00635305112721868
2.29741297329587 1.4142135623731 0.0807450433907258 0.00668216003693491
2.40254688310926 1.4142135623731 0.0807450433907258 0.00688437337486173
2.51249191705276 1.4142135623731 0.085986566919833 0.00730806438479112
2.62860992459967 1.4142135623731 0.085986566919833 0.00737135400443314
2.74890002566538 1.4142135623731 0.085986566919833 0.00786678295075456
2.87469482648856 1.4142135623731 0.0891485543138666 0.00791240643676715
3.00624623241428 1.4142135623731 0.0891485543138666 0.00823744598043131
3.14381767644686 1.4142135623731 0.0930014973469254 0.00874632500792783
3.28768464677703 1.4142135623731 0.0930014973469254 0.00935685166729254
3.43813523844982 1.4142135623731 0.0964201999069563 0.00944069541849192
3.59547073027778 1.4142135623731 0.0974749691348965 0.00944266908273615
3.76000618815474 1.4142135623731 0.0974749691348965 0.0101403570941848
3.93207109597849 1.4142135623731 0.117815304348488 0.0107582966625247
4.11201001544554 1.4142135623731 0.117815304348488 0.0109736444002411
4.30018327603935 1.4142135623731 0.117815304348488 0.0111536196286961
4.49696769659374 1.4142135623731 0.117815304348488 0.0111536196286961
4.70275733987636 1.4142135623731 0.124212982147711 0.0117571623755172
4.91796430170331 1.4142135623731 0.124212982147711 0.0123910583883717
5.14301953616514 1.4142135623731 0.124212982147711 0.012571531687422
5.3807107212635 1.4142135623731 0.124212982147711 0.012898205606119
5.62694209641313 1.4142135623731 0.124212982147711 0.0137778765548229
5.88444147931284 1.4142135623731 0.124212982147711 0.0147070700746299
6.15372451504878 1.4142135623731 0.124212982147711 0.0154732595595153
6.43533044558962 1.4142135623731 0.124212982147711 0.0156196720401142
6.72982318962396 1.4142135623731 0.124745591260631 0.0162493813145732
7.03779247181312 1.4142135623731 0.124745591260631 0.0168994807364223
7.35985500372068 1.4142135623731 0.124745591260631 0.0168994807364223
7.69665571878357 1.4142135623731 0.124745591260631 0.0168994807364223
7.70000005774684 1.4142135623731 0.124745591260631 0.0168994807364223
