0.0999999046325684 0 0.00171586742532819 0.000460482161135761
0.100043356436781 0 0.0103795938657848 0.00114704451277198
0.10462152733392 0 0.0103795938657848 0.00114704451277198
0.109409203884508 0 0.0103795938657848 0.00114704451277198
0.114415973458655 0 0.0103795938657848 0.00114704451277198
0.119651862162442 0 0.0103795938657848 0.00114704451277198
0.125127354915294 0 0.0103795938657848 0.00114704451277198
0.130853416446139 0 0.0103795938657848 0.00114704451277198
0.136841513250383 0 0.0103795938657848 0.00114704451277198
0.143103636551687 0 0.113318314861765 0.00178675730091457
0.149717353012351 0 0.113318314861765 0.00178675730091457
0.156568698796526 0 0.113318314861765 0.00178675730091457
0.163733574963853 0 0.113318314861765 0.00178675730091457
0.171226329250418 0 0.113318314861765 0.00178675730091457
0.179061965971519 0 0.145829812109246 0.00233435585464014
0.187256176067953 0 0.145829812109246 0.00233435585464014
0.19582536852728 0 0.145829812109246 0.00233435585464014
0.204786703242991 0 0.145829812109246 0.00292130860653342
0.21415812537736 0 0.145829812109246 0.00292130860653342
0.223958401296812 1.4142135623731 0.166897417136578 0.00292130860653342
0.234207156151761 1.4142135623731 0.166897417136578 0.00292130860653342
0.24492491317617 1.4142135623731 0.166897417136578 0.00292130860653342
0.256133134785529 1.4142135623731 0.204915213968733 0.00386082504913675
0.267854265555558 1.4142135623731 0.233012399417885 0.00386082504913675
0.280111777167696 1.4142135623731 0.233012399417885 0.00386082504913675
0.292930215411373 1.4142135623731 0.233012399417885 0.00450017653161402
0.306468357656924 1.4142135623731 0.233012399417885 0.00450017653161402
0.320492922264626 1.4142135623731 0.25323881487599 0.00450017653161402
0.335159277150252 1.4142135623731 0.25323881487599 0.00450017653161402
0.350496791835948 1.4142135623731 0.25323881487599 0.00450017653161402
0.366536179848065 1.4142135623731 0.305399258722895 0.00509970997206952
0.383309560221298 1.4142135623731 0.305399258722895 0.00562883131353914
0.400850521817377 1.4142135623731 0.305399258722895 0.00576105061437794
0.419194190587097 1.4142135623731 0.344198090766496 0.00576105061437794
0.438377299910388 1.4142135623731 0.395080715743001 0.00628901987485784
0.45843826415527 1.4142135623731 0.429501417906945 0.00628901987485784
0.479417255603012 1.4142135623731 0.437041119032452 0.00628901987485784
0.501356284893529 1.4142135623731 0.487010149921995 0.00628901987485784
0.5242992851521 1.4142135623731 0.487010149921995 0.00669811580495623
0.5482921999659 1.4142135623731 0.487010149921995 0.00768229544989367
0.573383075386484 1.4142135623731 0.527202842967896 0.00768229544989367
0.59962215614249 1.4142135623731 0.527202842967896 0.00768229544989367
0.627334456261617 1.4142135623731 0.600311605353667 0.0081715735685455
0.656042453001456 1.4142135623731 0.600311605353667 0.00962366280002416
0.686064181305994 1.4142135623731 0.649669664961284 0.00962366280002416
0.71745975998602 1.4142135623731 0.649669664961284 0.0100568120866064
0.750292059001418 1.4142135623731 0.649669664961284 0.0101584566408754
0.784626825358899 1.4142135623731 0.700436352059754 0.0101584566408754
0.820532814771028 1.4142135623731 0.721837633389487 0.0103636131779618
0.858081929340233 1.4142135623731 0.772070411815529 0.0106847072492738
0.89734936154348 1.4142135623731 0.816280462143054 0.0128416987243553
0.93841374480596 1.4142135623731 0.822547705541432 0.0141327906933676
0.981357310965307 1.4142135623731 0.839584928118423 0.0141327906933676
1.02626605494168 1.4142135623731 0.857122689918162 0.0147570473947089
1.07322990694343 1.4142135623731 0.922843122099724 0.0151534124803778
1.12234291255329 1.4142135623731 0.925063905804957 0.0152500056944722
1.17370342105551 1.4142135623731 0.954007973907606 0.0152500056944722
1.22741428238136 1.4142135623731 0.972304112968341 0.0157678196533239
1.28414079359415 1.4142135623731 1.00810078597908 0.0157678196533239
1.34290547541265 1.4142135623731 1.02026257783258 0.0157678196533239
1.40435933885863 1.4142135623731 1.07496276354975 0.0163197455507568
1.46862544590744 1.4142135623731 1.08070510870394 0.0163197455507568
1.53583249008034 1.4142135623731 1.08528332669824 0.017598745936676
1.60611505415454 1.4142135623731 1.0871019065372 0.0192011967430294
1.6796138796666 1.4142135623731 1.09284270049265 0.0192011967430294
1.75647614874871 1.4142135623731 1.09624352843637 0.0192011967430294
1.8368557788624 1.4142135623731 1.10420171419352 0.0222124070995923
1.92091373101981 1.4142135623731 1.18766335471973 0.0222124070995923
2.00881833210971 1.4142135623731 1.19196300800065 0.0222124070995923
2.10074561197378 1.4142135623731 1.1995199163897 0.0232301291653062
2.19687965590811 1.4142135623731 1.2083661506583 0.0232301291653062
2.29741297329587 1.4142135623731 1.22126956504489 0.0232301291653062
2.40254688310926 1.4142135623731 1.2308785655332 0.0233673653722466
2.51249191705276 1.4142135623731 1.2339306384511 0.0233673653722466
2.62860992459967 1.4142135623731 1.25509221972463 0.0247566693992136
2.74890002566538 1.4142135623731 1.26317413031224 0.0284144339635519
2.87469482648856 1.4142135623731 1.26317413031224 0.0284144339635519
3.00624623241428 1.4142135623731 1.26430842560258 0.0284144339635519
3.14381767644686 1.4142135623731 1.27170068364505 0.0284144339635519
3.28768464677703 1.4142135623731 1.28262830196076 0.0284144339635519
3.43813523844982 1.4142135623731 1.28756144335286 0.0284144339635519
3.59547073027778 1.4142135623731 1.29020029698017 0.0288881155143206
3.76000618815474 1.4142135623731 1.29166932591604 0.0288881155143206
3.93207109597849 1.4142135623731 1.31323261912714 0.0307039285861136
4.11201001544554 1.4142135623731 1.31899787565768 0.0307039285861136
4.30018327603935 1.4142135623731 1.32357074889556 0.0307039285861136
4.49696769659374 1.4142135623731 1.33098770886428 0.0316007951093151
4.70275733987636 1.4142135623731 1.33857455610689 0.03528415143242
4.91796430170331 1.4142135623731 1.35066801201344 0.03528415143242
5.14301953616514 1.4142135623731 1.35492690393906 0.03528415143242
5.3807107212635 1.4142135623731 1.35492690393906 0.03528415143242
5.62694209641313 1.4142135623731 1.35548721763467 0.0394301132678041
5.88444147931284 1.4142135623731 1.35841401635261 0.0396427964916064
6.15372451504878 1.4142135623731 1.36605258533758 0.0407068948599273
6.43533044558962 1.4142135623731 1.37016998079228 0.0410264810842597
6.72982318962396 1.4142135623731 1.37071176305604 0.0459171624835102
7.03779247181312 1.4142135623731 1.37071176305604 0.0459171624835102
7.35985500372068 1.4142135623731 1.37071176305604 0.0459171624835102
7.69665571878357 1.4142135623731 1.37071176305604 0.0459171624835102
7.70000005774684 1.4142135623731 1.37071176305604 0.0459171624835102
