0.0999999046325684 0 0.00127538146544407 0.000292791123132686
0.100043356436781 0 0.0121256883092513 0.000503750947393459
0.10462152733392 0 0.0121256883092513 0.000503750947393459
0.109409203884508 0 0.0121256883092513 0.000503750947393459
0.114415973458655 0 0.0121256883092513 0.000503750947393459
0.119651862162442 0 0.0121256883092513 0.000503750947393459
0.125127354915294 0 0.0121256883092513 0.000503750947393459
0.130853416446139 0 0.0121256883092513 0.000503750947393459
0.136841513250383 0 0.0121256883092513 0.000503750947393459
0.143103636551687 0 0.129546760677311 0.00251791791588763
0.149717353012351 0 0.129546760677311 0.00251791791588763
0.156568698796526 0 0.129546760677311 0.00251791791588763
0.163733574963853 0 0.129546760677311 0.00251791791588763
0.171226329250418 0 0.129546760677311 0.00251791791588763
0.179061965971519 0 0.160366610632945 0.00258972386328161
0.187256176067953 0 0.160366610632945 0.00258972386328161
0.19582536852728 0 0.160366610632945 0.00258972386328161
0.204786703242991 0 0.160366610632945 0.00342298597028344
0.21415812537736 0 0.160366610632945 0.00342298597028344
0.223958401296812 1.4142135623731 0.239000563161395 0.00345185721972788
0.234207156151761 1.4142135623731 0.239000563161395 0.00345185721972788
0.24492491317617 1.4142135623731 0.239000563161395 0.00345185721972788
0.256133134785529 1.4142135623731 0.24919071090931 0.00401112992148396
0.267854265555558 1.4142135623731 0.378872187473801 0.00441730698843293
0.280111777167696 1.4142135623731 0.378872187473801 0.00441730698843293
0.292930215411373 1.4142135623731 0.378872187473801 0.00441730698843293
0.306468357656924 1.4142135623731 0.378872187473801 0.00505250960209382
0.320492922264626 1.4142135623731 0.378872187473801 0.00515578304830704
0.335159277150252 1.4142135623731 0.378872187473801 0.00543312279861107
0.350496791835948 1.4142135623731 0.378872187473801 0.00622831689741956
0.366536179848065 1.4142135623731 0.428791209202939 0.00662056055984142
0.383309560221298 1.4142135623731 0.428791209202939 0.00662056055984142
0.400850521817377 1.4142135623731 0.428791209202939 0.00690630329402284
0.419194190587097 1.4142135623731 0.530493996273732 0.00738605953637097
0.438377299910388 1.4142135623731 0.530493996273732 0.00751916918981218
0.45843826415527 1.4142135623731 0.606090685650089 0.00824475358655724
0.479417255603012 1.4142135623731 0.606090685650089 0.00832887889918778
0.501356284893529 1.4142135623731 0.71925545748633 0.0084076260115836
0.5242992851521 1.4142135623731 0.71925545748633 0.0102559659236485
0.5482921999659 1.4142135623731 0.71925545748633 0.0102559659236485
0.573383075386484 1.4142135623731 0.725751046174761 0.0102559659236485
0.59962215614249 1.4142135623731 0.780479212237319 0.0103845677183873
0.627334456261617 1.4142135623731 0.84879710831651 0.0115006412915814
0.656042453001456 1.4142135623731 0.84879710831651 0.0115006412915814
0.686064181305994 1.4142135623731 0.920053220464561 0.0125258534859392
0.71745975998602 1.4142135623731 0.920053220464561 0.0129355866970013
0.750292059001418 1.4142135623731 0.920053220464561 0.0133729465639001
0.784626825358899 1.4142135623731 0.962448977171508 0.0138225374478233
0.820532814771028 1.4142135623731 0.99169507840823 0.0146576278682994
0.858081929340233 1.4142135623731 1.04890896716124 0.015685368562024
0.89734936154348 1.4142135623731 1.08793395372092 0.0164283709159359
0.93841374480596 1.4142135623731 1.09370251911439 0.0171624072551047
0.981357310965307 1.4142135623731 1.11079702906432 0.0173016502346037
1.02626605494168 1.4142135623731 1.12621567189022 0.0180713166124525
1.07322990694343 1.4142135623731 1.17344124716424 0.0193193489699982
1.12234291255329 1.4142135623731 1.18044252768319 0.0202581824278372
1.17370342105551 1.4142135623731 1.20138069895115 0.0206740764968217
1.22741428238136 1.4142135623731 1.22857033047439 0.0206791535628147
1.28414079359415 1.4142135623731 1.25328050388697 0.0220999651745971
1.34290547541265 1.4142135623731 1.25903879305838 0.0230781346720647
1.40435933885863 1.4142135623731 1.29630145149523 0.0237896394734717
1.46862544590744 1.4142135623731 1.29630145149523 0.026392594993884
1.53583249008034 1.4142135623731 1.30157300265034 0.026392594993884
1.60611505415454 1.4142135623731 1.30157300265034 0.0270675073874718
1.6796138796666 1.4142135623731 1.30157300265034 0.0273893957070369
1.75647614874871 1.4142135623731 1.30157300265034 0.0281432657085913
1.8368557788624 1.4142135623731 1.30157300265034 0.0294545641121046
1.92091373101981 1.4142135623731 1.31772487855576 0.0310308807182687
2.00881833210971 1.4142135623731 1.32299560076486 0.0313131477988184
2.10074561197378 1.4142135623731 1.32299560076486 0.033900315020637
2.19687965590811 1.4142135623731 1.32299560076486 0.0340074572340362
2.29741297329587 1.4142135623731 1.32299560076486 0.0347262900410611
2.40254688310926 1.4142135623731 1.32299560076486 0.0351854441147911
2.51249191705276 1.4142135623731 1.32299560076486 0.0364948635995898
2.62860992459967 1.4142135623731 1.33815573685332 0.0388355086811208
2.74890002566538 1.4142135623731 1.34352965207765 0.0396501561912974
2.87469482648856 1.4142135623731 1.34352965207765 0.0397599576266911
3.00624623241428 1.4142135623731 1.34352965207765 0.044103833641404
3.14381767644686 1.4142135623731 1.34835980847631 0.0450739671336546
3.28768464677703 1.4142135623731 1.35772756282027 0.0481424973731467
3.43813523844982 1.4142135623731 1.35772756282027 0.0481424973731467
3.59547073027778 1.4142135623731 1.36230508919268 0.0486870429019557
3.76000618815474 1.4142135623731 1.36304430240466 0.0518464494823753
3.93207109597849 1.4142135623731 1.36613028090542 0.0549682160672479
4.11201001544554 1.4142135623731 1.37024942394561 0.0549682160672479
4.30018327603935 1.4142135623731 1.37918195854975 0.0565611491534721
4.49696769659374 1.4142135623731 1.38158722268404 0.0565611491534721
4.70275733987636 1.4142135623731 1.38236974506207 0.0607408937841468
4.91796430170331 1.4142135623731 1.39277317408236 0.0639453838732385
5.14301953616514 1.4142135623731 1.39510896222632 0.0652640421294538
5.3807107212635 1.4142135623731 1.39510896222632 0.0674025522839056
5.62694209641313 1.4142135623731 1.39548715204283 0.0709906412246147
5.88444147931284 1.4142135623731 1.39548715204283 0.0709906412246147
6.15372451504878 1.4142135623731 1.40292498172146 0.0764356628459628
6.43533044558962 1.4142135623731 1.40521061040254 0.0764356628459628
6.72982318962396 1.4142135623731 1.40558070766012 0.0859630889455169
7.03779247181312 1.4142135623731 1.40558070766012 0.0859630889455169
7.35985500372068 1.4142135623731 1.40558070766012 0.0859630889455169
7.69665571878357 1.4142135623731 1.40558070766012 0.0859630889455169
7.70000005774684 1.4142135623731 1.40558070766012 0.0859630889455169
