0.0999999046325684 0 0.00180392477818714 0.000439703464508057
0.100049550323889 0 0.0171510881787071 0.00075414776802063
0.105297322169777 0 0.0171510881787071 0.00075414776802063
0.110820348719532 0 0.0171510881787071 0.00075414776802063
0.116633067558138 0 0.0171510881787071 0.00075414776802063
0.122750673546868 0 0.0171510881787071 0.00075414776802063
0.129189158543728 0 0.0171510881787071 0.00075414776802063
0.135965353207321 0 0.0171510881787071 0.00075414776802063
0.143096970993385 0 0.0171510881787071 0.00075414776802063
0.150602654459027 0 0.0171510881787071 0.00075414776802063
0.15858071349631 0 0.0171510881787071 0.00075414776802063
0.166898546019221 0 0.0171510881787071 0.00075414776802063
0.17565266323498 0 0.0171510881787071 0.00075414776802063
0.184865949029824 0 0.0171510881787071 0.00075414776802063
0.194562487589382 0 0.0171510881787071 0.00075414776802063
0.204767626356443 0 0.18464693473652 0.00512814521789551
0.215508042290986 0 0.18464693473652 0.00512814521789551
0.226811811605649 0 0.18464693473652 0.00512814521789551
0.238708483158951 0 0.18464693473652 0.00512814521789551
0.251229155698115 0 0.18464693473652 0.00512814521789551
0.264406559153409 0 0.18464693473652 0.00512814521789551
0.278275140196516 0 0.18464693473652 0.00512814521789551
0.292871152286588 0 0.18464693473652 0.00512814521789551
0.30823275043937 2 0.338309104845393 0.0077211856842041
0.324400090967136 2 0.338309104845393 0.0077211856842041
0.341415436450146 2 0.338309104845393 0.0077211856842041
0.359501654903754 2 0.338309104845393 0.0077211856842041
0.378358138086801 2 0.338309104845393 0.0077211856842041
0.39820367640543 2 0.338309104845393 0.0077211856842041
0.419090147511041 2 0.456147873599548 0.00832799077033997
0.44107215012752 2 0.456147873599548 0.00832799077033997
0.464207146776192 2 0.456147873599548 0.00832799077033997
0.488555613986946 2 0.456147873599548 0.00832799077033997
0.514181200388195 2 0.60737064818386 0.0111836493015289
0.541150893088928 2 0.60737064818386 0.0111836493015289
0.569535192787783 2 0.60737064818386 0.0111836493015289
0.5994082980669 2 0.60737064818386 0.0111836493015289
0.630848299352301 2 0.60737064818386 0.0123591423034668
0.663937383047828 2 0.60737064818386 0.0123591423034668
0.698762046376261 2 0.60737064818386 0.0123591423034668
0.735413323489223 2 0.797835820354521 0.0154588520526886
0.773987023436936 2 0.797835820354521 0.0154588520526886
0.814988386854148 2 0.899281168756715 0.0165678560733795
0.857735936417469 2 0.899281168756715 0.0165678560733795
0.902725668842711 2 1.0969222200365 0.0207784473896027
0.950075190496499 2 1.0969222200365 0.0207784473896027
0.999908276402666 2 1.0969222200365 0.0207784473896027
1.05235519379898 2 1.10674775259395 0.0207784473896027
1.10755304266501 2 1.20424516157073 0.0232092440128326
1.1656461141112 2 1.20424516157073 0.0232092440128326
1.22678626756614 2 1.333100652555 0.0266515016555786
1.29113332774796 2 1.333100652555 0.0266515016555786
1.35885550245747 2 1.3688155960408 0.0297132134437561
1.4301298222854 2 1.45883058183608 0.0297132134437561
1.50514260338295 2 1.54946772864787 0.0304349958896637
1.58408993450546 2 1.54946772864787 0.0304349958896637
1.66717818960246 2 1.55237720434525 0.0307415127754211
1.75462456729382 2 1.60583243093788 0.0309743583202362
1.84757444547772 2 1.68184609883247 0.0314893126487732
1.94448291859701 2 1.7331764501032 0.0324626564979553
2.04647440863358 2 1.7331764501032 0.0344713032245636
2.15381552861053 2 1.75831520093743 0.0344713032245636
2.26678687586484 2 1.80307063648615 0.0357460975646973
2.38568376554882 2 1.82091331605852 0.0407906472682953
2.51081700260494 2 1.85135603074968 0.0419852733612061
2.64251369423215 2 1.85293627084138 0.0419852733612061
2.78111810496734 2 1.85293627084138 0.0419852733612061
2.92699255661743 2 1.86236658150301 0.0469142198562622
3.08051837539437 2 1.86236658150301 0.0469142198562622
3.24209688872901 2 1.87116426739067 0.0478100478649139
3.41215047436966 2 1.88315852076903 0.0485018193721771
3.59112366450756 2 1.88315852076903 0.0485018193721771
3.77948430781575 2 1.91991099549114 0.0547407567501068
3.97772479243883 2 1.92875217280994 0.0547407567501068
4.18844168413065 2 1.94874156958178 0.0564605593681335
4.40813269000691 2 1.96310132243138 0.0566809475421906
4.63934686886795 2 1.96884625607856 0.0595543086528778
4.88268863105415 2 1.97426192638864 0.0615162253379822
5.13879408927292 2 1.97707291855647 0.0639999806880951
5.40833272144266 2 1.97869147385404 0.0671119689941406
5.6920091207558 2 1.98155887826725 0.070823073387146
5.99056483753551 2 1.9826652804055 0.0736038386821747
6.30478031770121 2 1.9862150027885 0.0791094899177551
6.63547694290971 2 1.98815629964255 0.0791094899177551
6.98351917770547 2 1.98847676139221 0.0846563279628754
7.34981682929249 2 1.98855200270654 0.0899614691734314
7.73532742583519 2 1.98855200270654 0.0907265841960907
8.14105871950525 2 1.98856222941239 0.0907511115074158
8.56807132081762 2 1.98857748442978 0.0991257429122925
9.01748147114198 2 1.98857748442978 0.105393141508102
9.49517557157334 2 1.98857748442978 0.108486890792847
9.99321394231016 2 1.98857748442978 0.112932562828064
10.5173752864303 2 1.98858056492563 0.112932562828064
11.0690297990402 2 1.98858056492563 0.123399168252945
11.6496195443478 2 1.9885818590201 0.123399168252945
12.2606622253216 2 1.9885818590201 0.138424187898636
12.9037551510738 2 1.9885818590201 0.138424187898636
13.5805794123405 2 1.9885818590201 0.138424187898636
14.2929042759726 2 1.9885818590201 0.138424187898636
14.3000000938773 2 1.9885818590201 0.138424187898636
