0.0999999046325684 0 0.00299029052257538 0.000307351350784302
0.100049550323889 0 0.00299029052257538 0.000307351350784302
0.105297322169777 0 0.00299029052257538 0.000307351350784302
0.110820348719532 0 0.00299029052257538 0.000307351350784302
0.116633067558138 0 0.00299029052257538 0.000307351350784302
0.122750673546868 0 0.00299029052257538 0.000307351350784302
0.129189158543728 0 0.00299029052257538 0.000307351350784302
0.135965353207321 0 0.00299029052257538 0.000307351350784302
0.143096970993385 0 0.00299029052257538 0.000307351350784302
0.150602654459027 0 0.00299029052257538 0.000307351350784302
0.15858071349631 0 0.00299029052257538 0.000307351350784302
0.166898546019221 0 0.00299029052257538 0.000307351350784302
0.17565266323498 0 0.00299029052257538 0.000307351350784302
0.184865949029824 0 0.00299029052257538 0.000307351350784302
0.194562487589382 0 0.00299029052257538 0.000307351350784302
0.204767626356443 0 0.00757751613855362 0.000644266605377197
0.215508042290986 0 0.00757751613855362 0.000644266605377197
0.226811811605649 0 0.00757751613855362 0.000644266605377197
0.238708483158951 0 0.00757751613855362 0.000644266605377197
0.251229155698115 0 0.00757751613855362 0.000644266605377197
0.264406559153409 0 0.00757751613855362 0.000644266605377197
0.278275140196516 0 0.00757751613855362 0.000644266605377197
0.292871152286588 0 0.00757751613855362 0.000644266605377197
0.30823275043937 2 0.0114123821258545 0.00101819634437561
0.324400090967136 2 0.0114123821258545 0.00101819634437561
0.341415436450146 2 0.0114123821258545 0.00101819634437561
0.359501654903754 2 0.0114123821258545 0.00101819634437561
0.378358138086801 2 0.0114123821258545 0.00101819634437561
0.39820367640543 2 0.0114123821258545 0.00101819634437561
0.419090147511041 2 0.0145236104726791 0.0014568567276001
0.44107215012752 2 0.0145236104726791 0.0014568567276001
0.464207146776192 2 0.0145236104726791 0.0014568567276001
0.488555613986946 2 0.0145236104726791 0.0014568567276001
0.514181200388195 2 0.0188393220305443 0.00163829326629639
0.541150893088928 2 0.0188393220305443 0.00163829326629639
0.569535192787783 2 0.0188393220305443 0.00163829326629639
0.5994082980669 2 0.0188393220305443 0.00163829326629639
0.630848299352301 2 0.0201220065355301 0.00196421146392822
0.663937383047828 2 0.0201220065355301 0.00196421146392822
0.698762046376261 2 0.0201220065355301 0.00196421146392822
0.735413323489223 2 0.0245028287172318 0.00229188799858093
0.773987023436936 2 0.0245028287172318 0.00229188799858093
0.814988386854148 2 0.0283370465040207 0.00249761343002319
0.857735936417469 2 0.0283370465040207 0.00249761343002319
0.902725668842711 2 0.0324080288410187 0.00282573699951172
0.950075190496499 2 0.0324080288410187 0.00282573699951172
0.999908276402666 2 0.0324080288410187 0.00282573699951172
1.05235519379898 2 0.0346456170082092 0.00282573699951172
1.10755304266501 2 0.0443577170372009 0.00303265452384949
1.1656461141112 2 0.0443577170372009 0.00303265452384949
1.22678626756614 2 0.0498865470290184 0.00303265452384949
1.29113332774796 2 0.0498865470290184 0.00303265452384949
1.35885550245747 2 0.0533322542905807 0.00306114554405212
1.4301298222854 2 0.0533322542905807 0.00338992476463318
1.50514260338295 2 0.0535252615809441 0.00346070528030396
1.58408993450546 2 0.0535252615809441 0.00346070528030396
1.66717818960246 2 0.0577992498874664 0.00347843766212463
1.75462456729382 2 0.0687169507145882 0.00407707691192627
1.84757444547772 2 0.0687169507145882 0.00407707691192627
1.94448291859701 2 0.0726947635412216 0.00407707691192627
2.04647440863358 2 0.0733914375305176 0.00407707691192627
2.15381552861053 2 0.0733914375305176 0.00407707691192627
2.26678687586484 2 0.0772679001092911 0.00407707691192627
2.38568376554882 2 0.0837883055210114 0.00407707691192627
2.51081700260494 2 0.0868822857737541 0.00415223836898804
2.64251369423215 2 0.0928565934300423 0.00423073768615723
2.78111810496734 2 0.0928565934300423 0.00423073768615723
2.92699255661743 2 0.0952647775411606 0.00502750277519226
3.08051837539437 2 0.0969600826501846 0.00502750277519226
3.24209688872901 2 0.107864812016487 0.00519073009490967
3.41215047436966 2 0.107864812016487 0.00519073009490967
3.59112366450756 2 0.107864812016487 0.00519073009490967
3.77948430781575 2 0.118642561137676 0.00522607564926147
3.97772479243883 2 0.118642561137676 0.00554415583610535
4.18844168413065 2 0.118642561137676 0.00554415583610535
4.40813269000691 2 0.118642561137676 0.00563305616378784
4.63934686886795 2 0.118642561137676 0.00652986764907837
4.88268863105415 2 0.118642561137676 0.00652986764907837
5.13879408927292 2 0.118642561137676 0.00700351595878601
5.40833272144266 2 0.118642561137676 0.00700351595878601
5.6920091207558 2 0.118642561137676 0.00700351595878601
5.99056483753551 2 0.121198609471321 0.0070207417011261
6.30478031770121 2 0.121198609471321 0.00753548741340637
6.63547694290971 2 0.141318634152412 0.00753548741340637
6.98351917770547 2 0.141318634152412 0.00753548741340637
7.34981682929249 2 0.141318634152412 0.00753548741340637
7.73532742583519 2 0.141318634152412 0.00753548741340637
8.14105871950525 2 0.141318634152412 0.00753548741340637
8.56807132081762 2 0.143528506159782 0.00753548741340637
9.01748147114198 2 0.153817489743233 0.00753548741340637
9.49517557157334 2 0.153817489743233 0.00753548741340637
9.99321394231016 2 0.153817489743233 0.00753548741340637
10.5173752864303 2 0.153817489743233 0.00753548741340637
11.0690297990402 2 0.153817489743233 0.00753548741340637
11.6496195443478 2 0.153817489743233 0.00753548741340637
12.2606622253216 2 0.153817489743233 0.00753548741340637
12.9037551510738 2 0.153817489743233 0.00753548741340637
13.5805794123405 2 0.153817489743233 0.00753548741340637
14.2929042759726 2 0.153817489743233 0.00753548741340637
14.3000000938773 2 0.153817489743233 0.00753548741340637
