0.0999999046325684 0 0.00183239521187147 0.000205984724819783
0.100043356436781 0 0.00183239521187147 0.000205984724819783
0.10462152733392 0 0.00183239521187147 0.000205984724819783
0.109409203884508 0 0.00183239521187147 0.000205984724819783
0.114415973458655 0 0.00183239521187147 0.000205984724819783
0.119651862162442 0 0.00183239521187147 0.000205984724819783
0.125127354915294 0 0.00183239521187147 0.000205984724819783
0.130853416446139 0 0.00183239521187147 0.000205984724819783
0.136841513250383 0 0.00183239521187147 0.000205984724819783
0.143103636551687 0 0.00412116371064043 0.000405914223700743
0.149717353012351 0 0.00412116371064043 0.000405914223700743
0.156568698796526 0 0.00412116371064043 0.000405914223700743
0.163733574963853 0 0.00412116371064043 0.000405914223700743
0.171226329250418 0 0.00412116371064043 0.000405914223700743
0.179061965971519 0 0.00472390654648297 0.000405914223700743
0.187256176067953 0 0.00472390654648297 0.000405914223700743
0.19582536852728 0 0.00472390654648297 0.000405914223700743
0.204786703242991 0 0.00605431589163359 0.000416719411718573
0.21415812537736 0 0.00605431589163359 0.000416719411718573
0.223958401296812 1.4142135623731 0.00679338978871779 0.0006079330628952
0.234207156151761 1.4142135623731 0.00679338978871779 0.0006079330628952
0.24492491317617 1.4142135623731 0.00679338978871779 0.0006079330628952
0.256133134785529 1.4142135623731 0.00679338978871779 0.000744355283930927
0.267854265555558 1.4142135623731 0.00708840719952668 0.000744355283930927
0.280111777167696 1.4142135623731 0.00708840719952668 0.000744355283930927
0.292930215411373 1.4142135623731 0.007718809008138 0.000744355283930927
0.306468357656924 1.4142135623731 0.0084852542696149 0.000969645223969784
0.320492922264626 1.4142135623731 0.00889439359383403 0.000969645223969784
0.335159277150252 1.4142135623731 0.0109102069168603 0.000969645223969784
0.350496791835948 1.4142135623731 0.0109102069168603 0.00105184097723699
0.366536179848065 1.4142135623731 0.0109102069168603 0.00105184097723699
0.383309560221298 1.4142135623731 0.0116686523900513 0.00113486339913667
0.400850521817377 1.4142135623731 0.0116686523900513 0.00113486339913667
0.419194190587097 1.4142135623731 0.0116686523900513 0.00116138944936954
0.438377299910388 1.4142135623731 0.0139749002873567 0.00116138944936954
0.45843826415527 1.4142135623731 0.0139749002873567 0.00121343931723537
0.479417255603012 1.4142135623731 0.0144132355662842 0.00124176829186125
0.501356284893529 1.4142135623731 0.0146299252212376 0.0015486837451268
0.5242992851521 1.4142135623731 0.0158728062200137 0.0015486837451268
0.5482921999659 1.4142135623731 0.0159294909519094 0.0015486837451268
0.573383075386484 1.4142135623731 0.0159294909519094 0.0015486837451268
0.59962215614249 1.4142135623731 0.0184663998675265 0.0015486837451268
0.627334456261617 1.4142135623731 0.0184663998675265 0.00175050627507521
0.656042453001456 1.4142135623731 0.0201532775744791 0.00179459534054088
0.686064181305994 1.4142135623731 0.0211950462697335 0.00179459534054088
0.71745975998602 1.4142135623731 0.0211950462697335 0.00195459317321503
0.750292059001418 1.4142135623731 0.0224621762509646 0.00195459317321503
0.784626825358899 1.4142135623731 0.0271636688470276 0.00195459317321503
0.820532814771028 1.4142135623731 0.0299381469609061 0.00195459317321503
0.858081929340233 1.4142135623731 0.0299381469609061 0.00195459317321503
0.89734936154348 1.4142135623731 0.0299381469609061 0.00195459317321503
0.93841374480596 1.4142135623731 0.0327775394798479 0.00195459317321503
0.981357310965307 1.4142135623731 0.0327775394798479 0.00216770273036297
1.02626605494168 1.4142135623731 0.0327775394798479 0.00216770273036297
1.07322990694343 1.4142135623731 0.035395028008281 0.00216770273036297
1.12234291255329 1.4142135623731 0.035395028008281 0.00216770273036297
1.17370342105551 1.4142135623731 0.0388322979100421 0.00216781969192657
1.22741428238136 1.4142135623731 0.0388322979100421 0.00239858758602049
1.28414079359415 1.4142135623731 0.0415768498501342 0.00239858758602049
1.34290547541265 1.4142135623731 0.0445575610734108 0.00266806009343434
1.40435933885863 1.4142135623731 0.0448869603373526 0.00266806009343434
1.46862544590744 1.4142135623731 0.0473168371121772 0.00266806009343434
1.53583249008034 1.4142135623731 0.049208015118384 0.00266806009343434
1.60611505415454 1.4142135623731 0.049208015118384 0.00266806009343434
1.6796138796666 1.4142135623731 0.0550355529034945 0.00266806009343434
1.75647614874871 1.4142135623731 0.0550355529034945 0.00280637307582829
1.8368557788624 1.4142135623731 0.0550355529034945 0.00280637307582829
1.92091373101981 1.4142135623731 0.0593757212463231 0.00280637307582829
2.00881833210971 1.4142135623731 0.0629802465856103 0.00315110006745837
2.10074561197378 1.4142135623731 0.0629802465856103 0.00315110006745837
2.19687965590811 1.4142135623731 0.0660534748520862 0.00326902037989718
2.29741297329587 1.4142135623731 0.0660534748520862 0.00341700976599711
2.40254688310926 1.4142135623731 0.0660534748520862 0.00341700976599711
2.51249191705276 1.4142135623731 0.0726540807347398 0.00341700976599711
2.62860992459967 1.4142135623731 0.0726540807347398 0.00341700976599711
2.74890002566538 1.4142135623731 0.0726540807347398 0.00341700976599711
2.87469482648856 1.4142135623731 0.0726540807347398 0.00375482405956235
3.00624623241428 1.4142135623731 0.0726540807347398 0.00375482405956235
3.14381767644686 1.4142135623731 0.0726540807347398 0.00375482405956235
3.28768464677703 1.4142135623731 0.0744184814532546 0.00408726674308585
3.43813523844982 1.4142135623731 0.0744184814532546 0.00434249639153178
3.59547073027778 1.4142135623731 0.0744184814532546 0.00434249639153178
3.76000618815474 1.4142135623731 0.0744665931439885 0.00472192342554844
3.93207109597849 1.4142135623731 0.0865405976930868 0.00472192342554844
4.11201001544554 1.4142135623731 0.0865405976930868 0.00472192342554844
4.30018327603935 1.4142135623731 0.0865405976930868 0.00472192342554844
4.49696769659374 1.4142135623731 0.0865405976930868 0.00472192342554844
4.70275733987636 1.4142135623731 0.0941969715824657 0.00472192342554844
4.91796430170331 1.4142135623731 0.0941969715824657 0.00472192342554844
5.14301953616514 1.4142135623731 0.0941969715824657 0.00472192342554844
5.3807107212635 1.4142135623731 0.0941969715824657 0.00472192342554844
5.62694209641313 1.4142135623731 0.0941969715824657 0.00472192342554844
5.88444147931284 1.4142135623731 0.0941969715824657 0.00472192342554844
6.15372451504878 1.4142135623731 0.0941969715824657 0.00472192342554844
6.43533044558962 1.4142135623731 0.0941969715824657 0.00472192342554844
6.72982318962396 1.4142135623731 0.0941969715824657 0.00472192342554844
7.03779247181312 1.4142135623731 0.0941969715824657 0.00472192342554844
7.35985500372068 1.4142135623731 0.0941969715824657 0.00472192342554844
7.69665571878357 1.4142135623731 0.0941969715824657 0.00472192342554844
7.70000005774684 1.4142135623731 0.0941969715824657 0.00472192342554844
