0.0999999046325684 0 0 0
0.100043356436781 0 0 0
0.10462152733392 0 0 0
0.109409203884508 0 0 0
0.114415973458655 0 0 0
0.119651862162442 0 0 0
0.125127354915294 0 0 0
0.130853416446139 0 0 0
0.136841513250383 0 0 0
0.143103636551687 0 2.98023223876953e-08 0
0.149717353012351 0 2.98023223876953e-08 0
0.156568698796526 0 2.98023223876953e-08 0
0.163733574963853 0 2.98023223876953e-08 0
0.171226329250418 0 2.98023223876953e-08 0
0.179061965971519 0 2.98023223876953e-08 0
0.187256176067953 0 2.98023223876953e-08 0
0.19582536852728 0 2.98023223876953e-08 0
0.204786703242991 0 2.98023223876953e-08 0
0.21415812537736 0 2.98023223876953e-08 0
0.223958401296812 1.4142135623731 2.98023223876953e-08 0
0.234207156151761 1.4142135623731 2.98023223876953e-08 0
0.24492491317617 1.4142135623731 2.98023223876953e-08 0
0.256133134785529 1.4142135623731 2.98023223876953e-08 0
0.267854265555558 1.4142135623731 2.98023223876953e-08 0
0.280111777167696 1.4142135623731 2.98023223876953e-08 0
0.292930215411373 1.4142135623731 2.98023223876953e-08 0
0.306468357656924 1.4142135623731 2.98023223876953e-08 0
0.320492922264626 1.4142135623731 2.98023223876953e-08 0
0.335159277150252 1.4142135623731 2.98023223876953e-08 0
0.350496791835948 1.4142135623731 2.98023223876953e-08 0
0.366536179848065 1.4142135623731 2.98023223876953e-08 0
0.383309560221298 1.4142135623731 2.98023223876953e-08 0
0.400850521817377 1.4142135623731 2.98023223876953e-08 0
0.419194190587097 1.4142135623731 2.98023223876953e-08 4.2146848510894e-08
0.438377299910388 1.4142135623731 2.98023223876953e-08 4.2146848510894e-08
0.45843826415527 1.4142135623731 2.98023223876953e-08 4.2146848510894e-08
0.479417255603012 1.4142135623731 2.98023223876953e-08 4.2146848510894e-08
0.501356284893529 1.4142135623731 2.98023223876953e-08 4.2146848510894e-08
0.5242992851521 1.4142135623731 2.98023223876953e-08 4.2146848510894e-08
0.5482921999659 1.4142135623731 2.98023223876953e-08 4.2146848510894e-08
0.573383075386484 1.4142135623731 2.98023223876953e-08 4.2146848510894e-08
0.59962215614249 1.4142135623731 2.98023223876953e-08 4.2146848510894e-08
0.627334456261617 1.4142135623731 2.98023223876953e-08 4.2146848510894e-08
0.656042453001456 1.4142135623731 2.98023223876953e-08 4.2146848510894e-08
0.686064181305994 1.4142135623731 2.98023223876953e-08 4.2146848510894e-08
0.71745975998602 1.4142135623731 2.98023223876953e-08 4.2146848510894e-08
0.750292059001418 1.4142135623731 2.98023223876953e-08 4.2146848510894e-08
0.784626825358899 1.4142135623731 2.98023223876953e-08 4.2146848510894e-08
0.820532814771028 1.4142135623731 2.98023223876953e-08 4.2146848510894e-08
0.858081929340233 1.4142135623731 2.98023223876953e-08 4.2146848510894e-08
0.89734936154348 1.4142135623731 2.98023223876953e-08 4.2146848510894e-08
0.93841374480596 1.4142135623731 2.98023223876953e-08 4.2146848510894e-08
0.981357310965307 1.4142135623731 2.98023223876953e-08 4.2146848510894e-08
1.02626605494168 1.4142135623731 2.98023223876953e-08 4.2146848510894e-08
1.07322990694343 1.4142135623731 2.98023223876953e-08 4.2146848510894e-08
1.12234291255329 1.4142135623731 2.98023223876953e-08 4.2146848510894e-08
1.17370342105551 1.4142135623731 2.98023223876953e-08 4.2146848510894e-08
1.22741428238136 1.4142135623731 2.98023223876953e-08 4.2146848510894e-08
1.28414079359415 1.4142135623731 2.98023223876953e-08 4.2146848510894e-08
1.34290547541265 1.4142135623731 2.98023223876953e-08 4.2146848510894e-08
1.40435933885863 1.4142135623731 2.98023223876953e-08 4.2146848510894e-08
1.46862544590744 1.4142135623731 2.98023223876953e-08 4.2146848510894e-08
1.53583249008034 1.4142135623731 2.98023223876953e-08 4.2146848510894e-08
1.60611505415454 1.4142135623731 2.98023223876953e-08 4.2146848510894e-08
1.6796138796666 1.4142135623731 2.98023223876953e-08 4.2146848510894e-08
1.75647614874871 1.4142135623731 2.98023223876953e-08 4.2146848510894e-08
1.8368557788624 1.4142135623731 2.98023223876953e-08 4.2146848510894e-08
1.92091373101981 1.4142135623731 2.98023223876953e-08 4.2146848510894e-08
2.00881833210971 1.4142135623731 2.98023223876953e-08 4.2146848510894e-08
2.10074561197378 1.4142135623731 2.98023223876953e-08 4.2146848510894e-08
2.19687965590811 1.4142135623731 2.98023223876953e-08 4.2146848510894e-08
2.29741297329587 1.4142135623731 2.98023223876953e-08 4.2146848510894e-08
2.40254688310926 1.4142135623731 2.98023223876953e-08 4.2146848510894e-08
2.51249191705276 1.4142135623731 2.98023223876953e-08 4.2146848510894e-08
2.62860992459967 1.4142135623731 2.98023223876953e-08 4.2146848510894e-08
2.74890002566538 1.4142135623731 2.98023223876953e-08 4.2146848510894e-08
2.87469482648856 1.4142135623731 2.98023223876953e-08 4.2146848510894e-08
3.00624623241428 1.4142135623731 2.98023223876953e-08 4.2146848510894e-08
3.14381767644686 1.4142135623731 2.98023223876953e-08 4.2146848510894e-08
3.28768464677703 1.4142135623731 2.98023223876953e-08 4.2146848510894e-08
3.43813523844982 1.4142135623731 2.98023223876953e-08 4.2146848510894e-08
3.59547073027778 1.4142135623731 2.98023223876953e-08 4.2146848510894e-08
3.76000618815474 1.4142135623731 2.98023223876953e-08 4.2146848510894e-08
3.93207109597849 1.4142135623731 2.98023223876953e-08 4.2146848510894e-08
4.11201001544554 1.4142135623731 2.98023223876953e-08 4.2146848510894e-08
4.30018327603935 1.4142135623731 2.98023223876953e-08 4.2146848510894e-08
4.49696769659374 1.4142135623731 2.98023223876953e-08 4.2146848510894e-08
4.70275733987636 1.4142135623731 2.98023223876953e-08 4.2146848510894e-08
4.91796430170331 1.4142135623731 2.98023223876953e-08 4.2146848510894e-08
5.14301953616514 1.4142135623731 2.98023223876953e-08 4.2146848510894e-08
5.3807107212635 1.4142135623731 2.98023223876953e-08 4.2146848510894e-08
5.62694209641313 1.4142135623731 2.98023223876953e-08 4.2146848510894e-08
5.88444147931284 1.4142135623731 2.98023223876953e-08 4.2146848510894e-08
6.15372451504878 1.4142135623731 2.98023223876953e-08 4.2146848510894e-08
6.43533044558962 1.4142135623731 2.98023223876953e-08 4.2146848510894e-08
6.72982318962396 1.4142135623731 2.98023223876953e-08 4.2146848510894e-08
7.03779247181312 1.4142135623731 2.98023223876953e-08 4.2146848510894e-08
7.35985500372068 1.4142135623731 2.98023223876953e-08 4.2146848510894e-08
7.69665571878357 1.4142135623731 2.98023223876953e-08 4.2146848510894e-08
7.70000005774684 1.4142135623731 2.98023223876953e-08 4.2146848510894e-08
