1.64 0
1.64056702848143 0
1.70003345582087 0
1.76165539154193 0
1.82551096740049 0
1.891681147232 0
1.96024982960725 0
2.03130395420915 0
2.10493361206537 0
2.18123215977669 0
2.2610778332517 0
2.34303621614345 0
2.42796538421891 0
2.5159730209669 0
2.60717071313178 0
2.70167409219668 0
2.79960298099506 7.78618037990316e-05
2.90108154563665 7.78618037990316e-05
3.00623845294025 7.78618037990316e-05
3.11520703357317 0.00391698700692005
3.22812545110394 0.00391698700692005
3.34513687718285 0.00391698700692005
3.46638967307232 0.00391698700692005
3.59203757775728 0.00391698700692005
3.72223990287407 0.00391698700692005
3.85716173470504 0.00391698700692005
3.99835609360404 0.00391698700692005
4.14328644267827 0.00391698700692005
4.29347015228144 0.00406464113821597
4.44909764351598 0.00406464113821597
4.61036623977023 0.0101055903146523
4.77748041690888 0.0101055903146523
4.95065206253232 0.0121517820275941
5.13010074463335 0.0121517820275941
5.31605398999212 0.0121517820275941
5.50874757266213 0.0121517820275941
5.70842581291314 0.02979831797064
5.91534188701002 0.02979831797064
6.12975814822027 0.02979831797064
6.3519464594573 0.1515489418327
6.58218853798117 0.1515489418327
6.82077631259385 0.476435647561241
7.07045605248782 0.476435647561241
7.32674229608686 0.476435647561241
7.5923182712351 0.487795765232942
7.86752070732952 1.39955070056432
8.15269853936054 1.39955070056432
8.44821335033413 1.39955070056432
8.75443982973053 1.39955070056432
9.07176624858098 1.39955070056432
9.40059495176473 1.40999104142879
9.74134286815071 1.41202070662914
10.0944420392304 1.41318558476678
10.4603401669123 1.41403045707471
10.8395011811728 1.41403045707471
11.2324058282829 1.41409736731917
11.6395522803562 1.41420624471501
12.0614567669922 1.41420624471501
12.5029756279413 1.41420624471501
12.9561770386717 1.41421023747567
13.4258058603482 1.41421023747567
13.9124575452884 1.41421023747567
14.4167491294583 1.41421219989966
14.9393200148255 1.41421342913308
15.4808327800702 1.41421342913308
16.0419740206827 1.41421342913308
16.6234552195125 1.41421355830037
17.2260136488724 1.41421355830037
17.8504133053418 1.41421355830037
18.4974458784537 1.41421355830037
19.1679317544952 1.41421355830037
19.8627210566922 1.4142135611495
20.5826947230986 1.4142135611495
21.3287656235567 1.4142135611495
22.1095214215904 1.41421356237307
22.910935948581 1.41421356237307
23.7413997359252 1.41421356237309
24.6019657462269 1.41421356237309
25.4937251093353 1.41421356237309
26.4178085058114 1.41421356237309
27.3753876005419 1.41421356237309
28.3676765283179 1.41421356237309
29.3959334332621 1.41421356237309
30.4614620640563 1.41421356237309
31.565613426992 1.41421356237309
32.7097874989398 1.41421356237309
33.8954350024097 1.41421356237309
35.1240592449529 1.41421356237309
36.3972180252372 1.41421356237309
37.7165256082128 1.41421356237309
39.0971679093209 1.41421356237309
40.5143418828887 1.41421356237309
41.9828848475817 1.41421356237309
43.504658800091 1.41421356237309
45.0815932298029 1.41421356237309
46.7156875652398 1.41421356237309
48.4090137091777 1.41421356237309
50.1637186656555 1.41421356237309
51.9820272622072 1.41421356237309
52 1.41421356237309
