1.64 0
1.64056702848143 0
1.70003345582087 0
1.76165539154193 0
1.82551096740049 0
1.891681147232 0
1.96024982960725 0
2.03130395420915 0.000418721730454497
2.10493361206537 0.000418721730454497
2.18123215977669 0.000418721730454497
2.2610778332517 0.0111276485764266
2.34303621614345 0.0111276485764266
2.42796538421891 0.0111276485764266
2.5159730209669 0.0111276485764266
2.60717071313178 0.0111276485764266
2.70167409219668 0.0111276485764266
2.79960298099506 0.0614533072533155
2.90108154563665 0.0614533072533155
3.00623845294025 0.0614533072533155
3.11520703357317 0.0614533072533155
3.22812545110394 0.0614533072533155
3.34513687718285 0.0614533072533155
3.46638967307232 0.0614533072533155
3.59203757775728 0.0614533072533155
3.72223990287407 0.067139745000825
3.85716173470504 0.067139745000825
3.99835609360404 0.067139745000825
4.14328644267827 0.067139745000825
4.29347015228144 0.0821576642376007
4.44909764351598 0.0821576642376007
4.61036623977023 0.0821576642376007
4.77748041690888 0.175765252801433
4.95065206253232 0.211804082701675
5.13010074463335 0.952219726464907
5.31605398999212 0.952219726464907
5.50874757266213 0.952219726464907
5.70842581291314 0.997680808276495
5.91534188701002 0.997680808276495
6.12975814822027 0.997680808276495
6.3519464594573 1.27307950313541
6.58218853798117 1.4084684625961
6.82077631259385 1.4084684625961
7.07045605248782 1.4084684625961
7.32674229608686 1.4084684625961
7.5923182712351 1.41018273792838
7.86752070732952 1.41392097164518
8.15269853936054 1.41392097164518
8.44821335033413 1.41392097164518
8.75443982973053 1.41395167448711
9.07176624858098 1.41415722336129
9.40059495176473 1.41415722336129
9.74134286815071 1.41415863981492
10.0944420392304 1.41418197178297
10.4603401669123 1.41418197178297
10.8395011811728 1.41420723773945
11.2324058282829 1.41420723773945
11.6395522803562 1.41421101918278
12.0614567669922 1.41421325236718
12.5029756279413 1.41421325236718
12.9561770386717 1.41421339209305
13.4258058603482 1.41421342862228
13.9124575452884 1.41421353851155
14.4167491294583 1.41421355822151
14.9393200148255 1.41421356098792
15.4808327800702 1.41421356098792
16.0419740206827 1.41421356160785
16.6234552195125 1.41421356231389
17.2260136488724 1.41421356237171
17.8504133053418 1.41421356237171
18.4974458784537 1.41421356237297
19.1679317544952 1.41421356237308
19.8627210566922 1.41421356237309
20.5826947230986 1.41421356237309
21.3287656235567 1.4142135623731
22.1095214215904 1.4142135623731
22.910935948581 1.4142135623731
23.7413997359252 1.4142135623731
24.6019657462269 1.4142135623731
25.4937251093353 1.4142135623731
26.4178085058114 1.4142135623731
27.3753876005419 1.4142135623731
28.3676765283179 1.4142135623731
29.3959334332621 1.4142135623731
30.4614620640563 1.4142135623731
31.565613426992 1.4142135623731
32.7097874989398 1.4142135623731
33.8954350024097 1.4142135623731
35.1240592449529 1.4142135623731
36.3972180252372 1.4142135623731
37.7165256082128 1.4142135623731
39.0971679093209 1.4142135623731
40.5143418828887 1.4142135623731
41.9828848475817 1.4142135623731
43.504658800091 1.4142135623731
45.0815932298029 1.4142135623731
46.7156875652398 1.4142135623731
48.4090137091777 1.4142135623731
50.1637186656555 1.4142135623731
51.9820272622072 1.4142135623731
52 1.4142135623731
