1.64 0
1.64056702848143 0
1.70003345582087 0
1.76165539154193 0
1.82551096740049 0
1.891681147232 0
1.96024982960725 0
2.03130395420915 0
2.10493361206537 0
2.18123215977669 0
2.2610778332517 0
2.34303621614345 0
2.42796538421891 0
2.5159730209669 0
2.60717071313178 0
2.70167409219668 0
2.79960298099506 0
2.90108154563665 0
3.00623845294025 0
3.11520703357317 0
3.22812545110394 0
3.34513687718285 0
3.46638967307232 0
3.59203757775728 0
3.72223990287407 0
3.85716173470504 0
3.99835609360404 0
4.14328644267827 0
4.29347015228144 0
4.44909764351598 0
4.61036623977023 0
4.77748041690888 0
4.95065206253232 0
5.13010074463335 0
5.31605398999212 0
5.50874757266213 0
5.70842581291314 0
5.91534188701002 0
6.12975814822027 0
6.3519464594573 0
6.58218853798117 0
6.82077631259385 0
7.07045605248782 0
7.32674229608686 0
7.5923182712351 0
7.86752070732952 0
8.15269853936054 0.000387932877840669
8.44821335033413 0.000566223639177466
8.75443982973053 0.000566223639177466
9.07176624858098 0.000587331525295554
9.40059495176473 0.000587331525295554
9.74134286815071 0.000595509633484426
10.0944420392304 0.00085393396219402
10.4603401669123 0.00101664444421345
10.8395011811728 0.00385263045336615
11.2324058282829 0.00385263045336615
11.6395522803562 0.00876717508253932
12.0614567669922 0.0108778718318092
12.5029756279413 0.0108778718318092
12.9561770386717 0.0108778718318092
13.4258058603482 0.019892084144935
13.9124575452884 0.0839846400724582
14.4167491294583 0.0839846400724582
14.9393200148255 0.0839846400724582
15.4808327800702 0.091299657482125
16.0419740206827 0.091299657482125
16.6234552195125 0.091299657482125
17.2260136488724 0.091299657482125
17.8504133053418 0.135483514764928
18.4974458784537 0.135483514764928
19.1679317544952 0.135483514764928
19.8627210566922 0.135483514764928
20.5826947230986 0.135483514764928
21.3287656235567 0.135483514764928
22.1095214215904 0.160946333116044
22.910935948581 0.160946333116044
23.7413997359252 0.496388921044286
24.6019657462269 0.496388921044286
25.4937251093353 0.496388921044286
26.4178085058114 0.496388921044286
27.3753876005419 0.496388921044286
28.3676765283179 0.536977528058458
29.3959334332621 1.39344082288591
30.4614620640563 1.39344082288591
31.565613426992 1.39344082288591
32.7097874989398 1.39344082288591
33.8954350024097 1.39344082288591
35.1240592449529 1.53982116257478
36.3972180252372 1.53982116257478
37.7165256082128 1.89968331670086
39.0971679093209 1.93363367904332
40.5143418828887 1.93363367904332
41.9828848475817 1.97261943338503
43.504658800091 1.98465026818769
45.0815932298029 1.98465026818769
46.7156875652398 1.98465026818769
48.4090137091777 1.9974568192652
50.1637186656555 1.99790569491905
51.9820272622072 1.99933647012132
52 2.00000027651962
