0.0194894644874591 0.00333615723997355 0.00218499311226579
0.0195076157341004 0.00333615723997355 0.00218499311226579
0.0237857642758341 0.00333615723997355 0.00218499311226579
0.0289751533407639 0.00333615723997355 0.00218499311226579
0.0353295952008528 0.00557110249996185 0.00321201220447334
0.0430776079897431 0.00808947265148163 0.00392994260387812
0.0525248109854705 0.00808947265148163 0.00392994260387812
0.0639842569214767 0.00808947265148163 0.00392994260387812
0.0780164256484843 0.0269490418769419 0.0066345289466915
0.0951259413457763 0.0329992919787765 0.00726703357271042
0.115879763425501 0.0497045167163014 0.00989184162165542
0.141292958337304 0.0657506977021694 0.0121622590018466
0.172279434178701 0.0838914728723466 0.0154970617826845
0.209865992317914 0.106002132911235 0.0187960823791523
0.255890985901568 0.133550613243133 0.0248619657859523
0.312009563543217 0.165927940867841 0.0294787858490954
0.38043531466902 0.204328973032534 0.0371483451764478
0.46343566895498 0.251271557025611 0.0453776827634069
0.565070161778279 0.307201907821 0.0556056590231619
0.688993767899097 0.376628756821156 0.0675420326836143
0.839312953924705 0.460587578862906 0.0839828184093037
1.02337980959966 0.561176587454975 0.102005666578632
1.24781373836652 0.684309691824019 0.123982711749074
1.52005182556254 0.82931055445224 0.149264628984822
1.85340919683382 1.00797869665548 0.180160133673859
2.25987403399019 1.2194520333223 0.221139695898962
2.75547928553902 1.4740551802516 0.266721048806671
3.35664786297863 1.77065759733319 0.320295695038995
4.09278283487131 2.13357330940664 0.387442625404247
4.99035705179775 2.53352333039045 0.467023141221662
6.07911350352992 2.97547860234976 0.553261702187184
7.41230311135561 3.4635719832778 0.660276960886989
9.0378699760597 4.01600431837142 0.815101533123728
11.0096806389473 4.57264373339713 0.93122068978478
13.424176075626 5.22445825025439 1.12250662664881
16.3681862552771 5.99409328475595 1.42596984503213
19.9578372466297 6.72990279704332 1.6696832297426
24.3120796063143 7.61867524050176 1.92464888687144
29.6438787011903 9.01045405164361 2.45893733665694
36.1449764347865 11.0842798933387 2.99485651977212
44.0308002110439 12.6562357270718 3.76179689656662
53.6870445354059 13.7047928655148 4.52265997237782
65.4609668034993 16.1137662139535 5.42627311555618
79.7427204343863 21.2526548020542 7.08665372063226
97.2308239417714 24.9972697359323 8.51728298885921
118.554183665887 28.1610316288471 10.9418696977036
144.553896541102 29.0479928779602 11.6712240708464
176.091517165954 32.8250285518169 13.1966854407782
214.709546024206 45.1117422360182 20.6331691562507
214.909512828253 45.1117422360182 20.6331691562507
