0.0387145280838013 0.00803288996219635 0.00107068458090581
0.0387500300966981 0.00803288996219635 0.00107068458090581
0.0471044453893222 0.00803288996219635 0.00107068458090581
0.0572075924267726 0.00803288996219635 0.00107068458090581
0.0695414147188271 0.0166552963852882 0.0013025644638734
0.0845343800700255 0.0166552963852882 0.0013025644638734
0.102759793465761 0.0166552963852882 0.0013025644638734
0.12480011883934 0.0166552963852882 0.0013025644638734
0.151706730750372 0.0270385950803757 0.00276727424827273
0.184414344866082 0.0514774516224861 0.00230787341306702
0.223968260140912 0.0867939998209477 0.00167277322597026
0.272255289929389 0.14264811091125 0.00399230304910269
0.330952889699195 0.172820244133472 0.0059997431322172
0.401936969428069 0.244323340267874 0.00972053771507784
0.488593634098557 0.290209161639214 0.00886597870630931
0.593933271729951 0.350089783854492 0.0101408946751922
0.721983887323196 0.428738053683192 0.0135258008433965
0.876837836074916 0.52881448045373 0.0141817280157426
1.06588200993944 0.69864648103714 0.0160717286611667
1.29568366278331 0.84473416686058 0.0159885598118764
1.57358699973863 1.05181040590629 0.0211774422835635
1.91284865352535 1.25986182749271 0.0324952582775025
2.32525432143345 1.51849761962891 0.03579171084099
2.82398402973895 1.85621287405491 0.0390381361789658
3.43282834044795 2.23475122451782 0.0437715511746351
4.17293805166172 2.88516756298137 0.0884260418986855
5.07261367480263 3.42380697011948 0.0927585594730775
6.16060784174659 4.02333946704865 0.0969602875321861
7.48882039375009 4.81727626919746 0.0917075428384754
9.10339244608489 5.54193955183029 0.0982887069371305
11.055923925062 6.29743785500526 0.073634147564318
13.439555103751 6.66120053052902 0.0671858407030595
16.3370915548107 6.67613532304764 0.0620057526864431
19.8411353192228 6.70853600740433 0.0710318510662778
24.1188373989449 6.7644444000721 0.215776463839623
29.3188019797009 6.7644444000721 0.215776463839623
35.6398666862159 6.7644444000721 0.215776463839623
43.2840457132679 6.7644444000721 0.215776463839623
52.6159841022494 6.7644444000721 0.215776463839623
63.9598664456533 6.7644444000721 0.215776463839623
77.6782306012072 6.7644444000721 0.215776463839623
94.4254743070645 6.7644444000721 0.215776463839623
114.783384342119 7.5398779463768 0.0815244261949477
139.402576859509 7.54753830194473 0.0902651580377512
169.457444353548 7.54753830194473 0.0902651580377512
205.992070546701 7.54753830194473 0.0902651580377512
250.403476164714 7.75952966213226 0.271169205387034
304.111000316018 7.75952966213226 0.271169205387034
369.676616274388 7.75952966213226 0.271169205387034
370.015617281199 7.75952966213226 0.271169205387034
