0.0194894644874591 0.00803288996219635 0.00107068458090581
0.0195076157341004 0.00803288996219635 0.00107068458090581
0.0237857642758341 0.00803288996219635 0.00107068458090581
0.0289751533407639 0.00803288996219635 0.00107068458090581
0.0353295952008528 0.0166552963852882 0.0013025644638734
0.0430776079897431 0.0166552963852882 0.0013025644638734
0.0525248109854705 0.0166552963852882 0.0013025644638734
0.0639842569214767 0.0166552963852882 0.0013025644638734
0.0780164256484843 0.0473825199902058 0.00455562372250003
0.0951259413457763 0.0490680785477161 0.00276679990466679
0.115879763425501 0.0960475635528564 0.00362547286836452
0.141292958337304 0.126073214560747 0.00612145046474252
0.172279434178701 0.165327154397964 0.0034102795131885
0.209865992317914 0.212193474212545 0.00647205851212679
0.255890985901568 0.256067360825837 0.00576517075647981
0.312009563543217 0.332751639410853 0.00940822046113441
0.38043531466902 0.394987708330154 0.0105972303903538
0.46343566895498 0.499311383811291 0.0134449821449786
0.565070161778279 0.616494380813092 0.0194766791548456
0.688993767899097 0.773392550200224 0.0218916390067694
0.839312953924705 0.944555229097605 0.0269515260162308
1.02337980959966 1.15433101266623 0.0306124436823509
1.24781373836652 1.39151321470737 0.0367774851045252
1.52005182556254 1.68583459362388 0.0426935129629355
1.85340919683382 2.08085280358791 0.0609662967982562
2.25987403399019 2.51323379278183 0.0710371388471945
2.75547928553902 2.92420105159283 0.0739218493458416
3.35664786297863 3.45926155686379 0.0746324331344374
4.09278283487131 4.0715935587883 0.0914846336938669
4.99035705179775 4.77625290036201 0.0734051088406235
6.07911350352992 5.54877988576889 0.0689506650504265
7.41230311135561 6.65260523915291 0.0680588014332239
9.0378699760597 6.70853600740433 0.0710318510662778
11.0096806389473 6.70853600740433 0.0710318510662778
13.424176075626 6.70853600740433 0.0710318510662778
16.3681862552771 6.70853600740433 0.0710318510662778
19.9578372466297 6.7644444000721 0.215776463839623
24.3120796063143 6.7644444000721 0.215776463839623
29.6438787011903 6.7644444000721 0.215776463839623
36.1449764347865 6.7644444000721 0.215776463839623
44.0308002110439 6.7644444000721 0.215776463839623
53.6870445354059 6.7644444000721 0.215776463839623
65.4609668034993 6.7644444000721 0.215776463839623
79.7427204343863 6.76551963686943 0.216147623956811
97.2308239417714 7.54753830194473 0.0902651580377512
118.554183665887 7.54753830194473 0.0902651580377512
144.553896541102 7.75952966213226 0.271169205387034
176.091517165954 7.75952966213226 0.271169205387034
214.709546024206 7.75952966213226 0.271169205387034
214.909512828253 7.75952966213226 0.271169205387034
