0.0387145280838013 0.00333615723997355 0.00218499311226579
0.0387500300966981 0.00333615723997355 0.00218499311226579
0.0471044453893222 0.00333615723997355 0.00218499311226579
0.0572075924267726 0.00333615723997355 0.00218499311226579
0.0695414147188271 0.00557110249996185 0.00321201220447334
0.0845343800700255 0.00557110249996185 0.00321201220447334
0.102759793465761 0.00557110249996185 0.00321201220447334
0.12480011883934 0.00557110249996185 0.00321201220447334
0.151706730750372 0.0170111899636686 0.00820086524765673
0.184414344866082 0.0314026444777846 0.00737977741668944
0.223968260140912 0.0459917213022709 0.00930600614059407
0.272255289929389 0.0612099071219563 0.0106871510274734
0.330952889699195 0.0777559514716268 0.012613971365787
0.401936969428069 0.0998659520410001 0.0155387832240991
0.488593634098557 0.124528809301555 0.0176770176609522
0.593933271729951 0.154028453752398 0.0227248652202083
0.721983887323196 0.191231309585273 0.0269326373962436
0.876837836074916 0.235790945626795 0.0338990728342674
1.06588200993944 0.290276384986937 0.0403883815774974
1.29568366278331 0.356508358102292 0.0499164206698336
1.57358699973863 0.434817450977862 0.0613119772671753
1.91284865352535 0.531730565708131 0.0732496787910851
2.32525432143345 0.646418449971825 0.0925672873055813
2.82398402973895 0.787023035287857 0.11156200602775
3.43282834044795 0.957056687120348 0.135937121076295
4.17293805166172 1.15987714426592 0.167120977959352
5.07261367480263 1.39348305098712 0.204103744549771
6.16060784174659 1.68553903505206 0.237301491417027
7.48882039375009 2.02055184144527 0.293622066785092
9.10339244608489 2.425350869596 0.36910721468192
11.055923925062 2.86244520530105 0.456072878330815
13.439555103751 3.45631751507521 0.57491522516169
16.3370915548107 4.00726208839566 0.740802398505187
19.8411353192228 4.69257637232542 0.937006666822173
24.1188373989449 5.73906166180968 1.19523272955677
29.3188019797009 6.65548344686627 1.59788284223257
35.6398666862159 7.7958251722157 2.02289386311572
43.2840457132679 9.6253923304379 2.48471735165011
52.6159841022494 10.7432699110359 2.90959739202474
63.9598664456533 11.7080628728867 3.32388790331638
77.6782306012072 14.8943236678839 4.74991421264295
94.4254743070645 19.1249691164494 6.71747733156177
114.783384342119 22.4830515260994 7.73441436686863
139.402576859509 24.5770549768209 8.44727437676781
169.457444353548 25.3049958568811 8.80205046487357
205.992070546701 27.4954495066404 10.800845034981
250.403476164714 28.4077575308084 11.6087337939561
304.111000316018 28.4077575308084 11.6087337939561
369.676616274388 28.4077575308084 11.6087337939561
370.015617281199 28.4077575308084 11.6087337939561
