0.0387145280838013 0.00333615723997355 0.00218499311226579
0.0387500300966981 0.00333615723997355 0.00218499311226579
0.0471044453893222 0.00333615723997355 0.00218499311226579
0.0572075924267726 0.00333615723997355 0.00218499311226579
0.0695414147188271 0.00557110249996185 0.00321201220447334
0.0845343800700255 0.00557110249996185 0.00321201220447334
0.102759793465761 0.00808947265148163 0.00392994260387812
0.12480011883934 0.00808947265148163 0.00392994260387812
0.151706730750372 0.0240892555750906 0.00669173286513543
0.184414344866082 0.0332317988201976 0.00675229843833841
0.223968260140912 0.0491336425021291 0.00967550366361809
0.272255289929389 0.0628194951638579 0.0102840259766601
0.330952889699195 0.0792760080471635 0.01272036647035
0.401936969428069 0.101236972212791 0.0155807548060124
0.488593634098557 0.126127103716135 0.017517372444899
0.593933271729951 0.156043525002897 0.0225989520438696
0.721983887323196 0.19265391189605 0.0264928527249048
0.876837836074916 0.238425434604287 0.0332627073410675
1.06588200993944 0.292107227779925 0.0400469449234111
1.29568366278331 0.359087165761739 0.0502892870888786
1.57358699973863 0.43639137789607 0.0614355204051623
1.91284865352535 0.534439625572413 0.0741689928152508
2.32525432143345 0.651633884999901 0.0912877485758956
2.82398402973895 0.789508507736027 0.11119240425986
3.43282834044795 0.962999129705131 0.134057813888333
4.17293805166172 1.16461169296876 0.167202117009872
5.07261367480263 1.40188615351915 0.198366814916607
6.16060784174659 1.69440904833376 0.236580115945272
7.48882039375009 2.03439361680299 0.2917859342761
9.10339244608489 2.45297041725367 0.360927058330958
11.055923925062 2.88670751720667 0.439785842024949
13.439555103751 3.47410983078182 0.564071190302859
16.3370915548107 4.04743812948465 0.730284264877522
19.8411353192228 4.73556589916348 0.933358690476592
24.1188373989449 5.76380811691284 1.18518335060076
29.3188019797009 6.67330780997872 1.57944277472704
35.6398666862159 7.80702486418188 2.01643882304456
43.2840457132679 9.64105753824115 2.49046755303024
52.6159841022494 10.8014753169566 2.90883342264092
63.9598664456533 11.7317875945568 3.31509336599315
77.6782306012072 14.9353033822775 4.75199444560473
94.4254743070645 19.2310222432017 6.68108122746981
114.783384342119 22.6469288571179 7.83095681889456
139.402576859509 25.4717479288578 8.99698376370957
169.457444353548 31.6563018882275 12.8675795781919
205.992070546701 38.8558566021919 16.878992370734
250.403476164714 41.1497058588266 17.9964819421821
304.111000316018 41.5300271171331 18.3653388054235
369.676616274388 45.1117422360182 20.6331691562507
370.015617281199 45.1117422360182 20.6331691562507
