0.0194894644874591 0.00333615723997355 0.00218499311226579
0.0195076157341004 0.00333615723997355 0.00218499311226579
0.0237857642758341 0.00333615723997355 0.00218499311226579
0.0289751533407639 0.00333615723997355 0.00218499311226579
0.0353295952008528 0.00557110249996185 0.00321201220447334
0.0430776079897431 0.00557110249996185 0.00321201220447334
0.0525248109854705 0.00557110249996185 0.00321201220447334
0.0639842569214767 0.00557110249996185 0.00321201220447334
0.0780164256484843 0.026372958291322 0.00674081539537215
0.0951259413457763 0.0321954281255603 0.00768614192566254
0.115879763425501 0.0480700499564409 0.00994012549495005
0.141292958337304 0.0633473820984364 0.0118935734727839
0.172279434178701 0.0825078398734331 0.015241009825424
0.209865992317914 0.105127977821976 0.0186720830877119
0.255890985901568 0.132167875785381 0.0247762248326926
0.312009563543217 0.164599152524024 0.0294911497376103
0.38043531466902 0.203321238495409 0.0368757601329241
0.46343566895498 0.249829241130501 0.0453061357947148
0.565070161778279 0.306002500932664 0.0553678567528028
0.688993767899097 0.375358782019466 0.0671737320407076
0.839312953924705 0.458866486698389 0.0832764744320073
1.02337980959966 0.559251689352095 0.101686724093997
1.24781373836652 0.68145718049258 0.122164894254893
1.52005182556254 0.827212141603231 0.1485884652221
1.85340919683382 1.00521738020703 0.18085364518456
2.25987403399019 1.2149945644848 0.218714029933258
2.75547928553902 1.46592206506059 0.264542470533777
3.35664786297863 1.76449179276824 0.322036584170652
4.09278283487131 2.11622078157961 0.389263918876714
4.99035705179775 2.51259886682034 0.468276093201023
6.07911350352992 2.94870064735413 0.565765787424816
7.41230311135561 3.41688817977905 0.668727379006599
9.0378699760597 3.97467364750803 0.821974696000904
11.0096806389473 4.53992682464421 0.944437281642164
13.424176075626 5.18158701777458 1.10870697461656
16.3681862552771 5.90764243260026 1.45410800826208
19.9578372466297 6.65719262219965 1.69397205977418
24.3120796063143 7.57807747513056 1.91423352133592
29.6438787011903 8.93235600396991 2.38253431987893
36.1449764347865 11.0317124977708 2.98809577476489
44.0308002110439 12.6357175469398 3.75748846421755
53.6870445354059 13.5885992276669 4.46029371173946
65.4609668034993 16.0882127720118 5.44162378260224
79.7427204343863 21.2264193998277 7.07852969683416
97.2308239417714 24.9941601008177 8.5156882829195
118.554183665887 27.4954495066404 10.800845034981
144.553896541102 28.4077575308084 11.6087337939561
176.091517165954 28.4077575308084 11.6087337939561
214.709546024206 28.4077575308084 11.6087337939561
214.909512828253 28.4077575308084 11.6087337939561
