0.0387145280838013 0.00803288996219635 0.00107068458090581
0.0387500300966981 0.00803288996219635 0.00107068458090581
0.0471044453893222 0.00803288996219635 0.00107068458090581
0.0572075924267726 0.00803288996219635 0.00107068458090581
0.0695414147188271 0.0166552963852882 0.0013025644638734
0.0845343800700255 0.0166552963852882 0.0013025644638734
0.102759793465761 0.0307124516367912 0.00121813109593316
0.12480011883934 0.0307124516367912 0.00121813109593316
0.151706730750372 0.0672363409399986 0.00373086548296465
0.184414344866082 0.0672363409399986 0.00373086548296465
0.223968260140912 0.10552868783474 0.0042480237258875
0.272255289929389 0.14264811091125 0.00399230304910269
0.330952889699195 0.172820244133472 0.0059997431322172
0.401936969428069 0.244492400945164 0.00945350177856985
0.488593634098557 0.310923575237393 0.00420482927645604
0.593933271729951 0.350090702892921 0.0101394988482114
0.721983887323196 0.461743006333709 0.0154456556572983
0.876837836074916 0.57935348123312 0.0126658533386351
1.06588200993944 0.69864648103714 0.0160717286611667
1.29568366278331 0.852251026928425 0.0190607380311899
1.57358699973863 1.05181040590629 0.0211774422835635
1.91284865352535 1.26334893971682 0.0298351763940049
2.32525432143345 1.51849761962891 0.03579171084099
2.82398402973895 1.85621933341026 0.0390395169453044
3.43282834044795 2.2599596700666 0.0467523941639586
4.17293805166172 2.88516756298137 0.0884260418986855
5.07261367480263 3.42380697011948 0.0927585594730775
6.16060784174659 4.02377743721008 0.0964913912493733
7.48882039375009 4.83670742124319 0.117302265999889
9.10339244608489 5.54193955183029 0.0982887069371305
11.055923925062 6.29743785500526 0.073634147564318
13.439555103751 6.66246842622757 0.0682224916468483
16.3370915548107 6.70968665838242 0.0772716723786443
19.8411353192228 6.71179094552994 0.0754083993575542
24.1188373989449 6.76527213215828 0.215730854829903
29.3188019797009 6.76527213215828 0.215730854829903
35.6398666862159 6.76527213215828 0.215730854829903
43.2840457132679 6.76527213215828 0.215730854829903
52.6159841022494 6.79205720901489 0.220797350304173
63.9598664456533 6.79205720901489 0.220797350304173
77.6782306012072 6.79205720901489 0.220797350304173
94.4254743070645 6.97093617677689 0.409649623916744
114.783384342119 7.57315105676651 0.131617564528485
139.402576859509 7.57331301689148 0.131525402739711
169.457444353548 7.57331301689148 0.131525402739711
205.992070546701 7.66437805891037 0.165249600316137
250.403476164714 7.81529921770096 0.248116363681551
304.111000316018 7.81529921770096 0.248116363681551
369.676616274388 7.85927774190903 0.284895171565434
370.015617281199 7.85927774190903 0.284895171565434
