0.0194894644874591 0.00803288996219635 0.00107068458090581
0.0195076157341004 0.00803288996219635 0.00107068458090581
0.0237857642758341 0.00803288996219635 0.00107068458090581
0.0289751533407639 0.00803288996219635 0.00107068458090581
0.0353295952008528 0.0166552963852882 0.0013025644638734
0.0430776079897431 0.0307124516367912 0.00121813109593316
0.0525248109854705 0.0307124516367912 0.00121813109593316
0.0639842569214767 0.0307124516367912 0.00121813109593316
0.0780164256484843 0.0474098634719849 0.00449079361804208
0.0951259413457763 0.0490680785477161 0.00276679990466679
0.115879763425501 0.0962507000565529 0.00355597099047558
0.141292958337304 0.126199281215668 0.00595496054238187
0.172279434178701 0.171189877390862 0.00432561207761962
0.209865992317914 0.224201083816588 0.00547662991604599
0.255890985901568 0.258427436994389 0.00554183273005653
0.312009563543217 0.332751639410853 0.00940822046113441
0.38043531466902 0.421194414496422 0.0114681771483175
0.46343566895498 0.499311383811291 0.0134449821449786
0.565070161778279 0.619526945408434 0.0185009539900562
0.688993767899097 0.773625727901235 0.022091008921719
0.839312953924705 0.944690369218588 0.0270289484969847
1.02337980959966 1.15433101266623 0.0306124436823509
1.24781373836652 1.40697694577277 0.0391591094393235
1.52005182556254 1.68618147133442 0.0425096216855846
1.85340919683382 2.08085280358791 0.0609662967982562
2.25987403399019 2.52143033474684 0.0684164801402724
2.75547928553902 2.92560838282108 0.0732521552150847
3.35664786297863 3.49841506123543 0.0684816797098024
4.09278283487131 4.09281598091126 0.0784801899593374
4.99035705179775 4.838842202425 0.0802446096236768
6.07911350352992 5.54877988576889 0.0689506650504265
7.41230311135561 6.65586017727852 0.0689775463516968
9.0378699760597 6.71179094552994 0.0754083993575542
11.0096806389473 6.71179094552994 0.0754083993575542
13.424176075626 6.71179094552994 0.0754083993575542
16.3681862552771 6.71179094552994 0.0754083993575542
19.9578372466297 6.76527213215828 0.215730854829903
24.3120796063143 6.76527213215828 0.215730854829903
29.6438787011903 6.79205720901489 0.220797350304173
36.1449764347865 6.79205720901489 0.220797350304173
44.0308002110439 6.79205720901489 0.220797350304173
53.6870445354059 6.79205720901489 0.220797350304173
65.4609668034993 6.97093617677689 0.409649623916744
79.7427204343863 6.97093617677689 0.409649623916744
97.2308239417714 7.57331301689148 0.131525402739711
118.554183665887 7.57331301689148 0.131525402739711
144.553896541102 7.75952966213226 0.271169205387034
176.091517165954 7.75952966213226 0.271169205387034
214.709546024206 7.85927774190903 0.284895171565434
214.909512828253 7.85927774190903 0.284895171565434
